,omer_02.jpg,tal_05.jpg,omer_07.jpg,tal_06.jpg,omer_06.jpg,omer_08.jpg,tal_01.jpg,omer_03.jpg,tal_07.jpg,tal_03.jpg,omer_04.jpg,omer_10.jpg,tal_09.jpg,tal_02.jpg,tal_08.jpg,omer_09.jpg,tal_10.jpg,omer_05.jpg,tal_04.jpg,matt_04.jpg,dom_10.jpg,dom_05.jpg,matt_08.jpg,dom_04.jpg,matt_02.jpg,matt_07.jpg,matt_06.jpg,matt_05.jpg,dom_07.jpg,dom_03.jpg,matt_03.jpg,matt_01.jpg,dom_06.jpg,matt_10.jpg,dom_01.jpg,dom_09.jpg,matt_09.jpg,dom_02.jpg,tess_03.jpg,taz_06.jpg,taz_04.jpg,taz_03.jpg,tess_01.jpg,tess_07.jpg,tess_05.jpg,taz_05.jpg,tess_02.jpg,tess_09.jpg,tess_06.jpg,taz_07.jpg,taz_02.jpg,tess_04.jpg,taz_09.jpg,tess_08.jpg,taz_08.jpg,taz_01.jpg,tess_10.jpg,taz_10.jpg,marina_07.jpg,tamar_04.jpg,tess_03.jpg.1,omer_02.jpg.1,marina_04.jpg,taz_06.jpg.1,taz_04.jpg.1,marina_01.jpg,matt_04.jpg.1,taz_03.jpg.1,dom_10.jpg.1,dom_05.jpg.1,tess_01.jpg.1,tal_05.jpg.1,marina_06.jpg,tamar_09.jpg,omer_07.jpg.1,tal_06.jpg.1,tess_07.jpg.1,matt_08.jpg.1,marina_08.jpg,omer_06.jpg.1,omer_08.jpg.1,tal_01.jpg.1,dom_04.jpg.1,tamar_10.jpg,omer_03.jpg.1,tamar_02.jpg,tamar_05.jpg,tal_07.jpg.1,tess_05.jpg.1,matt_02.jpg.1,tamar_07.jpg,tamar_03.jpg,tal_03.jpg.1,taz_05.jpg.1,marina_09.jpg,tess_02.jpg.1,matt_07.jpg.1,tess_09.jpg.1,tess_06.jpg.1,omer_04.jpg.1,omer_10.jpg.1,taz_07.jpg.1,tamar_01.jpg,marina_10.jpg,tal_09.jpg.1,matt_06.jpg.1,tamar_06.jpg,matt_05.jpg.1,taz_02.jpg.1,dom_07.jpg.1,marina_05.jpg,tal_02.jpg.1,tal_08.jpg.1,tess_04.jpg.1,taz_09.jpg.1,omer_09.jpg.1,dom_03.jpg.1,tal_10.jpg.1,matt_03.jpg.1,matt_01.jpg.1,omer_05.jpg.1,tess_08.jpg.1,marina_02.jpg,marina_03.jpg,tal_04.jpg.1,dom_06.jpg.1,matt_10.jpg.1,taz_08.jpg.1,taz_01.jpg.1,dom_01.jpg.1,dom_09.jpg.1,matt_09.jpg.1,tamar_08.jpg,tess_10.jpg.1,dom_02.jpg.1,taz_10.jpg.1,marina_07.jpg.1,tamar_04.jpg.1,marina_04.jpg.1,marina_01.jpg.1,marina_06.jpg.1,tamar_09.jpg.1,marina_08.jpg.1,tamar_10.jpg.1,tamar_02.jpg.1,tamar_05.jpg.1,tamar_07.jpg.1,tamar_03.jpg.1,marina_09.jpg.1,tamar_01.jpg.1,marina_10.jpg.1,tamar_06.jpg.1,marina_05.jpg.1,marina_02.jpg.1,marina_03.jpg.1,tamar_08.jpg.1
0,0.0,0.03677901133333334,0.025796888333333334,0.044544057,0.017526795333333334,0.019031427666666666,0.025441426,0.02598867,0.014998614666666667,0.031011084333333334,0.012768030333333331,0.03185290133333333,0.03364769,0.016033888,0.020017099333333333,0.028097838333333337,0.039755807666666663,0.025488362666666667,0.020350360999999997,0.016197514333333333,0.04289720466666667,0.013736089,0.01743749966666667,0.030979982,0.021623142999999997,0.03447461833333333,0.021081225666666665,0.013870473666666668,0.011308934166666666,0.017891708999999995,0.011835974666666667,0.016188969333333334,0.012257140666666666,0.012304144999999999,0.013381552666666666,0.011900200333333333,0.010761330333333334,0.030651668666666666,0.032414587333333335,0.028932106666666665,0.021458251666666667,0.03586565666666666,0.03369101066666667,0.02008059233333333,0.036259911666666665,0.028014980000000002,0.03550751666666666,0.029166691,0.03453204033333333,0.02511284366666667,0.0382318,0.020160629333333336,0.03901329233333333,0.025486269000000002,0.03192605366666666,0.03299214666666667,0.04096088333333334,0.020182208333333333,0.04848784000000001,0.04539863166666667,0.032414587333333335,0.0,0.05050341,0.028932106666666665,0.021458251666666667,0.055718518,0.016197514333333333,0.03586565666666666,0.04289720466666667,0.013736089,0.03369101066666667,0.03677901133333334,0.03968927333333334,0.033793161333333335,0.025796888333333334,0.044544057,0.02008059233333333,0.01743749966666667,0.04425814666666667,0.017526795333333334,0.019031427666666666,0.025441426,0.030979982,0.04723842200000001,0.02598867,0.04743394633333333,0.04314089166666667,0.014998614666666667,0.036259911666666665,0.021623142999999997,0.045345601,0.04570446666666667,0.031011084333333334,0.028014980000000002,0.04652106999999999,0.03550751666666666,0.03447461833333333,0.029166691,0.03453204033333333,0.012768030333333331,0.03185290133333333,0.02511284366666667,0.04299829,0.03921774533333333,0.03364769,0.021081225666666665,0.047125768,0.013870473666666668,0.0382318,0.011308934166666666,0.049564740999999995,0.016033888,0.020017099333333333,0.020160629333333336,0.03901329233333333,0.028097838333333337,0.017891708999999995,0.039755807666666663,0.011835974666666667,0.016188969333333334,0.025488362666666667,0.025486269000000002,0.033704346,0.03683714666666667,0.020350360999999997,0.012257140666666666,0.012304144999999999,0.03192605366666666,0.03299214666666667,0.013381552666666666,0.011900200333333333,0.010761330333333334,0.044989814333333336,0.04096088333333334,0.030651668666666666,0.020182208333333333,0.04848784000000001,0.04539863166666667,0.05050341,0.055718518,0.03968927333333334,0.033793161333333335,0.04425814666666667,0.04723842200000001,0.04743394633333333,0.04314089166666667,0.045345601,0.04570446666666667,0.04652106999999999,0.04299829,0.03921774533333333,0.047125768,0.049564740999999995,0.033704346,0.03683714666666667,0.044989814333333336
1,0.03677901133333334,0.0,0.030105408,0.041614679999999994,0.034260244333333335,0.03167136433333333,0.033121435,0.033744609999999994,0.033761736,0.027828142666666666,0.031381629333333334,0.028545995666666667,0.024338486,0.029934263333333332,0.032995057,0.027541626,0.027018954666666668,0.03517927333333334,0.028653315666666672,0.042767885666666665,0.032336922000000004,0.041668712000000004,0.03765531566666667,0.027245896333333335,0.03528071866666667,0.033830898666666664,0.036766973333333335,0.039674514999999994,0.043500108,0.038198340000000004,0.03994267666666666,0.04020307333333333,0.03887715333333333,0.04492867133333333,0.040364913333333335,0.04019971666666667,0.04016695766666666,0.03815039333333334,0.03246264066666667,0.030319881666666666,0.02603654266666667,0.025404955999999996,0.02518969766666667,0.03942493799999999,0.026538883333333332,0.030590891666666665,0.02922297833333333,0.02859407666666667,0.023453031000000003,0.03454054399999999,0.025021247666666666,0.03501404833333333,0.024162449666666665,0.032393940333333336,0.031626708999999996,0.029833412666666666,0.03644108766666667,0.03160512233333333,0.03250592,0.04175253666666667,0.03246264066666667,0.03677901133333334,0.039881015,0.030319881666666666,0.02603654266666667,0.032652519000000005,0.042767885666666665,0.025404955999999996,0.032336922000000004,0.041668712000000004,0.02518969766666667,0.0,0.03870023866666667,0.028125347666666668,0.030105408,0.041614679999999994,0.03942493799999999,0.03765531566666667,0.02968396533333333,0.034260244333333335,0.03167136433333333,0.033121435,0.027245896333333335,0.03477863333333333,0.033744609999999994,0.030742621666666668,0.03533178833333333,0.033761736,0.026538883333333332,0.03528071866666667,0.038602389,0.03258890433333333,0.027828142666666666,0.030590891666666665,0.030884092999999998,0.02922297833333333,0.033830898666666664,0.02859407666666667,0.023453031000000003,0.031381629333333334,0.028545995666666667,0.03454054399999999,0.035713764,0.027893831333333334,0.024338486,0.036766973333333335,0.035149342,0.039674514999999994,0.025021247666666666,0.043500108,0.03389720133333333,0.029934263333333332,0.032995057,0.03501404833333333,0.024162449666666665,0.027541626,0.038198340000000004,0.027018954666666668,0.03994267666666666,0.04020307333333333,0.03517927333333334,0.032393940333333336,0.027913175,0.031787463,0.028653315666666672,0.03887715333333333,0.04492867133333333,0.031626708999999996,0.029833412666666666,0.040364913333333335,0.04019971666666667,0.04016695766666666,0.03094655266666667,0.03644108766666667,0.03815039333333334,0.03160512233333333,0.03250592,0.04175253666666667,0.039881015,0.032652519000000005,0.03870023866666667,0.028125347666666668,0.02968396533333333,0.03477863333333333,0.030742621666666668,0.03533178833333333,0.038602389,0.03258890433333333,0.030884092999999998,0.035713764,0.027893831333333334,0.035149342,0.03389720133333333,0.027913175,0.031787463,0.03094655266666667
2,0.025796888333333334,0.030105408,1.9868214999999996e-09,0.036612534999999995,0.016012625,0.012299047,0.012627391333333333,0.021674138333333332,0.016085974,0.015985206999999998,0.016625670666666665,0.03779149766666667,0.026548314,0.018759767666666666,0.012252964333333333,0.01889042466666667,0.023711957333333332,0.020217539666666666,0.015761606,0.030171382333333333,0.03810894233333333,0.017730619666666666,0.029133540333333333,0.03496560733333333,0.018307956,0.03840203133333333,0.018854838666666665,0.019266621666666667,0.024004285,0.013491275,0.018286426999999997,0.024056657,0.014512765333333334,0.025703805333333333,0.02638586733333333,0.024212579,0.026220122999999998,0.026264943666666665,0.018807689666666665,0.017125173666666667,0.016935431999999997,0.019435421666666668,0.01646171,0.020043603666666666,0.019595998333333333,0.011397373666666665,0.028904289000000003,0.014029214666666668,0.017473956000000002,0.021596423666666666,0.018563199333333332,0.022835874,0.019761276333333334,0.014428645333333334,0.020504047666666667,0.016762476999999998,0.026165087666666666,0.013747952333333334,0.039749846666666665,0.047985073,0.018807689666666665,0.025796888333333334,0.04441881,0.017125173666666667,0.016935431999999997,0.043280538333333334,0.030171382333333333,0.019435421666666668,0.03810894233333333,0.017730619666666666,0.01646171,0.030105408,0.036413405333333336,0.020031930666666663,1.9868214999999996e-09,0.036612534999999995,0.020043603666666666,0.029133540333333333,0.03157895,0.016012625,0.012299047,0.012627391333333333,0.03496560733333333,0.03615327233333333,0.021674138333333332,0.03734829033333333,0.032592994,0.016085974,0.019595998333333333,0.018307956,0.040485895333333334,0.032945851,0.015985206999999998,0.011397373666666665,0.025891469333333337,0.028904289000000003,0.03840203133333333,0.014029214666666668,0.017473956000000002,0.016625670666666665,0.03779149766666667,0.021596423666666666,0.03354221166666667,0.02839838233333333,0.026548314,0.018854838666666665,0.032223592333333335,0.019266621666666667,0.018563199333333332,0.024004285,0.039841143333333336,0.018759767666666666,0.012252964333333333,0.022835874,0.019761276333333334,0.01889042466666667,0.013491275,0.023711957333333332,0.018286426999999997,0.024056657,0.020217539666666666,0.014428645333333334,0.022430204999999998,0.014091839333333333,0.015761606,0.014512765333333334,0.025703805333333333,0.020504047666666667,0.016762476999999998,0.02638586733333333,0.024212579,0.026220122999999998,0.03632670833333333,0.026165087666666666,0.026264943666666665,0.013747952333333334,0.039749846666666665,0.047985073,0.04441881,0.043280538333333334,0.036413405333333336,0.020031930666666663,0.03157895,0.03615327233333333,0.03734829033333333,0.032592994,0.040485895333333334,0.032945851,0.025891469333333337,0.03354221166666667,0.02839838233333333,0.032223592333333335,0.039841143333333336,0.022430204999999998,0.014091839333333333,0.03632670833333333
3,0.044544057,0.041614679999999994,0.036612534999999995,5.960464333333333e-09,0.035596568999999995,0.047844048,0.03238534266666667,0.038082005,0.04408717666666666,0.026900565333333334,0.04595315333333334,0.04187140333333333,0.042270058666666666,0.04106523666666666,0.04052102999999999,0.045774843333333336,0.03763447899999999,0.04344326266666667,0.03488318133333333,0.03862365266666667,0.027166102333333334,0.04665211833333333,0.04191544333333333,0.035519445000000004,0.034312164666666665,0.047611133,0.04385642866666666,0.03958877,0.04531921333333333,0.04162419466666667,0.04480587666666667,0.039017903333333326,0.04521528666666666,0.044288963333333334,0.035944599,0.044562123333333335,0.04378567466666667,0.029187617333333336,0.03167439566666667,0.03018558,0.03671667966666667,0.033335098333333334,0.040412493333333334,0.038159852333333334,0.029663312,0.04037231033333333,0.02659527466666667,0.036515462,0.038378890000000006,0.031315789999999996,0.03484714,0.043994741999999996,0.035472795,0.03925625,0.032506096666666665,0.02882489766666667,0.019222365,0.037762783,0.02238821233333333,0.022376455333333333,0.03167439566666667,0.044544057,0.014206593666666666,0.03018558,0.03671667966666667,0.03600488999999999,0.03862365266666667,0.033335098333333334,0.027166102333333334,0.04665211833333333,0.040412493333333334,0.041614679999999994,0.030664539333333338,0.024093399666666668,0.036612534999999995,5.960464333333333e-09,0.038159852333333334,0.04191544333333333,0.030908707666666667,0.035596568999999995,0.047844048,0.03238534266666667,0.035519445000000004,0.019536211,0.038082005,0.027518927999999998,0.023081914666666665,0.04408717666666666,0.029663312,0.034312164666666665,0.017467036,0.032762810999999996,0.026900565333333334,0.04037231033333333,0.033478890000000004,0.02659527466666667,0.047611133,0.036515462,0.038378890000000006,0.04595315333333334,0.04187140333333333,0.031315789999999996,0.019613966666666666,0.034467733333333334,0.042270058666666666,0.04385642866666666,0.024983992333333333,0.03958877,0.03484714,0.04531921333333333,0.025068871333333336,0.04106523666666666,0.04052102999999999,0.043994741999999996,0.035472795,0.045774843333333336,0.04162419466666667,0.03763447899999999,0.04480587666666667,0.039017903333333326,0.04344326266666667,0.03925625,0.03846666566666667,0.035670181333333335,0.03488318133333333,0.04521528666666666,0.044288963333333334,0.032506096666666665,0.02882489766666667,0.035944599,0.044562123333333335,0.04378567466666667,0.024063205666666664,0.019222365,0.029187617333333336,0.037762783,0.02238821233333333,0.022376455333333333,0.014206593666666666,0.03600488999999999,0.030664539333333338,0.024093399666666668,0.030908707666666667,0.019536211,0.027518927999999998,0.023081914666666665,0.017467036,0.032762810999999996,0.033478890000000004,0.019613966666666666,0.034467733333333334,0.024983992333333333,0.025068871333333336,0.03846666566666667,0.035670181333333335,0.024063205666666664
4,0.017526795333333334,0.034260244333333335,0.016012625,0.035596568999999995,7.947285999999998e-09,0.015256691,0.012805088666666667,0.026443934333333332,0.011964643,0.016707412666666668,0.015167312,0.03943570666666667,0.031051014333333335,0.011974467666666665,0.010434863866666666,0.022280303666666668,0.025687124333333332,0.025957491,0.0091726025,0.018176987,0.029798658333333335,0.017849338,0.027319024,0.029342575666666666,0.009520091666666668,0.040277603333333335,0.018553698333333334,0.013802400999999999,0.02104000666666667,0.015223702000000002,0.011445844,0.02263751066666667,0.012493131333333332,0.01789569066666667,0.016928271333333335,0.020417277,0.01796460366666667,0.024962941333333336,0.017319105,0.020377212666666665,0.014052891999999999,0.022664426,0.027263227666666667,0.014970119666666667,0.020299150666666668,0.018947692333333332,0.025234773333333335,0.014353464000000002,0.026814616,0.017164945333333334,0.026042701666666668,0.022445339,0.023908068999999997,0.015915938333333334,0.024939302666666666,0.020313867333333336,0.030373879333333333,0.012650619,0.04004268666666667,0.039298483333333335,0.017319105,0.017526795333333334,0.04258163433333333,0.020377212666666665,0.014052891999999999,0.04869605566666667,0.018176987,0.022664426,0.029798658333333335,0.017849338,0.027263227666666667,0.034260244333333335,0.03637992,0.016559169999999998,0.016012625,0.035596568999999995,0.014970119666666667,0.027319024,0.030414155666666665,7.947285999999998e-09,0.015256691,0.012805088666666667,0.029342575666666666,0.03627400833333334,0.026443934333333332,0.03825230999999999,0.033313376666666665,0.011964643,0.020299150666666668,0.009520091666666668,0.03954824666666667,0.04186431666666667,0.016707412666666668,0.018947692333333332,0.033383915666666666,0.025234773333333335,0.040277603333333335,0.014353464000000002,0.026814616,0.015167312,0.03943570666666667,0.017164945333333334,0.03671560666666666,0.028702362666666665,0.031051014333333335,0.018553698333333334,0.037633983333333336,0.013802400999999999,0.026042701666666668,0.02104000666666667,0.04191050166666666,0.011974467666666665,0.010434863866666666,0.022445339,0.023908068999999997,0.022280303666666668,0.015223702000000002,0.025687124333333332,0.011445844,0.02263751066666667,0.025957491,0.015915938333333334,0.028943665333333334,0.019793771,0.0091726025,0.012493131333333332,0.01789569066666667,0.024939302666666666,0.020313867333333336,0.016928271333333335,0.020417277,0.01796460366666667,0.03675257366666666,0.030373879333333333,0.024962941333333336,0.012650619,0.04004268666666667,0.039298483333333335,0.04258163433333333,0.04869605566666667,0.03637992,0.016559169999999998,0.030414155666666665,0.03627400833333334,0.03825230999999999,0.033313376666666665,0.03954824666666667,0.04186431666666667,0.033383915666666666,0.03671560666666666,0.028702362666666665,0.037633983333333336,0.04191050166666666,0.028943665333333334,0.019793771,0.03675257366666666
5,0.019031427666666666,0.03167136433333333,0.012299047,0.047844048,0.015256691,0.0,0.015020904333333333,0.021124088666666666,0.009005276333333334,0.026332778,0.009777850000000001,0.03537544233333333,0.02536176433333333,0.014338926333333333,0.013320376333333333,0.015216827,0.02950691,0.015321509333333334,0.018199585,0.02484680233333333,0.043794165,0.011272758333333332,0.026669985333333333,0.03472633,0.017867241,0.032338146666666664,0.014921696866666667,0.014199443666666667,0.018231984,0.0088846942,0.010477340333333333,0.019486544333333335,0.008094529466666667,0.018972206,0.025183892333333333,0.017052074333333334,0.019451205333333332,0.02854034533333333,0.026811107999999997,0.025419993999999998,0.021529524,0.028903912333333337,0.023749446666666667,0.021179421666666663,0.029525484333333338,0.01717483233333333,0.03657078166666667,0.020111086,0.026452164,0.027953855333333336,0.02892497166666667,0.019714436999999998,0.027714111666666666,0.019368662333333335,0.029746684666666665,0.027778985333333332,0.03519333,0.018424334,0.04821521166666667,0.051717395666666666,0.026811107999999997,0.019031427666666666,0.052169311333333336,0.025419993999999998,0.021529524,0.04850708666666667,0.02484680233333333,0.028903912333333337,0.043794165,0.011272758333333332,0.023749446666666667,0.03167136433333333,0.039229096666666664,0.030062185999999998,0.012299047,0.047844048,0.021179421666666663,0.026669985333333333,0.037821371,0.015256691,0.0,0.015020904333333333,0.03472633,0.04521532166666667,0.021124088666666666,0.04523522866666666,0.04125201766666667,0.009005276333333334,0.029525484333333338,0.017867241,0.048358674333333324,0.04171548766666667,0.026332778,0.01717483233333333,0.03364909333333333,0.03657078166666667,0.032338146666666664,0.020111086,0.026452164,0.009777850000000001,0.03537544233333333,0.027953855333333336,0.043565570000000005,0.032974002,0.02536176433333333,0.014921696866666667,0.042412960000000006,0.014199443666666667,0.02892497166666667,0.018231984,0.04816121066666666,0.014338926333333333,0.013320376333333333,0.019714436999999998,0.027714111666666666,0.015216827,0.0088846942,0.02950691,0.010477340333333333,0.019486544333333335,0.015321509333333334,0.019368662333333335,0.028871829333333335,0.021407864333333335,0.018199585,0.008094529466666667,0.018972206,0.029746684666666665,0.027778985333333332,0.025183892333333333,0.017052074333333334,0.019451205333333332,0.04395875666666667,0.03519333,0.02854034533333333,0.018424334,0.04821521166666667,0.051717395666666666,0.052169311333333336,0.04850708666666667,0.039229096666666664,0.030062185999999998,0.037821371,0.04521532166666667,0.04523522866666666,0.04125201766666667,0.048358674333333324,0.04171548766666667,0.03364909333333333,0.043565570000000005,0.032974002,0.042412960000000006,0.04816121066666666,0.028871829333333335,0.021407864333333335,0.04395875666666667
6,0.025441426,0.033121435,0.012627391333333333,0.03238534266666667,0.012805088666666667,0.015020904333333333,7.947285999999998e-09,0.01921528366666667,0.014850624666666668,0.013478219666666668,0.018547310333333334,0.037621956666666664,0.022735800333333334,0.014877079,0.014824364666666668,0.018067477,0.025859397666666666,0.019073885999999998,0.016238562333333335,0.024081248,0.034405099,0.017107749,0.030486820333333334,0.029388108,0.009468468,0.03370401666666667,0.021614249666666665,0.015186754666666667,0.021564902666666667,0.011563217666666665,0.016976938666666667,0.019705482333333336,0.014455577,0.025686598,0.022036708999999998,0.023682679666666664,0.023621139333333332,0.016605582,0.022234743666666668,0.02054073433333333,0.020765417666666668,0.025029264,0.028062669666666665,0.021724786,0.022267870333333332,0.01974075866666667,0.030767694666666668,0.019829549000000002,0.025637636666666668,0.023729252333333332,0.025777518666666666,0.025593302666666665,0.026069071,0.02221387666666667,0.029753776666666665,0.022267639333333332,0.026702173666666666,0.021301126333333333,0.04151915766666667,0.045881460000000006,0.022234743666666668,0.025441426,0.042774581,0.02054073433333333,0.020765417666666668,0.047466461333333335,0.024081248,0.025029264,0.034405099,0.017107749,0.028062669666666665,0.033121435,0.035746169,0.018485144999999998,0.012627391333333333,0.03238534266666667,0.021724786,0.030486820333333334,0.031193467,0.012805088666666667,0.015020904333333333,7.947285999999998e-09,0.029388108,0.03613718,0.01921528366666667,0.039310187999999996,0.03326022666666666,0.014850624666666668,0.022267870333333332,0.009468468,0.04236425966666667,0.0422746,0.013478219666666668,0.01974075866666667,0.02698046566666667,0.030767694666666668,0.03370401666666667,0.019829549000000002,0.025637636666666668,0.018547310333333334,0.037621956666666664,0.023729252333333332,0.036583687999999996,0.024464277333333333,0.022735800333333334,0.021614249666666665,0.03967181,0.015186754666666667,0.025777518666666666,0.021564902666666667,0.04247530333333334,0.014877079,0.014824364666666668,0.025593302666666665,0.026069071,0.018067477,0.011563217666666665,0.025859397666666666,0.016976938666666667,0.019705482333333336,0.019073885999999998,0.02221387666666667,0.02831123666666667,0.018181218666666665,0.016238562333333335,0.014455577,0.025686598,0.029753776666666665,0.022267639333333332,0.022036708999999998,0.023682679666666664,0.023621139333333332,0.03897736166666667,0.026702173666666666,0.016605582,0.021301126333333333,0.04151915766666667,0.045881460000000006,0.042774581,0.047466461333333335,0.035746169,0.018485144999999998,0.031193467,0.03613718,0.039310187999999996,0.03326022666666666,0.04236425966666667,0.0422746,0.02698046566666667,0.036583687999999996,0.024464277333333333,0.03967181,0.04247530333333334,0.02831123666666667,0.018181218666666665,0.03897736166666667
7,0.02598867,0.033744609999999994,0.021674138333333332,0.038082005,0.026443934333333332,0.021124088666666666,0.01921528366666667,3.973642999999999e-09,0.021595015,0.029044079,0.013891428666666667,0.022293490333333332,0.013058581000000001,0.024362532333333336,0.033529706666666666,0.010661514666666667,0.026891704333333332,0.011623964666666669,0.030510662333333334,0.025246372333333333,0.032613197999999996,0.026026678666666667,0.030527530333333334,0.022874834,0.018840509666666668,0.018509987999999998,0.03161256933333333,0.02225553433333333,0.02551601333333333,0.022132635,0.023806844,0.015132157,0.024843532,0.03257886533333333,0.028742800000000002,0.025933373333333336,0.026252993,0.014065420666666665,0.04142682166666667,0.03451242266666667,0.034933791666666665,0.03975933,0.040057051333333336,0.03776047166666666,0.037801046666666664,0.03256502433333333,0.04206774333333333,0.036570284333333335,0.037224177666666663,0.04125524366666666,0.03477707233333333,0.030374729666666666,0.032759458,0.03952175333333333,0.041586676666666676,0.039343184999999996,0.035180413666666674,0.033991064333333335,0.038445358333333325,0.043014765,0.04142682166666667,0.02598867,0.043503592333333334,0.03451242266666667,0.034933791666666665,0.04860405833333334,0.025246372333333333,0.03975933,0.032613197999999996,0.026026678666666667,0.040057051333333336,0.033744609999999994,0.032507922333333335,0.03419927233333333,0.021674138333333332,0.038082005,0.03776047166666666,0.030527530333333334,0.029565531,0.026443934333333332,0.021124088666666666,0.01921528366666667,0.022874834,0.033942572,3.973642999999999e-09,0.03671858666666667,0.034028135,0.021595015,0.037801046666666664,0.018840509666666668,0.044430008,0.04803515999999999,0.029044079,0.03256502433333333,0.031523674999999994,0.04206774333333333,0.018509987999999998,0.036570284333333335,0.037224177666666663,0.013891428666666667,0.022293490333333332,0.04125524366666666,0.042402225,0.02490322,0.013058581000000001,0.03161256933333333,0.039137271999999994,0.02225553433333333,0.03477707233333333,0.02551601333333333,0.041825513333333335,0.024362532333333336,0.033529706666666666,0.030374729666666666,0.032759458,0.010661514666666667,0.022132635,0.026891704333333332,0.023806844,0.015132157,0.011623964666666669,0.03952175333333333,0.03483392533333333,0.02975959,0.030510662333333334,0.024843532,0.03257886533333333,0.041586676666666676,0.039343184999999996,0.028742800000000002,0.025933373333333336,0.026252993,0.04113287133333333,0.035180413666666674,0.014065420666666665,0.033991064333333335,0.038445358333333325,0.043014765,0.043503592333333334,0.04860405833333334,0.032507922333333335,0.03419927233333333,0.029565531,0.033942572,0.03671858666666667,0.034028135,0.044430008,0.04803515999999999,0.031523674999999994,0.042402225,0.02490322,0.039137271999999994,0.041825513333333335,0.03483392533333333,0.02975959,0.04113287133333333
8,0.014998614666666667,0.033761736,0.016085974,0.04408717666666666,0.011964643,0.009005276333333334,0.014850624666666668,0.021595015,0.0,0.026150695666666664,0.012212634,0.03470402533333334,0.021838392666666664,0.00613271,0.013583028333333334,0.016623538666666667,0.029985568666666667,0.012565853333333333,0.011818715,0.018152443666666667,0.038973728666666665,0.013600057333333334,0.024168823,0.028484465666666667,0.012776221666666665,0.030895229,0.020012674666666667,0.0075159131666666665,0.016978933333333335,0.011926533666666668,0.008141005,0.017759835666666668,0.009329134333333333,0.021269113,0.018286804333333333,0.011294219999999999,0.013260154,0.019903154666666662,0.029177220666666667,0.024982752,0.019364673,0.02609815,0.02450911333333333,0.022583190666666666,0.02580992166666667,0.018497918,0.028942710666666666,0.022025239333333335,0.025794385,0.02945867,0.027762771,0.022708541000000002,0.026121974333333336,0.019056310333333333,0.02884068266666667,0.028526056,0.030335062333333333,0.017640257,0.045943751666666664,0.04585657533333333,0.029177220666666667,0.014998614666666667,0.04630629666666666,0.024982752,0.019364673,0.04607207833333333,0.018152443666666667,0.02609815,0.038973728666666665,0.013600057333333334,0.02450911333333333,0.033761736,0.030876534999999997,0.028593455333333333,0.016085974,0.04408717666666666,0.022583190666666666,0.024168823,0.03139097766666667,0.011964643,0.009005276333333334,0.014850624666666668,0.028484465666666667,0.040815901999999994,0.021595015,0.03937345366666666,0.03374737133333334,0.0,0.02580992166666667,0.012776221666666665,0.04302689,0.039268816666666664,0.026150695666666664,0.018497918,0.031471708999999994,0.028942710666666666,0.030895229,0.022025239333333335,0.025794385,0.012212634,0.03470402533333334,0.02945867,0.03798231466666667,0.02416961,0.021838392666666664,0.020012674666666667,0.039538427333333334,0.0075159131666666665,0.027762771,0.016978933333333335,0.04208025833333333,0.00613271,0.013583028333333334,0.022708541000000002,0.026121974333333336,0.016623538666666667,0.011926533666666668,0.029985568666666667,0.008141005,0.017759835666666668,0.012565853333333333,0.019056310333333333,0.024662038333333337,0.019351921333333338,0.011818715,0.009329134333333333,0.021269113,0.02884068266666667,0.028526056,0.018286804333333333,0.011294219999999999,0.013260154,0.03759288,0.030335062333333333,0.019903154666666662,0.017640257,0.045943751666666664,0.04585657533333333,0.04630629666666666,0.04607207833333333,0.030876534999999997,0.028593455333333333,0.03139097766666667,0.040815901999999994,0.03937345366666666,0.03374737133333334,0.04302689,0.039268816666666664,0.031471708999999994,0.03798231466666667,0.02416961,0.039538427333333334,0.04208025833333333,0.024662038333333337,0.019351921333333338,0.03759288
9,0.031011084333333334,0.027828142666666666,0.015985206999999998,0.026900565333333334,0.016707412666666668,0.026332778,0.013478219666666668,0.029044079,0.026150695666666664,0.0,0.025991000666666663,0.04074518666666667,0.028582048333333335,0.024170849333333334,0.018975846,0.029249328666666668,0.024073394,0.03291977566666667,0.017175356666666666,0.031736956000000004,0.029123092,0.028228922333333333,0.029944064333333336,0.033707759999999996,0.015306810333333334,0.04055890166666667,0.03076582766666667,0.026155946333333336,0.028239202666666668,0.022723593333333333,0.027917266000000003,0.028824846,0.025078912666666668,0.033666803333333335,0.025876895666666667,0.032800420000000004,0.03384728133333333,0.025295255333333336,0.014168519,0.012208024666666666,0.012971272333333334,0.012967280666666666,0.020040371,0.02204765266666667,0.010631873333333335,0.016620826666666665,0.022723120333333333,0.014280666666666667,0.014620252333333332,0.01572179,0.013322625666666666,0.027310967333333335,0.019516096666666666,0.019079294,0.018928712666666667,0.010040859333333334,0.026851942333333333,0.015824385333333336,0.030870261,0.039003863333333326,0.014168519,0.031011084333333334,0.035341355000000005,0.012208024666666666,0.012971272333333334,0.042512546666666665,0.031736956000000004,0.012967280666666666,0.029123092,0.028228922333333333,0.020040371,0.027828142666666666,0.03704457866666666,0.0068472206666666665,0.015985206999999998,0.026900565333333334,0.02204765266666667,0.029944064333333336,0.028109876666666665,0.016707412666666668,0.026332778,0.013478219666666668,0.033707759999999996,0.028408240666666664,0.029044079,0.03268582033333333,0.027953630666666666,0.026150695666666664,0.010631873333333335,0.015306810333333334,0.03386529466666667,0.033860645333333335,0.0,0.016620826666666665,0.030061586666666664,0.022723120333333333,0.04055890166666667,0.014280666666666667,0.014620252333333332,0.025991000666666663,0.04074518666666667,0.01572179,0.02807277066666667,0.025799900333333334,0.028582048333333335,0.03076582766666667,0.03281981666666666,0.026155946333333336,0.013322625666666666,0.028239202666666668,0.03353630333333334,0.024170849333333334,0.018975846,0.027310967333333335,0.019516096666666666,0.029249328666666668,0.022723593333333333,0.024073394,0.027917266000000003,0.028824846,0.03291977566666667,0.019079294,0.022664589,0.024816135666666666,0.017175356666666666,0.025078912666666668,0.033666803333333335,0.018928712666666667,0.010040859333333334,0.025876895666666667,0.032800420000000004,0.03384728133333333,0.030485157333333335,0.026851942333333333,0.025295255333333336,0.015824385333333336,0.030870261,0.039003863333333326,0.035341355000000005,0.042512546666666665,0.03704457866666666,0.0068472206666666665,0.028109876666666665,0.028408240666666664,0.03268582033333333,0.027953630666666666,0.03386529466666667,0.033860645333333335,0.030061586666666664,0.02807277066666667,0.025799900333333334,0.03281981666666666,0.03353630333333334,0.022664589,0.024816135666666666,0.030485157333333335
10,0.012768030333333331,0.031381629333333334,0.016625670666666665,0.04595315333333334,0.015167312,0.009777850000000001,0.018547310333333334,0.013891428666666667,0.012212634,0.025991000666666663,3.973642999999999e-09,0.028349642,0.02046651,0.016410029,0.019590497333333335,0.011855282333333333,0.027948749000000002,0.01839265433333333,0.02054095233333333,0.021825937333333333,0.03782009100000001,0.013435987666666668,0.02122346933333333,0.025923023333333333,0.016922444,0.027216954666666668,0.02073048933333333,0.01518602,0.014072163666666667,0.013926881333333333,0.012037489666666668,0.015206372999999999,0.0120405555,0.018727378000000003,0.022228829333333328,0.018387134333333333,0.017083982666666667,0.025552151333333335,0.031079004,0.028376657000000003,0.02157749133333333,0.03344087166666667,0.030348257666666666,0.022068798333333337,0.033411438999999994,0.023501935000000005,0.03755553766666667,0.024527402666666663,0.030350035333333334,0.028850189999999998,0.03130978166666667,0.018727773333333333,0.030253067999999998,0.024923599,0.03246774333333333,0.03133481133333334,0.03870600866666666,0.018654305,0.04508375333333333,0.04798290666666667,0.031079004,0.012768030333333331,0.05065435233333333,0.028376657000000003,0.02157749133333333,0.051639151333333334,0.021825937333333333,0.03344087166666667,0.03782009100000001,0.013435987666666668,0.030348257666666666,0.031381629333333334,0.03933738466666667,0.030385879666666667,0.016625670666666665,0.04595315333333334,0.022068798333333337,0.02122346933333333,0.03564035666666667,0.015167312,0.009777850000000001,0.018547310333333334,0.025923023333333333,0.041491606,0.013891428666666667,0.04270435166666666,0.04001121133333333,0.012212634,0.033411438999999994,0.016922444,0.04754454500000001,0.04594692866666666,0.025991000666666663,0.023501935000000005,0.03683212,0.03755553766666667,0.027216954666666668,0.024527402666666663,0.030350035333333334,3.973642999999999e-09,0.028349642,0.028850189999999998,0.04408010766666667,0.031530057666666673,0.02046651,0.02073048933333333,0.04282326,0.01518602,0.03130978166666667,0.014072163666666667,0.047648231666666666,0.016410029,0.019590497333333335,0.018727773333333333,0.030253067999999998,0.011855282333333333,0.013926881333333333,0.027948749000000002,0.012037489666666668,0.015206372999999999,0.01839265433333333,0.024923599,0.03060531,0.028254852333333337,0.02054095233333333,0.0120405555,0.018727378000000003,0.03246774333333333,0.03133481133333334,0.022228829333333328,0.018387134333333333,0.017083982666666667,0.043973374333333336,0.03870600866666666,0.025552151333333335,0.018654305,0.04508375333333333,0.04798290666666667,0.05065435233333333,0.051639151333333334,0.03933738466666667,0.030385879666666667,0.03564035666666667,0.041491606,0.04270435166666666,0.04001121133333333,0.04754454500000001,0.04594692866666666,0.03683212,0.04408010766666667,0.031530057666666673,0.04282326,0.047648231666666666,0.03060531,0.028254852333333337,0.043973374333333336
11,0.03185290133333333,0.028545995666666667,0.03779149766666667,0.04187140333333333,0.03943570666666667,0.03537544233333333,0.037621956666666664,0.022293490333333332,0.03470402533333334,0.04074518666666667,0.028349642,1.9868214999999996e-09,0.023463845333333334,0.037083198666666664,0.046175676666666665,0.02770625133333333,0.038996656666666664,0.027151516666666663,0.040116469999999994,0.030232162666666666,0.037683020666666664,0.040826183333333335,0.033052258333333334,0.028677739666666667,0.033553027666666665,0.022595781,0.03643717666666667,0.033954195,0.03757981066666667,0.038589116666666666,0.037374445,0.02786595033333333,0.03839861333333334,0.038229827,0.03304171433333333,0.03294484833333333,0.03521898466666666,0.030123961666666664,0.048799661999999994,0.03774778833333334,0.039668209999999995,0.043662686666666665,0.043273786999999994,0.045689706000000004,0.043657072,0.040852613333333336,0.04352409066666666,0.04625540133333333,0.040365517666666656,0.046712165666666666,0.03942519433333334,0.03382750666666667,0.04015981333333333,0.047796272,0.04363545,0.045636376666666666,0.042081546666666664,0.04248073666666666,0.03588347633333333,0.03773222899999999,0.048799661999999994,0.03185290133333333,0.037829118999999994,0.03774778833333334,0.039668209999999995,0.03788638866666667,0.030232162666666666,0.043662686666666665,0.037683020666666664,0.040826183333333335,0.043273786999999994,0.028545995666666667,0.026810718999999997,0.043345749999999995,0.03779149766666667,0.04187140333333333,0.045689706000000004,0.033052258333333334,0.03452060533333333,0.03943570666666667,0.03537544233333333,0.037621956666666664,0.028677739666666667,0.034211507999999995,0.022293490333333332,0.034785068,0.03132290233333333,0.03470402533333334,0.043657072,0.033553027666666665,0.038231184,0.040173498,0.04074518666666667,0.040852613333333336,0.03635322766666667,0.04352409066666666,0.022595781,0.04625540133333333,0.040365517666666656,0.028349642,1.9868214999999996e-09,0.046712165666666666,0.03806776,0.03310278066666667,0.023463845333333334,0.03643717666666667,0.03829575833333333,0.033954195,0.03942519433333334,0.03757981066666667,0.036067779999999994,0.037083198666666664,0.046175676666666665,0.03382750666666667,0.04015981333333333,0.02770625133333333,0.038589116666666666,0.038996656666666664,0.037374445,0.02786595033333333,0.027151516666666663,0.047796272,0.033312134,0.04048545333333333,0.040116469999999994,0.03839861333333334,0.038229827,0.04363545,0.045636376666666666,0.03304171433333333,0.03294484833333333,0.03521898466666666,0.03647589733333333,0.042081546666666664,0.030123961666666664,0.04248073666666666,0.03588347633333333,0.03773222899999999,0.037829118999999994,0.03788638866666667,0.026810718999999997,0.043345749999999995,0.03452060533333333,0.034211507999999995,0.034785068,0.03132290233333333,0.038231184,0.040173498,0.03635322766666667,0.03806776,0.03310278066666667,0.03829575833333333,0.036067779999999994,0.033312134,0.04048545333333333,0.03647589733333333
12,0.03364769,0.024338486,0.026548314,0.042270058666666666,0.031051014333333335,0.02536176433333333,0.022735800333333334,0.013058581000000001,0.021838392666666664,0.028582048333333335,0.02046651,0.023463845333333334,1.9868214999999996e-09,0.022229316,0.03453568,0.009826141333333335,0.021141517333333335,0.01493665,0.027990037000000002,0.03364664333333334,0.027471342666666666,0.03502635266666666,0.03893469,0.020065101,0.023172126333333334,0.019720351666666667,0.038953666666666664,0.028392896999999997,0.035331416,0.031265924333333334,0.031692084,0.027867756,0.03267768,0.044149829999999994,0.03493740566666667,0.03162188133333333,0.03340207666666666,0.017063441000000002,0.04184393533333333,0.03568809833333333,0.03499668866666667,0.03294680666666667,0.034208548,0.04441853333333333,0.031641683999999996,0.033257462333333335,0.036148985333333335,0.035519810000000006,0.030219986666666667,0.04445891666666667,0.028124594999999995,0.03887297,0.024994305666666664,0.038945774999999995,0.039505931999999994,0.038029398333333325,0.034225809333333336,0.03555658166666667,0.03507877366666667,0.041606937,0.04184393533333333,0.03364769,0.039777230000000004,0.03568809833333333,0.03499668866666667,0.036972669666666666,0.03364664333333334,0.03294680666666667,0.027471342666666666,0.03502635266666666,0.034208548,0.024338486,0.02889025,0.03251685333333333,0.026548314,0.042270058666666666,0.04441853333333333,0.03893469,0.01906199266666667,0.031051014333333335,0.02536176433333333,0.022735800333333334,0.020065101,0.028101571333333335,0.013058581000000001,0.026280428999999998,0.028376164000000002,0.021838392666666664,0.031641683999999996,0.023172126333333334,0.04176566999999999,0.04182250533333333,0.028582048333333335,0.033257462333333335,0.02544089533333333,0.036148985333333335,0.019720351666666667,0.035519810000000006,0.030219986666666667,0.02046651,0.023463845333333334,0.04445891666666667,0.03824277666666666,0.012838091666666666,1.9868214999999996e-09,0.038953666666666664,0.03572799166666666,0.028392896999999997,0.028124594999999995,0.035331416,0.03326296233333333,0.022229316,0.03453568,0.03887297,0.024994305666666664,0.009826141333333335,0.031265924333333334,0.021141517333333335,0.031692084,0.027867756,0.01493665,0.038945774999999995,0.030265170666666667,0.027389011999999997,0.027990037000000002,0.03267768,0.044149829999999994,0.039505931999999994,0.038029398333333325,0.03493740566666667,0.03162188133333333,0.03340207666666666,0.03271516333333333,0.034225809333333336,0.017063441000000002,0.03555658166666667,0.03507877366666667,0.041606937,0.039777230000000004,0.036972669666666666,0.02889025,0.03251685333333333,0.01906199266666667,0.028101571333333335,0.026280428999999998,0.028376164000000002,0.04176566999999999,0.04182250533333333,0.02544089533333333,0.03824277666666666,0.012838091666666666,0.03572799166666666,0.03326296233333333,0.030265170666666667,0.027389011999999997,0.03271516333333333
