,omer_02.jpg,tal_05.jpg,omer_07.jpg,tal_06.jpg,omer_06.jpg,omer_08.jpg,tal_01.jpg,omer_03.jpg,tal_07.jpg,tal_03.jpg,omer_04.jpg,omer_10.jpg,tal_09.jpg,tal_02.jpg,tal_08.jpg,omer_09.jpg,tal_10.jpg,omer_05.jpg,tal_04.jpg,matt_04.jpg,dom_10.jpg,dom_05.jpg,matt_08.jpg,dom_04.jpg,matt_02.jpg,matt_07.jpg,matt_06.jpg,matt_05.jpg,dom_07.jpg,dom_03.jpg,matt_03.jpg,matt_01.jpg,dom_06.jpg,matt_10.jpg,dom_01.jpg,dom_09.jpg,matt_09.jpg,dom_02.jpg,tess_03.jpg,taz_06.jpg,taz_04.jpg,taz_03.jpg,tess_01.jpg,tess_07.jpg,tess_05.jpg,taz_05.jpg,tess_02.jpg,tess_09.jpg,tess_06.jpg,taz_07.jpg,taz_02.jpg,tess_04.jpg,taz_09.jpg,tess_08.jpg,taz_08.jpg,taz_01.jpg,tess_10.jpg,taz_10.jpg,marina_07.jpg,tamar_04.jpg,tess_03.jpg.1,omer_02.jpg.1,marina_04.jpg,taz_06.jpg.1,taz_04.jpg.1,marina_01.jpg,matt_04.jpg.1,taz_03.jpg.1,dom_10.jpg.1,dom_05.jpg.1,tess_01.jpg.1,tal_05.jpg.1,marina_06.jpg,tamar_09.jpg,omer_07.jpg.1,tal_06.jpg.1,tess_07.jpg.1,matt_08.jpg.1,marina_08.jpg,omer_06.jpg.1,omer_08.jpg.1,tal_01.jpg.1,dom_04.jpg.1,tamar_10.jpg,omer_03.jpg.1,tamar_02.jpg,tamar_05.jpg,tal_07.jpg.1,tess_05.jpg.1,matt_02.jpg.1,tamar_07.jpg,tamar_03.jpg,tal_03.jpg.1,taz_05.jpg.1,marina_09.jpg,tess_02.jpg.1,matt_07.jpg.1,tess_09.jpg.1,tess_06.jpg.1,omer_04.jpg.1,omer_10.jpg.1,taz_07.jpg.1,tamar_01.jpg,marina_10.jpg,tal_09.jpg.1,matt_06.jpg.1,tamar_06.jpg,matt_05.jpg.1,taz_02.jpg.1,dom_07.jpg.1,marina_05.jpg,tal_02.jpg.1,tal_08.jpg.1,tess_04.jpg.1,taz_09.jpg.1,omer_09.jpg.1,dom_03.jpg.1,tal_10.jpg.1,matt_03.jpg.1,matt_01.jpg.1,omer_05.jpg.1,tess_08.jpg.1,marina_02.jpg,marina_03.jpg,tal_04.jpg.1,dom_06.jpg.1,matt_10.jpg.1,taz_08.jpg.1,taz_01.jpg.1,dom_01.jpg.1,dom_09.jpg.1,matt_09.jpg.1,tamar_08.jpg,tess_10.jpg.1,dom_02.jpg.1,taz_10.jpg.1,marina_07.jpg.1,tamar_04.jpg.1,marina_04.jpg.1,marina_01.jpg.1,marina_06.jpg.1,tamar_09.jpg.1,marina_08.jpg.1,tamar_10.jpg.1,tamar_02.jpg.1,tamar_05.jpg.1,tamar_07.jpg.1,tamar_03.jpg.1,marina_09.jpg.1,tamar_01.jpg.1,marina_10.jpg.1,tamar_06.jpg.1,marina_05.jpg.1,marina_02.jpg.1,marina_03.jpg.1,tamar_08.jpg.1
0,1.9868214999999996e-09,0.02313530066666667,0.02433313133333333,0.028225548666666666,0.012834056,0.014763957333333333,0.023666620000000003,0.013612033666666667,0.024015803999999998,0.014963177999999999,0.014535916000000001,0.019859781000000003,0.029935157333333334,0.019830937666666666,0.025324188,0.016739647000000003,0.038355021333333336,0.018114674333333334,0.03024179733333333,0.03903319633333333,0.039264473333333334,0.03186263266666667,0.04567998,0.03249665533333333,0.029662809666666668,0.03637052500000001,0.03289099933333333,0.03888067466666666,0.028378981333333334,0.032037115666666664,0.04431364333333333,0.033423173333333334,0.028752330666666666,0.04050911433333333,0.031349884333333335,0.03534495633333334,0.04431350433333334,0.03632315333333334,0.05371270433333333,0.055426697999999996,0.05892166333333333,0.060398586666666663,0.05758911766666667,0.05590454166666667,0.05822646333333334,0.05826410466666666,0.05788107333333333,0.055657482,0.05335426533333333,0.05305832033333333,0.053304644666666665,0.05781330266666667,0.05873863566666667,0.056166895333333335,0.052791073333333334,0.05749903166666667,0.06075686433333334,0.052371673,0.053327859,0.052954817,0.05371270433333333,1.9868214999999996e-09,0.05616545333333334,0.055426697999999996,0.05892166333333333,0.055944320000000006,0.03903319633333333,0.060398586666666663,0.039264473333333334,0.03186263266666667,0.05758911766666667,0.02313530066666667,0.052788713333333334,0.05560711133333333,0.02433313133333333,0.028225548666666666,0.05590454166666667,0.04567998,0.05593738333333333,0.012834056,0.014763957333333333,0.023666620000000003,0.03249665533333333,0.05602143566666666,0.013612033666666667,0.057706682333333335,0.055463535333333334,0.024015803999999998,0.05822646333333334,0.029662809666666668,0.04966899166666667,0.05537280333333334,0.014963177999999999,0.05826410466666666,0.05729716566666667,0.05788107333333333,0.03637052500000001,0.055657482,0.05335426533333333,0.014535916000000001,0.019859781000000003,0.05305832033333333,0.056640088000000005,0.053693653333333334,0.029935157333333334,0.03289099933333333,0.05638909933333333,0.03888067466666666,0.053304644666666665,0.028378981333333334,0.05482040166666667,0.019830937666666666,0.025324188,0.05781330266666667,0.05873863566666667,0.016739647000000003,0.032037115666666664,0.038355021333333336,0.04431364333333333,0.033423173333333334,0.018114674333333334,0.056166895333333335,0.055886703333333336,0.05161625566666667,0.03024179733333333,0.028752330666666666,0.04050911433333333,0.052791073333333334,0.05749903166666667,0.031349884333333335,0.03534495633333334,0.04431350433333334,0.05702266,0.06075686433333334,0.03632315333333334,0.052371673,0.053327859,0.052954817,0.05616545333333334,0.055944320000000006,0.052788713333333334,0.05560711133333333,0.05593738333333333,0.05602143566666666,0.057706682333333335,0.055463535333333334,0.04966899166666667,0.05537280333333334,0.05729716566666667,0.056640088000000005,0.053693653333333334,0.05638909933333333,0.05482040166666667,0.055886703333333336,0.05161625566666667,0.05702266
1,0.02313530066666667,3.973642999999999e-09,0.027643428,0.028179983333333332,0.029155272333333333,0.02670807433333333,0.028825810000000004,0.02841850533333333,0.026279495,0.017905936666666667,0.024891334666666664,0.026117217333333335,0.033537236666666664,0.027194874,0.034750493333333334,0.024630308666666666,0.04561284866666667,0.028763892,0.036746299,0.037671259000000006,0.03807591,0.03161212766666666,0.045745563333333336,0.031665218,0.027894662,0.03931576333333333,0.03726237166666667,0.034227101,0.029817259333333332,0.03420773333333333,0.04335971,0.03297365766666667,0.031986699333333334,0.03861565533333334,0.035251253333333336,0.03663963533333334,0.046317786666666666,0.03664031433333334,0.04344725000000001,0.050442698333333334,0.05370216433333333,0.05570405133333334,0.05064834233333334,0.04714779,0.050583631999999996,0.05646467499999999,0.048390026999999995,0.04723349666666666,0.0472017,0.04738484,0.04736574,0.050386530000000006,0.05121231666666667,0.053256229,0.044877701,0.05296264,0.05455107333333333,0.04779737,0.05259822333333333,0.049133188333333334,0.04344725000000001,0.02313530066666667,0.05212132333333333,0.050442698333333334,0.05370216433333333,0.051731953333333344,0.037671259000000006,0.05570405133333334,0.03807591,0.03161212766666666,0.05064834233333334,3.973642999999999e-09,0.04939887133333333,0.046913718666666666,0.027643428,0.028179983333333332,0.04714779,0.045745563333333336,0.05485798866666666,0.029155272333333333,0.02670807433333333,0.028825810000000004,0.031665218,0.05204097333333334,0.02841850533333333,0.053416328,0.05174123466666667,0.026279495,0.050583631999999996,0.027894662,0.04647294666666667,0.051703421333333326,0.017905936666666667,0.05646467499999999,0.05222192133333334,0.048390026999999995,0.03931576333333333,0.04723349666666666,0.0472017,0.024891334666666664,0.026117217333333335,0.04738484,0.050834485666666665,0.05340412866666666,0.033537236666666664,0.03726237166666667,0.056187168333333336,0.034227101,0.04736574,0.029817259333333332,0.05204252833333333,0.027194874,0.034750493333333334,0.050386530000000006,0.05121231666666667,0.024630308666666666,0.03420773333333333,0.04561284866666667,0.04335971,0.03297365766666667,0.028763892,0.053256229,0.05003248166666666,0.043928651,0.036746299,0.031986699333333334,0.03861565533333334,0.044877701,0.05296264,0.035251253333333336,0.03663963533333334,0.046317786666666666,0.052281778,0.05455107333333333,0.03664031433333334,0.04779737,0.05259822333333333,0.049133188333333334,0.05212132333333333,0.051731953333333344,0.04939887133333333,0.046913718666666666,0.05485798866666666,0.05204097333333334,0.053416328,0.05174123466666667,0.04647294666666667,0.051703421333333326,0.05222192133333334,0.050834485666666665,0.05340412866666666,0.056187168333333336,0.05204252833333333,0.05003248166666666,0.043928651,0.052281778
2,0.02433313133333333,0.027643428,1.9868214999999996e-09,0.029573921666666666,0.02725132066666667,0.028451307666666665,0.03152873733333333,0.027386003666666665,0.027589259666666668,0.02578531466666667,0.030113455,0.027285115000000002,0.04318285666666667,0.022788107666666665,0.028632484000000003,0.027362595,0.03967524,0.023596437999999997,0.030973669000000002,0.045790408000000005,0.031244188333333332,0.030224012333333338,0.05112454866666667,0.029487786666666668,0.034899491,0.04120254466666666,0.034755199,0.03787640933333333,0.03151016633333333,0.03190408166666667,0.05139205,0.035683829,0.02648873166666666,0.03836054,0.029287408999999997,0.033099278,0.04885619133333333,0.028472966,0.043595292,0.05130662666666667,0.05482746833333333,0.05516898533333333,0.047960235000000004,0.047442276666666665,0.051786858,0.057251808333333334,0.045195203333333336,0.04677400366666666,0.04721086333333333,0.048337548333333334,0.048707737999999993,0.051530225333333325,0.05126834466666667,0.052147830000000006,0.040500000999999994,0.054767310666666666,0.05359273333333334,0.050988519999999996,0.04982114533333334,0.052795223333333335,0.043595292,0.02433313133333333,0.048279361666666666,0.05130662666666667,0.05482746833333333,0.05043797233333334,0.045790408000000005,0.05516898533333333,0.031244188333333332,0.030224012333333338,0.047960235000000004,0.027643428,0.043449757666666665,0.04875565333333333,1.9868214999999996e-09,0.029573921666666666,0.047442276666666665,0.05112454866666667,0.054503735000000005,0.02725132066666667,0.028451307666666665,0.03152873733333333,0.029487786666666668,0.05300160166666667,0.027386003666666665,0.045589231,0.04861885333333334,0.027589259666666668,0.051786858,0.034899491,0.04356718766666667,0.04511740833333333,0.02578531466666667,0.057251808333333334,0.05364391533333334,0.045195203333333336,0.04120254466666666,0.04677400366666666,0.04721086333333333,0.030113455,0.027285115000000002,0.048337548333333334,0.044899793333333334,0.051427605333333334,0.04318285666666667,0.034755199,0.051468810000000004,0.03787640933333333,0.048707737999999993,0.03151016633333333,0.047520230000000004,0.022788107666666665,0.028632484000000003,0.051530225333333325,0.05126834466666667,0.027362595,0.03190408166666667,0.03967524,0.05139205,0.035683829,0.023596437999999997,0.052147830000000006,0.05617948,0.04045839266666666,0.030973669000000002,0.02648873166666666,0.03836054,0.040500000999999994,0.054767310666666666,0.029287408999999997,0.033099278,0.04885619133333333,0.048459706666666665,0.05359273333333334,0.028472966,0.050988519999999996,0.04982114533333334,0.052795223333333335,0.048279361666666666,0.05043797233333334,0.043449757666666665,0.04875565333333333,0.054503735000000005,0.05300160166666667,0.045589231,0.04861885333333334,0.04356718766666667,0.04511740833333333,0.05364391533333334,0.044899793333333334,0.051427605333333334,0.051468810000000004,0.047520230000000004,0.05617948,0.04045839266666666,0.048459706666666665
3,0.028225548666666666,0.028179983333333332,0.029573921666666666,0.0,0.026638567666666665,0.033082286333333336,0.022179770333333335,0.030622091000000004,0.031929604,0.019842052,0.03358223466666667,0.02677933366666667,0.030220449,0.030745758666666668,0.028507515,0.035149686666666666,0.034760105666666666,0.034591804,0.027223356666666663,0.03495851466666666,0.026005451000000002,0.03447676833333334,0.04341878833333333,0.029652204,0.031760108333333335,0.03341923566666667,0.03234627266666667,0.03681484333333333,0.03323088466666667,0.031882039,0.045436550000000006,0.034620356666666664,0.028148845999999998,0.041253838666666674,0.028456854333333337,0.030343781333333337,0.045176502,0.028832751666666663,0.05482868133333333,0.054540508333333335,0.05950639566666667,0.05867373133333333,0.05944793033333333,0.05871430633333333,0.057943145333333335,0.058692763,0.05632918333333333,0.05765938366666667,0.05704304466666666,0.053027947666666665,0.053937763,0.06026998766666667,0.05811297133333334,0.05999154666666666,0.05161669866666666,0.05917429533333333,0.056372758,0.05171928133333334,0.04849234666666667,0.037677127666666664,0.05482868133333333,0.028225548666666666,0.03847406,0.054540508333333335,0.05950639566666667,0.05187125233333334,0.03495851466666666,0.05867373133333333,0.026005451000000002,0.03447676833333334,0.05944793033333333,0.028179983333333332,0.04676475433333333,0.04851994333333333,0.029573921666666666,0.0,0.05871430633333333,0.04341878833333333,0.04818048066666667,0.026638567666666665,0.033082286333333336,0.022179770333333335,0.029652204,0.03899785533333334,0.030622091000000004,0.049875120333333335,0.04400279233333334,0.031929604,0.057943145333333335,0.031760108333333335,0.035592907666666666,0.04908879666666667,0.019842052,0.058692763,0.047165788,0.05632918333333333,0.03341923566666667,0.05765938366666667,0.05704304466666666,0.03358223466666667,0.02677933366666667,0.053027947666666665,0.050790722,0.04459589666666666,0.030220449,0.03234627266666667,0.054869711999999994,0.03681484333333333,0.053937763,0.03323088466666667,0.046177890000000006,0.030745758666666668,0.028507515,0.06026998766666667,0.05811297133333334,0.035149686666666666,0.031882039,0.034760105666666666,0.045436550000000006,0.034620356666666664,0.034591804,0.05999154666666666,0.05722781666666667,0.040028347666666665,0.027223356666666663,0.028148845999999998,0.041253838666666674,0.05161669866666666,0.05917429533333333,0.028456854333333337,0.030343781333333337,0.045176502,0.052407532666666666,0.056372758,0.028832751666666663,0.05171928133333334,0.04849234666666667,0.037677127666666664,0.03847406,0.05187125233333334,0.04676475433333333,0.04851994333333333,0.04818048066666667,0.03899785533333334,0.049875120333333335,0.04400279233333334,0.035592907666666666,0.04908879666666667,0.047165788,0.050790722,0.04459589666666666,0.054869711999999994,0.046177890000000006,0.05722781666666667,0.040028347666666665,0.052407532666666666
4,0.012834056,0.029155272333333333,0.02725132066666667,0.026638567666666665,5.960464333333333e-09,0.026582306666666666,0.013878675333333335,0.026954062999999997,0.024708047999999996,0.019205574333333333,0.028552293666666666,0.028374961666666663,0.02919962766666667,0.02249244033333333,0.019387745999999997,0.03137656066666667,0.03436916999999999,0.028289854333333333,0.021987996333333332,0.03769029,0.03129433833333333,0.034410544,0.040596458,0.026996056333333334,0.024855166666666664,0.03361046466666666,0.033126060666666665,0.03814043600000001,0.03382239433333333,0.026557916666666667,0.04322540666666666,0.033589898,0.027445219000000003,0.03998436666666667,0.027234653666666667,0.032668087666666665,0.045737061333333336,0.029237108000000005,0.053857137666666666,0.051092492,0.05740491666666666,0.059223989666666664,0.05839917000000001,0.05639001,0.057866371,0.05667895766666666,0.05769528333333333,0.05642059433333334,0.05359377833333333,0.04993557766666667,0.05083552,0.058682552333333325,0.05724814333333333,0.055637432333333334,0.04959333666666667,0.05704864666666666,0.059819685,0.04786191333333333,0.049135371,0.047806022,0.053857137666666666,0.012834056,0.051227685333333335,0.051092492,0.05740491666666666,0.05406313866666667,0.03769029,0.059223989666666664,0.03129433833333333,0.034410544,0.05839917000000001,0.029155272333333333,0.04752261233333333,0.05164575466666667,0.02725132066666667,0.026638567666666665,0.05639001,0.040596458,0.04986967666666667,5.960464333333333e-09,0.026582306666666666,0.013878675333333335,0.026996056333333334,0.05059140333333333,0.026954062999999997,0.05387512800000001,0.04895334633333334,0.024708047999999996,0.057866371,0.024855166666666664,0.04356470866666667,0.04989639533333333,0.019205574333333333,0.05667895766666666,0.051519274999999996,0.05769528333333333,0.03361046466666666,0.05642059433333334,0.05359377833333333,0.028552293666666666,0.028374961666666663,0.04993557766666667,0.05302970033333333,0.04539939666666667,0.02919962766666667,0.033126060666666665,0.05527660499999999,0.03814043600000001,0.05083552,0.03382239433333333,0.04997439000000001,0.02249244033333333,0.019387745999999997,0.058682552333333325,0.05724814333333333,0.03137656066666667,0.026557916666666667,0.03436916999999999,0.04322540666666666,0.033589898,0.028289854333333333,0.055637432333333334,0.05367910866666667,0.046212053333333336,0.021987996333333332,0.027445219000000003,0.03998436666666667,0.04959333666666667,0.05704864666666666,0.027234653666666667,0.032668087666666665,0.045737061333333336,0.05226973666666667,0.059819685,0.029237108000000005,0.04786191333333333,0.049135371,0.047806022,0.051227685333333335,0.05406313866666667,0.04752261233333333,0.05164575466666667,0.04986967666666667,0.05059140333333333,0.05387512800000001,0.04895334633333334,0.04356470866666667,0.04989639533333333,0.051519274999999996,0.05302970033333333,0.04539939666666667,0.05527660499999999,0.04997439000000001,0.05367910866666667,0.046212053333333336,0.05226973666666667
5,0.014763957333333333,0.02670807433333333,0.028451307666666665,0.033082286333333336,0.026582306666666666,0.0,0.03371967866666667,0.008754249666666665,0.032140731666666665,0.02150029133333333,0.0068402628,0.017275854,0.03618523666666666,0.029842247333333335,0.03857587966666667,0.011815734999999999,0.045528846666666664,0.024732133333333337,0.04154599666666667,0.044179786666666665,0.04444875333333333,0.03310874666666667,0.051505488999999995,0.038436442333333334,0.033781806666666664,0.04020703666666667,0.04071041133333333,0.041214429999999996,0.025465256000000002,0.034626309333333334,0.04470456833333333,0.03909471,0.035343368333333326,0.045872626666666666,0.03862964,0.039456205,0.04960938,0.03909611333333333,0.051564747333333334,0.055873158666666665,0.059247993333333325,0.06001730666666667,0.055763912,0.05395474666666667,0.057534216666666665,0.05819201666666666,0.05637385533333334,0.053768858999999995,0.05333425333333334,0.053478319999999996,0.05567409,0.057077958,0.05811004166666667,0.05467857666666666,0.055337738666666664,0.05677177766666667,0.059212299999999995,0.053753521,0.05642810333333334,0.056519254,0.051564747333333334,0.014763957333333333,0.05731136666666667,0.055873158666666665,0.059247993333333325,0.05475733133333334,0.044179786666666665,0.06001730666666667,0.04444875333333333,0.03310874666666667,0.055763912,0.02670807433333333,0.05811293733333334,0.056298541333333334,0.028451307666666665,0.033082286333333336,0.05395474666666667,0.051505488999999995,0.057978924333333334,0.026582306666666666,0.0,0.03371967866666667,0.038436442333333334,0.05805143566666667,0.008754249666666665,0.058008612,0.057188825000000006,0.032140731666666665,0.057534216666666665,0.033781806666666664,0.05413971,0.05926374233333333,0.02150029133333333,0.05819201666666666,0.05906566,0.05637385533333334,0.04020703666666667,0.053768858999999995,0.05333425333333334,0.0068402628,0.017275854,0.053478319999999996,0.05813745666666666,0.059947285999999995,0.03618523666666666,0.04071041133333333,0.056461356666666664,0.041214429999999996,0.05567409,0.025465256000000002,0.05753982,0.029842247333333335,0.03857587966666667,0.057077958,0.05811004166666667,0.011815734999999999,0.034626309333333334,0.045528846666666664,0.04470456833333333,0.03909471,0.024732133333333337,0.05467857666666666,0.05585786833333333,0.05533843233333333,0.04154599666666667,0.035343368333333326,0.045872626666666666,0.055337738666666664,0.05677177766666667,0.03862964,0.039456205,0.04960938,0.05798150333333333,0.059212299999999995,0.03909611333333333,0.053753521,0.05642810333333334,0.056519254,0.05731136666666667,0.05475733133333334,0.05811293733333334,0.056298541333333334,0.057978924333333334,0.05805143566666667,0.058008612,0.057188825000000006,0.05413971,0.05926374233333333,0.05906566,0.05813745666666666,0.059947285999999995,0.056461356666666664,0.05753982,0.05585786833333333,0.05533843233333333,0.05798150333333333
6,0.023666620000000003,0.028825810000000004,0.03152873733333333,0.022179770333333335,0.013878675333333335,0.03371967866666667,3.973642999999999e-09,0.031692084333333335,0.017738304,0.016287090333333334,0.03612973500000001,0.03366273433333333,0.020123656666666666,0.025609358000000002,0.016756163333333334,0.03760185033333333,0.023468683,0.033583514,0.020680451333333332,0.04018673833333333,0.029615942666666666,0.03206496633333333,0.03912541233333333,0.021707359666666665,0.02377078,0.023105649,0.028673915333333338,0.032457341,0.03186432833333333,0.027427582000000002,0.042619555,0.032748633666666666,0.02229978666666667,0.03364990566666667,0.03044986133333333,0.030026990333333333,0.04241227333333333,0.029763440666666665,0.05235385000000001,0.04570613333333333,0.054633017666666665,0.056971168,0.05818212233333333,0.053300667,0.05737295133333333,0.05298837566666667,0.05725510466666666,0.05566164500000001,0.05143727,0.044062759,0.049255688,0.056320796666666666,0.05492230633333332,0.05427932333333333,0.048919373333333335,0.05614619,0.057732033333333335,0.040521003333333326,0.05084220999999999,0.044388033333333334,0.05235385000000001,0.023666620000000003,0.04780634000000001,0.04570613333333333,0.054633017666666665,0.054614571,0.04018673833333333,0.056971168,0.029615942666666666,0.03206496633333333,0.05818212233333333,0.028825810000000004,0.04818173666666667,0.04279186733333333,0.03152873733333333,0.022179770333333335,0.053300667,0.03912541233333333,0.04498119666666667,0.013878675333333335,0.03371967866666667,3.973642999999999e-09,0.021707359666666665,0.043352257666666665,0.031692084333333335,0.05070737666666667,0.04083562233333333,0.017738304,0.05737295133333333,0.02377078,0.03536844233333333,0.048624553333333334,0.016287090333333334,0.05298837566666667,0.04449637333333333,0.05725510466666666,0.023105649,0.05566164500000001,0.05143727,0.03612973500000001,0.03366273433333333,0.044062759,0.05123151333333333,0.043159628333333325,0.020123656666666666,0.028673915333333338,0.054833904999999995,0.032457341,0.049255688,0.03186432833333333,0.05091845,0.025609358000000002,0.016756163333333334,0.056320796666666666,0.05492230633333332,0.03760185033333333,0.027427582000000002,0.023468683,0.042619555,0.032748633666666666,0.033583514,0.05427932333333333,0.052776069999999994,0.04215263166666667,0.020680451333333332,0.02229978666666667,0.03364990566666667,0.048919373333333335,0.05614619,0.03044986133333333,0.030026990333333333,0.04241227333333333,0.051142721333333335,0.057732033333333335,0.029763440666666665,0.040521003333333326,0.05084220999999999,0.044388033333333334,0.04780634000000001,0.054614571,0.04818173666666667,0.04279186733333333,0.04498119666666667,0.043352257666666665,0.05070737666666667,0.04083562233333333,0.03536844233333333,0.048624553333333334,0.04449637333333333,0.05123151333333333,0.043159628333333325,0.054833904999999995,0.05091845,0.052776069999999994,0.04215263166666667,0.051142721333333335
7,0.013612033666666667,0.02841850533333333,0.027386003666666665,0.030622091000000004,0.026954062999999997,0.008754249666666665,0.031692084333333335,5.960464333333333e-09,0.03213613833333333,0.020997347333333336,0.008919512999999999,0.023142858333333332,0.03221421733333333,0.029662685666666664,0.03505898133333333,0.011391800666666667,0.04149418666666667,0.01818573466666667,0.039421326666666666,0.044719117999999995,0.04483177333333333,0.035122332666666665,0.05090678666666667,0.039223045666666664,0.03661567366666666,0.037742272,0.040391163333333334,0.043207079333333336,0.028338436,0.038021693333333335,0.046219376666666666,0.039437206333333336,0.03500147099999999,0.04540352533333333,0.04086034833333333,0.04144585566666667,0.04764574866666667,0.037130841666666664,0.05150849166666667,0.055246582333333336,0.05785231999999999,0.05818855233333333,0.055471162,0.05501590666666667,0.057808921000000006,0.05657514466666667,0.05599274133333334,0.054261264999999996,0.05332193,0.05310837433333333,0.0538411,0.05652215333333334,0.057637415,0.053619961333333334,0.05374047233333334,0.05543069766666666,0.05807155766666667,0.05106694999999999,0.05393602766666666,0.054474448333333335,0.05150849166666667,0.013612033666666667,0.054983945666666666,0.055246582333333336,0.05785231999999999,0.05389575333333334,0.044719117999999995,0.05818855233333333,0.04483177333333333,0.035122332666666665,0.055471162,0.02841850533333333,0.055600097,0.05563830666666667,0.027386003666666665,0.030622091000000004,0.05501590666666667,0.05090678666666667,0.055273141,0.026954062999999997,0.008754249666666665,0.031692084333333335,0.039223045666666664,0.05548536233333333,5.960464333333333e-09,0.055974963333333336,0.05559140633333333,0.03213613833333333,0.057808921000000006,0.03661567366666666,0.05145941366666666,0.056347070000000006,0.020997347333333336,0.05657514466666667,0.05845856000000001,0.05599274133333334,0.037742272,0.054261264999999996,0.05332193,0.008919512999999999,0.023142858333333332,0.05310837433333333,0.05579451,0.05674511833333334,0.03221421733333333,0.040391163333333334,0.05409963133333333,0.043207079333333336,0.0538411,0.028338436,0.05526859333333333,0.029662685666666664,0.03505898133333333,0.05652215333333334,0.057637415,0.011391800666666667,0.038021693333333335,0.04149418666666667,0.046219376666666666,0.039437206333333336,0.01818573466666667,0.053619961333333334,0.05569851166666666,0.055051718666666666,0.039421326666666666,0.03500147099999999,0.04540352533333333,0.05374047233333334,0.05543069766666666,0.04086034833333333,0.04144585566666667,0.04764574866666667,0.05495485666666666,0.05807155766666667,0.037130841666666664,0.05106694999999999,0.05393602766666666,0.054474448333333335,0.054983945666666666,0.05389575333333334,0.055600097,0.05563830666666667,0.055273141,0.05548536233333333,0.055974963333333336,0.05559140633333333,0.05145941366666666,0.056347070000000006,0.05845856000000001,0.05579451,0.05674511833333334,0.05409963133333333,0.05526859333333333,0.05569851166666666,0.055051718666666666,0.05495485666666666
8,0.024015803999999998,0.026279495,0.027589259666666668,0.031929604,0.024708047999999996,0.032140731666666665,0.017738304,0.03213613833333333,9.934107333333333e-09,0.020354221000000002,0.032287502333333336,0.03380062366666667,0.030716009666666665,0.027932973666666663,0.027395782666666667,0.03170854066666666,0.03290788133333333,0.02929798766666667,0.032501252,0.04359132533333333,0.0321462,0.026273676000000003,0.04503729766666666,0.021404645666666666,0.03238911666666667,0.033654215,0.03657303666666666,0.029619614000000002,0.02716282,0.027484514333333335,0.04409355333333333,0.03559206333333333,0.022042811000000002,0.031472251666666666,0.03322456666666666,0.030087238666666665,0.042679815,0.033581799333333336,0.04698622166666667,0.04654544533333334,0.054417939000000005,0.055655027999999995,0.05296508666666667,0.04611703,0.05298265666666667,0.05264614433333333,0.05165614833333333,0.04996477833333334,0.04517794333333334,0.041741226,0.04644372866666666,0.05090379733333334,0.051557399999999996,0.04998199133333333,0.046950224666666665,0.05472200133333334,0.055238203333333326,0.041555416666666664,0.052971524333333325,0.05123741033333333,0.04698622166666667,0.024015803999999998,0.049914775666666675,0.04654544533333334,0.054417939000000005,0.05451271,0.04359132533333333,0.055655027999999995,0.0321462,0.026273676000000003,0.05296508666666667,0.026279495,0.04378937000000001,0.04491886166666667,0.027589259666666668,0.031929604,0.04611703,0.04503729766666666,0.049281083333333336,0.024708047999999996,0.032140731666666665,0.017738304,0.021404645666666666,0.047521288666666675,0.03213613833333333,0.050653409,0.03992541633333334,9.934107333333333e-09,0.05298265666666667,0.03238911666666667,0.03864152133333333,0.04759145866666667,0.020354221000000002,0.05264614433333333,0.045764290000000006,0.05165614833333333,0.033654215,0.04996477833333334,0.04517794333333334,0.032287502333333336,0.03380062366666667,0.041741226,0.05016855666666666,0.047906577666666665,0.030716009666666665,0.03657303666666666,0.053797932333333326,0.029619614000000002,0.04644372866666666,0.02716282,0.04805341333333333,0.027932973666666663,0.027395782666666667,0.05090379733333334,0.051557399999999996,0.03170854066666666,0.027484514333333335,0.03290788133333333,0.04409355333333333,0.03559206333333333,0.02929798766666667,0.04998199133333333,0.049220731000000004,0.03770767333333334,0.032501252,0.022042811000000002,0.031472251666666666,0.046950224666666665,0.05472200133333334,0.03322456666666666,0.030087238666666665,0.042679815,0.05184806333333333,0.055238203333333326,0.033581799333333336,0.041555416666666664,0.052971524333333325,0.05123741033333333,0.049914775666666675,0.05451271,0.04378937000000001,0.04491886166666667,0.049281083333333336,0.047521288666666675,0.050653409,0.03992541633333334,0.03864152133333333,0.04759145866666667,0.045764290000000006,0.05016855666666666,0.047906577666666665,0.053797932333333326,0.04805341333333333,0.049220731000000004,0.03770767333333334,0.05184806333333333
9,0.014963177999999999,0.017905936666666667,0.02578531466666667,0.019842052,0.019205574333333333,0.02150029133333333,0.016287090333333334,0.020997347333333336,0.020354221000000002,0.0,0.021596765,0.021380635333333335,0.028189415,0.024641436333333332,0.025765953333333334,0.023849646333333332,0.032580330666666664,0.02671930966666667,0.029886583666666668,0.038859283333333335,0.03549438333333333,0.028401003333333334,0.04088981333333333,0.027419550999999997,0.023835422666666665,0.030521202333333334,0.030064069333333335,0.034273159666666664,0.024280478333333334,0.029564204333333333,0.04374116133333333,0.02987985,0.025139391,0.03745048333333333,0.03174995166666667,0.032477937,0.045611849999999995,0.036755984666666665,0.046381846666666664,0.04890251999999999,0.053983163333333334,0.057240399000000004,0.05262415433333333,0.04899232,0.05318955566666667,0.053668307666666665,0.054158178,0.049718397666666664,0.046109159,0.046281957666666665,0.04696863666666666,0.05189327133333333,0.053152952,0.05248862000000001,0.049486063,0.05175307966666667,0.05741383866666667,0.045349427000000005,0.053294112,0.050453273666666666,0.046381846666666664,0.014963177999999999,0.05467387133333334,0.04890251999999999,0.053983163333333334,0.05261577233333334,0.038859283333333335,0.057240399000000004,0.03549438333333333,0.028401003333333334,0.05262415433333333,0.017905936666666667,0.05403992333333334,0.04845608999999999,0.02578531466666667,0.019842052,0.04899232,0.04088981333333333,0.053774396666666675,0.019205574333333333,0.02150029133333333,0.016287090333333334,0.027419550999999997,0.050867008,0.020997347333333336,0.055221188,0.050716128,0.020354221000000002,0.05318955566666667,0.023835422666666665,0.044065598,0.053719892,0.0,0.053668307666666665,0.05391282499999999,0.054158178,0.030521202333333334,0.049718397666666664,0.046109159,0.021596765,0.021380635333333335,0.046281957666666665,0.05516004466666667,0.05475679333333334,0.028189415,0.030064069333333335,0.05501262,0.034273159666666664,0.04696863666666666,0.024280478333333334,0.054517090000000004,0.024641436333333332,0.025765953333333334,0.05189327133333333,0.053152952,0.023849646333333332,0.029564204333333333,0.032580330666666664,0.04374116133333333,0.02987985,0.02671930966666667,0.05248862000000001,0.052401533333333326,0.048729722,0.029886583666666668,0.025139391,0.03745048333333333,0.049486063,0.05175307966666667,0.03174995166666667,0.032477937,0.045611849999999995,0.056467703333333334,0.05741383866666667,0.036755984666666665,0.045349427000000005,0.053294112,0.050453273666666666,0.05467387133333334,0.05261577233333334,0.05403992333333334,0.04845608999999999,0.053774396666666675,0.050867008,0.055221188,0.050716128,0.044065598,0.053719892,0.05391282499999999,0.05516004466666667,0.05475679333333334,0.05501262,0.054517090000000004,0.052401533333333326,0.048729722,0.056467703333333334
10,0.014535916000000001,0.024891334666666664,0.030113455,0.03358223466666667,0.028552293666666666,0.0068402628,0.03612973500000001,0.008919512999999999,0.032287502333333336,0.021596765,1.9868214999999996e-09,0.018800870666666667,0.03828921666666667,0.03343593833333333,0.04103789866666666,0.0057564320000000006,0.048450253666666665,0.025184806,0.04403359,0.04227147166666667,0.042927562999999995,0.03400822999999999,0.050306508,0.040085513333333336,0.036699253333333334,0.044225470333333336,0.043164088,0.04287068633333333,0.028276747666666668,0.03726670333333333,0.043404865,0.03862565799999999,0.03675879333333333,0.046632018666666664,0.03952041,0.039871786666666666,0.048823144666666665,0.03900264133333333,0.05116445333333333,0.056614027666666664,0.05878725,0.059782203,0.05482881466666667,0.05379878833333333,0.056582272333333336,0.058155393666666666,0.05562466466666667,0.05333275,0.05280740533333333,0.05517176666666666,0.054572921999999996,0.05571934133333333,0.05730046,0.053067887999999994,0.05580724433333333,0.056470683333333334,0.058751099999999994,0.05296539833333333,0.056595650000000004,0.05466179000000001,0.05116445333333333,0.014535916000000001,0.05677115,0.056614027666666664,0.05878725,0.05579539333333334,0.04227147166666667,0.059782203,0.042927562999999995,0.03400822999999999,0.05482881466666667,0.024891334666666664,0.056171343666666665,0.05698424,0.030113455,0.03358223466666667,0.05379878833333333,0.050306508,0.058627139,0.028552293666666666,0.0068402628,0.03612973500000001,0.040085513333333336,0.05712249833333334,0.008919512999999999,0.05710079666666667,0.05724104633333334,0.032287502333333336,0.056582272333333336,0.036699253333333334,0.05376202433333333,0.05758799333333333,0.021596765,0.058155393666666666,0.059042402,0.05562466466666667,0.044225470333333336,0.05333275,0.05280740533333333,1.9868214999999996e-09,0.018800870666666667,0.05517176666666666,0.057147853333333325,0.059825425,0.03828921666666667,0.043164088,0.055605755,0.04287068633333333,0.054572921999999996,0.028276747666666668,0.055523050000000004,0.03343593833333333,0.04103789866666666,0.05571934133333333,0.05730046,0.0057564320000000006,0.03726670333333333,0.048450253666666665,0.043404865,0.03862565799999999,0.025184806,0.053067887999999994,0.05361147,0.05417614,0.04403359,0.03675879333333333,0.046632018666666664,0.05580724433333333,0.056470683333333334,0.03952041,0.039871786666666666,0.048823144666666665,0.05633032,0.058751099999999994,0.03900264133333333,0.05296539833333333,0.056595650000000004,0.05466179000000001,0.05677115,0.05579539333333334,0.056171343666666665,0.05698424,0.058627139,0.05712249833333334,0.05710079666666667,0.05724104633333334,0.05376202433333333,0.05758799333333333,0.059042402,0.057147853333333325,0.059825425,0.055605755,0.055523050000000004,0.05361147,0.05417614,0.05633032
11,0.019859781000000003,0.026117217333333335,0.027285115000000002,0.02677933366666667,0.028374961666666663,0.017275854,0.03366273433333333,0.023142858333333332,0.03380062366666667,0.021380635333333335,0.018800870666666667,1.9868214999999996e-09,0.036636473333333336,0.03274611166666667,0.03723569166666667,0.023714695666666667,0.042501469666666666,0.034497145666666666,0.038754807,0.037927189,0.04039165199999999,0.03286631266666667,0.04537005,0.034192821666666665,0.034808674666666664,0.038090045333333336,0.03203026766666667,0.03894174333333333,0.028068117333333333,0.035735474,0.044310205333333325,0.03838436333333333,0.034408245999999997,0.04259300333333333,0.03377040533333333,0.032938923333333335,0.04824457666666667,0.041866258,0.05255107666666667,0.053634672,0.058465609999999994,0.059062443333333325,0.05671000666666667,0.055615685666666664,0.05729733566666666,0.057389170999999996,0.058322518000000004,0.05455583,0.054707303333333325,0.051144206666666664,0.05348294466666667,0.058659343333333336,0.057408018666666664,0.05683345666666668,0.05244951133333333,0.056164898666666664,0.059918026666666666,0.053312846,0.050634115333333334,0.05104768666666667,0.05255107666666667,0.019859781000000003,0.05301265666666667,0.053634672,0.058465609999999994,0.049524169,0.037927189,0.059062443333333325,0.04039165199999999,0.03286631266666667,0.05671000666666667,0.026117217333333335,0.05616953833333334,0.055811691999999996,0.027285115000000002,0.02677933366666667,0.055615685666666664,0.04537005,0.05665302666666667,0.028374961666666663,0.017275854,0.03366273433333333,0.034192821666666665,0.05183618466666666,0.023142858333333332,0.05608345666666666,0.05299751,0.03380062366666667,0.05729733566666666,0.034808674666666664,0.048018219,0.05535948533333334,0.021380635333333335,0.057389170999999996,0.05541766866666666,0.058322518000000004,0.038090045333333336,0.05455583,0.054707303333333325,0.018800870666666667,1.9868214999999996e-09,0.051144206666666664,0.05812838333333333,0.057793078000000005,0.036636473333333336,0.03203026766666667,0.053584273333333335,0.03894174333333333,0.05348294466666667,0.028068117333333333,0.05547803799999999,0.03274611166666667,0.03723569166666667,0.058659343333333336,0.057408018666666664,0.023714695666666667,0.035735474,0.042501469666666666,0.044310205333333325,0.03838436333333333,0.034497145666666666,0.05683345666666668,0.05334761333333333,0.053073096666666666,0.038754807,0.034408245999999997,0.04259300333333333,0.05244951133333333,0.056164898666666664,0.03377040533333333,0.032938923333333335,0.04824457666666667,0.05827538,0.059918026666666666,0.041866258,0.053312846,0.050634115333333334,0.05104768666666667,0.05301265666666667,0.049524169,0.05616953833333334,0.055811691999999996,0.05665302666666667,0.05183618466666666,0.05608345666666666,0.05299751,0.048018219,0.05535948533333334,0.05541766866666666,0.05812838333333333,0.057793078000000005,0.053584273333333335,0.05547803799999999,0.05334761333333333,0.053073096666666666,0.05827538
