,omer_02.jpg,tal_05.jpg,omer_07.jpg,tal_06.jpg,omer_06.jpg,omer_08.jpg,tal_01.jpg,omer_03.jpg,tal_07.jpg,tal_03.jpg,omer_04.jpg,omer_10.jpg,tal_09.jpg,tal_02.jpg,tal_08.jpg,omer_09.jpg,tal_10.jpg,omer_05.jpg,tal_04.jpg,matt_04.jpg,dom_10.jpg,dom_05.jpg,matt_08.jpg,dom_04.jpg,matt_02.jpg,matt_07.jpg,matt_06.jpg,matt_05.jpg,dom_07.jpg,dom_03.jpg,matt_03.jpg,matt_01.jpg,dom_06.jpg,matt_10.jpg,dom_01.jpg,dom_09.jpg,matt_09.jpg,dom_02.jpg,tess_03.jpg,taz_06.jpg,taz_04.jpg,taz_03.jpg,tess_01.jpg,tess_07.jpg,tess_05.jpg,taz_05.jpg,tess_02.jpg,tess_09.jpg,tess_06.jpg,taz_07.jpg,taz_02.jpg,tess_04.jpg,taz_09.jpg,tess_08.jpg,taz_08.jpg,taz_01.jpg,tess_10.jpg,taz_10.jpg,marina_07.jpg,tamar_04.jpg,tess_03.jpg.1,omer_02.jpg.1,marina_04.jpg,taz_06.jpg.1,taz_04.jpg.1,marina_01.jpg,matt_04.jpg.1,taz_03.jpg.1,dom_10.jpg.1,dom_05.jpg.1,tess_01.jpg.1,tal_05.jpg.1,marina_06.jpg,tamar_09.jpg,omer_07.jpg.1,tal_06.jpg.1,tess_07.jpg.1,matt_08.jpg.1,marina_08.jpg,omer_06.jpg.1,omer_08.jpg.1,tal_01.jpg.1,dom_04.jpg.1,tamar_10.jpg,omer_03.jpg.1,tamar_02.jpg,tamar_05.jpg,tal_07.jpg.1,tess_05.jpg.1,matt_02.jpg.1,tamar_07.jpg,tamar_03.jpg,tal_03.jpg.1,taz_05.jpg.1,marina_09.jpg,tess_02.jpg.1,matt_07.jpg.1,tess_09.jpg.1,tess_06.jpg.1,omer_04.jpg.1,omer_10.jpg.1,taz_07.jpg.1,tamar_01.jpg,marina_10.jpg,tal_09.jpg.1,matt_06.jpg.1,tamar_06.jpg,matt_05.jpg.1,taz_02.jpg.1,dom_07.jpg.1,marina_05.jpg,tal_02.jpg.1,tal_08.jpg.1,tess_04.jpg.1,taz_09.jpg.1,omer_09.jpg.1,dom_03.jpg.1,tal_10.jpg.1,matt_03.jpg.1,matt_01.jpg.1,omer_05.jpg.1,tess_08.jpg.1,marina_02.jpg,marina_03.jpg,tal_04.jpg.1,dom_06.jpg.1,matt_10.jpg.1,taz_08.jpg.1,taz_01.jpg.1,dom_01.jpg.1,dom_09.jpg.1,matt_09.jpg.1,tamar_08.jpg,tess_10.jpg.1,dom_02.jpg.1,taz_10.jpg.1,marina_07.jpg.1,tamar_04.jpg.1,marina_04.jpg.1,marina_01.jpg.1,marina_06.jpg.1,tamar_09.jpg.1,marina_08.jpg.1,tamar_10.jpg.1,tamar_02.jpg.1,tamar_05.jpg.1,tamar_07.jpg.1,tamar_03.jpg.1,marina_09.jpg.1,tamar_01.jpg.1,marina_10.jpg.1,tamar_06.jpg.1,marina_05.jpg.1,marina_02.jpg.1,marina_03.jpg.1,tamar_08.jpg.1
0,0.0,0.032233504333333336,0.02057569366666667,0.04126214166666666,0.022917779333333332,0.026734696,0.035315803666666666,0.018887506,0.04453637,0.042441292,0.02153599633333333,0.028626116,0.042890992333333336,0.03382154766666667,0.04281641166666666,0.028239413333333338,0.035244154666666666,0.015479409333333333,0.04520598666666666,0.044174081999999996,0.03628024866666667,0.03782200333333333,0.04462266666666667,0.026833470666666668,0.03887281333333334,0.04291540833333333,0.04028947766666667,0.043721090000000004,0.034428678000000004,0.029938888333333337,0.04892297233333333,0.046497464333333335,0.03522674233333333,0.049937376666666665,0.03880376133333333,0.04619799033333334,0.04622617133333334,0.034904008333333326,0.05351643133333333,0.054553705333333334,0.05601547166666667,0.05537535566666666,0.05239354366666667,0.049015374666666674,0.05572814666666667,0.05629893500000001,0.053241813333333325,0.051011657666666675,0.04966949833333333,0.056798266666666666,0.05035719266666667,0.046945998999999995,0.050219456333333336,0.05436449200000001,0.05141104533333333,0.05356797166666667,0.06009758899999999,0.05376268666666666,0.05448756666666667,0.05476647166666667,0.05351643133333333,0.0,0.05085269033333333,0.054553705333333334,0.05601547166666667,0.05108115333333333,0.044174081999999996,0.05537535566666666,0.03628024866666667,0.03782200333333333,0.05239354366666667,0.032233504333333336,0.05063788166666667,0.050919335999999996,0.02057569366666667,0.04126214166666666,0.049015374666666674,0.04462266666666667,0.056281299,0.022917779333333332,0.026734696,0.035315803666666666,0.026833470666666668,0.052353999000000005,0.018887506,0.054042082000000005,0.05569611566666667,0.04453637,0.05572814666666667,0.03887281333333334,0.048071811666666665,0.052060823333333325,0.042441292,0.05629893500000001,0.052413376,0.053241813333333325,0.04291540833333333,0.051011657666666675,0.04966949833333333,0.02153599633333333,0.028626116,0.056798266666666666,0.056074482333333335,0.04919525,0.042890992333333336,0.04028947766666667,0.054358406666666664,0.043721090000000004,0.05035719266666667,0.034428678000000004,0.05288987666666666,0.03382154766666667,0.04281641166666666,0.046945998999999995,0.050219456333333336,0.028239413333333338,0.029938888333333337,0.035244154666666666,0.04892297233333333,0.046497464333333335,0.015479409333333333,0.05436449200000001,0.05244172999999999,0.05179033166666667,0.04520598666666666,0.03522674233333333,0.049937376666666665,0.05141104533333333,0.05356797166666667,0.03880376133333333,0.04619799033333334,0.04622617133333334,0.05602394333333334,0.06009758899999999,0.034904008333333326,0.05376268666666666,0.05448756666666667,0.05476647166666667,0.05085269033333333,0.05108115333333333,0.05063788166666667,0.050919335999999996,0.056281299,0.052353999000000005,0.054042082000000005,0.05569611566666667,0.048071811666666665,0.052060823333333325,0.052413376,0.056074482333333335,0.04919525,0.054358406666666664,0.05288987666666666,0.05244172999999999,0.05179033166666667,0.05602394333333334
1,0.032233504333333336,0.0,0.03597363333333334,0.02166311333333333,0.03431884866666667,0.033989387999999995,0.028283354,0.03587033333333333,0.027268085666666667,0.022305581666666668,0.03341496,0.029239870999999997,0.036701032,0.025399418666666666,0.02927142366666667,0.03259745433333334,0.03165531866666667,0.032335593333333336,0.029938575,0.042646032333333334,0.03877785133333333,0.035917818666666664,0.04787685666666667,0.03166214866666666,0.04274832566666666,0.04364397,0.04162418166666666,0.039915647666666665,0.03503539766666666,0.034363479,0.04707034833333334,0.044436837666666666,0.03446687666666667,0.046042518000000004,0.03582485333333333,0.03606132866666667,0.044298616666666665,0.030806126333333336,0.052172982666666666,0.05889694666666667,0.059574635333333334,0.06070327333333333,0.05480798,0.053181189000000004,0.05563021666666667,0.057856833333333336,0.05433321533333334,0.052460371666666665,0.052750076666666666,0.054662151666666665,0.057035599,0.05204293666666667,0.055594963000000004,0.05788638533333333,0.057552599999999995,0.06003982233333334,0.05930621233333334,0.05597651533333334,0.05694387133333333,0.054079054,0.052172982666666666,0.032233504333333336,0.053733510000000005,0.05889694666666667,0.059574635333333334,0.056993512333333336,0.042646032333333334,0.06070327333333333,0.03877785133333333,0.035917818666666664,0.05480798,0.0,0.054141600000000005,0.053454048,0.03597363333333334,0.02166311333333333,0.053181189000000004,0.04787685666666667,0.05991903866666667,0.03431884866666667,0.033989387999999995,0.028283354,0.03166214866666666,0.052116390000000005,0.03587033333333333,0.05686823833333334,0.055073409999999996,0.027268085666666667,0.05563021666666667,0.04274832566666666,0.05118892433333334,0.057058729999999995,0.022305581666666668,0.057856833333333336,0.05247582333333334,0.05433321533333334,0.04364397,0.052460371666666665,0.052750076666666666,0.03341496,0.029239870999999997,0.054662151666666665,0.056589801999999995,0.055104555,0.036701032,0.04162418166666666,0.057164059999999996,0.039915647666666665,0.057035599,0.03503539766666666,0.054991895666666665,0.025399418666666666,0.02927142366666667,0.05204293666666667,0.055594963000000004,0.03259745433333334,0.034363479,0.03165531866666667,0.04707034833333334,0.044436837666666666,0.032335593333333336,0.05788638533333333,0.05279116666666666,0.051317096,0.029938575,0.03446687666666667,0.046042518000000004,0.057552599999999995,0.06003982233333334,0.03582485333333333,0.03606132866666667,0.044298616666666665,0.058246921666666666,0.05930621233333334,0.030806126333333336,0.05597651533333334,0.05694387133333333,0.054079054,0.053733510000000005,0.056993512333333336,0.054141600000000005,0.053454048,0.05991903866666667,0.052116390000000005,0.05686823833333334,0.055073409999999996,0.05118892433333334,0.057058729999999995,0.05247582333333334,0.056589801999999995,0.055104555,0.057164059999999996,0.054991895666666665,0.05279116666666666,0.051317096,0.058246921666666666
2,0.02057569366666667,0.03597363333333334,0.0,0.036984564666666664,0.02777009,0.030658766,0.030810702000000002,0.026598296,0.04618801666666667,0.042095523333333336,0.026931641,0.029850039666666668,0.05012242833333334,0.036448697999999995,0.03831285666666666,0.031671658666666665,0.03568913533333333,0.02340518833333333,0.03924537833333333,0.04335351833333333,0.03128480166666667,0.033563189,0.04367396666666667,0.022876245,0.04176815666666667,0.04672765333333333,0.040217518333333334,0.041065832000000003,0.03250279033333334,0.02446338733333333,0.048062322000000005,0.04487498166666667,0.030633118,0.04871407366666666,0.03715122766666667,0.04436681333333334,0.04570881533333333,0.028847060666666667,0.05147134433333333,0.05359952666666666,0.05440213866666667,0.055292575,0.05167516133333334,0.04826167233333334,0.05580971666666666,0.053610392333333326,0.04952875466666667,0.04925483133333333,0.048267018333333335,0.053218596666666666,0.05298092333333333,0.046093318,0.04910432566666667,0.05454921666666667,0.04764737200000001,0.054184778333333336,0.056595798,0.050536583333333336,0.057560124666666664,0.05421851133333333,0.05147134433333333,0.02057569366666667,0.050043823333333334,0.05359952666666666,0.05440213866666667,0.050182123333333335,0.04335351833333333,0.055292575,0.03128480166666667,0.033563189,0.05167516133333334,0.03597363333333334,0.054906531333333335,0.05130315666666667,0.0,0.036984564666666664,0.04826167233333334,0.04367396666666667,0.05981109666666667,0.02777009,0.030658766,0.030810702000000002,0.022876245,0.05443999533333333,0.026598296,0.05190330333333333,0.055559745333333334,0.04618801666666667,0.05580971666666666,0.04176815666666667,0.047424963333333334,0.04929380333333334,0.042095523333333336,0.053610392333333326,0.0528202,0.04952875466666667,0.04672765333333333,0.04925483133333333,0.048267018333333335,0.026931641,0.029850039666666668,0.053218596666666666,0.05416482866666666,0.055331738666666665,0.05012242833333334,0.040217518333333334,0.050373241666666665,0.041065832000000003,0.05298092333333333,0.03250279033333334,0.055071714333333334,0.036448697999999995,0.03831285666666666,0.046093318,0.04910432566666667,0.031671658666666665,0.02446338733333333,0.03568913533333333,0.048062322000000005,0.04487498166666667,0.02340518833333333,0.05454921666666667,0.05676679166666667,0.05282986333333333,0.03924537833333333,0.030633118,0.04871407366666666,0.04764737200000001,0.054184778333333336,0.03715122766666667,0.04436681333333334,0.04570881533333333,0.05508582233333333,0.056595798,0.028847060666666667,0.050536583333333336,0.057560124666666664,0.05421851133333333,0.050043823333333334,0.050182123333333335,0.054906531333333335,0.05130315666666667,0.05981109666666667,0.05443999533333333,0.05190330333333333,0.055559745333333334,0.047424963333333334,0.04929380333333334,0.0528202,0.05416482866666666,0.055331738666666665,0.050373241666666665,0.055071714333333334,0.05676679166666667,0.05282986333333333,0.05508582233333333
3,0.04126214166666666,0.02166311333333333,0.036984564666666664,0.0,0.03801038266666667,0.039540788333333333,0.021019906,0.04280761266666667,0.030168070333333335,0.020641819666666665,0.04446369633333334,0.03174373266666666,0.03428059033333333,0.029236940000000003,0.022184107666666668,0.04643454566666667,0.024461410666666666,0.040858424666666664,0.021807976666666666,0.04346780333333333,0.03812547333333334,0.037924033333333336,0.049499091,0.03487696433333333,0.042707742,0.045007662,0.03586696,0.04142296999999999,0.04214517766666667,0.03771044899999999,0.048927865333333334,0.046838580000000005,0.03440750866666666,0.041730326666666664,0.04030527500000001,0.040400679999999994,0.04464510099999999,0.032931809,0.05700990666666666,0.059709953333333336,0.06084878033333333,0.06017363866666667,0.05974659166666667,0.056582576,0.05905244366666666,0.05930513566666667,0.05853667666666666,0.057177273333333334,0.056718328,0.05488415566666667,0.05696833666666667,0.05692170666666666,0.05727359466666667,0.06068378666666666,0.059353230333333326,0.060190219,0.059745530000000005,0.056212066666666664,0.05612846566666666,0.04728427666666667,0.05700990666666666,0.04126214166666666,0.05297437433333333,0.059709953333333336,0.06084878033333333,0.057907233333333336,0.04346780333333333,0.06017363866666667,0.03812547333333334,0.037924033333333336,0.05974659166666667,0.02166311333333333,0.057299536666666664,0.051023098,0.036984564666666664,0.0,0.056582576,0.049499091,0.059413065,0.03801038266666667,0.039540788333333333,0.021019906,0.03487696433333333,0.04571686566666666,0.04280761266666667,0.05484027066666666,0.051509618666666666,0.030168070333333335,0.05905244366666666,0.042707742,0.048352947,0.05395648333333334,0.020641819666666665,0.05930513566666667,0.05300190999999999,0.05853667666666666,0.045007662,0.057177273333333334,0.056718328,0.04446369633333334,0.03174373266666666,0.05488415566666667,0.05397117466666666,0.05663627166666666,0.03428059033333333,0.03586696,0.05105173500000001,0.04142296999999999,0.05696833666666667,0.04214517766666667,0.056046315,0.029236940000000003,0.022184107666666668,0.05692170666666666,0.05727359466666667,0.04643454566666667,0.03771044899999999,0.024461410666666666,0.048927865333333334,0.046838580000000005,0.040858424666666664,0.06068378666666666,0.05652282866666667,0.05386472133333333,0.021807976666666666,0.03440750866666666,0.041730326666666664,0.059353230333333326,0.060190219,0.04030527500000001,0.040400679999999994,0.04464510099999999,0.05444597333333333,0.059745530000000005,0.032931809,0.056212066666666664,0.05612846566666666,0.04728427666666667,0.05297437433333333,0.057907233333333336,0.057299536666666664,0.051023098,0.059413065,0.04571686566666666,0.05484027066666666,0.051509618666666666,0.048352947,0.05395648333333334,0.05300190999999999,0.05397117466666666,0.05663627166666666,0.05105173500000001,0.056046315,0.05652282866666667,0.05386472133333333,0.05444597333333333
4,0.022917779333333332,0.03431884866666667,0.02777009,0.03801038266666667,1.9868214999999996e-09,0.021091483333333334,0.027785615333333333,0.019304798,0.04183462166666666,0.035400483999999996,0.020121102,0.030572165999999998,0.04568205833333334,0.03442644466666667,0.03464518433333333,0.025507364333333334,0.034316314,0.02023466633333333,0.037047048,0.036642625333333324,0.03157647733333333,0.030206350666666666,0.04256867333333334,0.029906956666666665,0.03700505566666667,0.03695277833333333,0.03226808133333334,0.041088805,0.028687290333333334,0.026935603333333336,0.038555596666666664,0.04332685266666667,0.03208660433333333,0.03992282666666666,0.036167012000000005,0.04275414499999999,0.042973629,0.029394581333333333,0.05646094866666667,0.05659884766666667,0.05419631166666667,0.05785925766666667,0.055026648666666664,0.05283498166666667,0.05711136466666667,0.05636945,0.05696043766666666,0.05373249866666666,0.05352025033333333,0.056661909999999996,0.05402529833333333,0.051832847999999994,0.053107341,0.052065853333333335,0.056784183,0.05426744533333334,0.05852270333333333,0.054989394999999996,0.05356529166666667,0.05655391333333333,0.05646094866666667,0.022917779333333332,0.055962209000000006,0.05659884766666667,0.05419631166666667,0.053090042000000004,0.036642625333333324,0.05785925766666667,0.03157647733333333,0.030206350666666666,0.055026648666666664,0.03431884866666667,0.053121622,0.05569078533333333,0.02777009,0.03801038266666667,0.05283498166666667,0.04256867333333334,0.055418901,1.9868214999999996e-09,0.021091483333333334,0.027785615333333333,0.029906956666666665,0.05709869133333334,0.019304798,0.05828912666666666,0.059525190000000006,0.04183462166666666,0.05711136466666667,0.03700505566666667,0.052864068666666666,0.058035633999999996,0.035400483999999996,0.05636945,0.05589258666666666,0.05696043766666666,0.03695277833333333,0.05373249866666666,0.05352025033333333,0.020121102,0.030572165999999998,0.056661909999999996,0.06040637166666667,0.050216776,0.04568205833333334,0.03226808133333334,0.057769125,0.041088805,0.05402529833333333,0.028687290333333334,0.052653140999999994,0.03442644466666667,0.03464518433333333,0.051832847999999994,0.053107341,0.025507364333333334,0.026935603333333336,0.034316314,0.038555596666666664,0.04332685266666667,0.02023466633333333,0.052065853333333335,0.05586884,0.05494213866666667,0.037047048,0.03208660433333333,0.03992282666666666,0.056784183,0.05426744533333334,0.036167012000000005,0.04275414499999999,0.042973629,0.058664613333333344,0.05852270333333333,0.029394581333333333,0.054989394999999996,0.05356529166666667,0.05655391333333333,0.055962209000000006,0.053090042000000004,0.053121622,0.05569078533333333,0.055418901,0.05709869133333334,0.05828912666666666,0.059525190000000006,0.052864068666666666,0.058035633999999996,0.05589258666666666,0.06040637166666667,0.050216776,0.057769125,0.052653140999999994,0.05586884,0.05494213866666667,0.058664613333333344
5,0.026734696,0.033989387999999995,0.030658766,0.039540788333333333,0.021091483333333334,3.973642999999999e-09,0.03517250633333333,0.011173028,0.04290077999999999,0.03651814266666666,0.01244157966666667,0.02493742333333333,0.04674047633333333,0.040318531000000005,0.040845235,0.017291414999999997,0.04021685,0.02208546,0.041705501666666665,0.047721444999999994,0.04369175533333333,0.037247818,0.05355678233333334,0.03864642466666667,0.04780134766666667,0.04825872433333333,0.0440096,0.04666814666666667,0.035020177333333326,0.03610222533333333,0.049860575,0.051277892,0.03819567166666667,0.048812079999999994,0.047133442333333324,0.04946278933333333,0.05140355333333333,0.03906665666666667,0.055758059,0.058288478333333345,0.05688723166666666,0.05946698366666667,0.05550828533333333,0.05438501666666666,0.05879165333333333,0.05745708,0.05683200333333334,0.05346497333333334,0.053044293333333346,0.056746783333333335,0.05812901166666666,0.05186651166666667,0.05677116833333332,0.05337151666666667,0.057707800999999996,0.056362313000000004,0.05721635666666667,0.05619858466666667,0.06042160566666667,0.059926441999999996,0.055758059,0.026734696,0.05776960466666667,0.058288478333333345,0.05688723166666666,0.05702122533333333,0.047721444999999994,0.05946698366666667,0.04369175533333333,0.037247818,0.05550828533333333,0.033989387999999995,0.056546878333333335,0.05589785866666667,0.030658766,0.039540788333333333,0.05438501666666666,0.05355678233333334,0.06098905333333333,0.021091483333333334,3.973642999999999e-09,0.03517250633333333,0.03864642466666667,0.058066688000000005,0.011173028,0.059913390000000004,0.060945901,0.04290077999999999,0.05879165333333333,0.04780134766666667,0.05411675333333334,0.059026533333333325,0.03651814266666666,0.05745708,0.060108518333333326,0.05683200333333334,0.04825872433333333,0.05346497333333334,0.053044293333333346,0.01244157966666667,0.02493742333333333,0.056746783333333335,0.060904513333333334,0.05911959,0.04674047633333333,0.0440096,0.05863738466666667,0.04666814666666667,0.05812901166666666,0.035020177333333326,0.060620885,0.040318531000000005,0.040845235,0.05186651166666667,0.05677116833333332,0.017291414999999997,0.03610222533333333,0.04021685,0.049860575,0.051277892,0.02208546,0.05337151666666667,0.05890293666666667,0.06004099866666666,0.041705501666666665,0.03819567166666667,0.048812079999999994,0.057707800999999996,0.056362313000000004,0.047133442333333324,0.04946278933333333,0.05140355333333333,0.058981617666666666,0.05721635666666667,0.03906665666666667,0.05619858466666667,0.06042160566666667,0.059926441999999996,0.05776960466666667,0.05702122533333333,0.056546878333333335,0.05589785866666667,0.06098905333333333,0.058066688000000005,0.059913390000000004,0.060945901,0.05411675333333334,0.059026533333333325,0.060108518333333326,0.060904513333333334,0.05911959,0.05863738466666667,0.060620885,0.05890293666666667,0.06004099866666666,0.058981617666666666
6,0.035315803666666666,0.028283354,0.030810702000000002,0.021019906,0.027785615333333333,0.03517250633333333,3.973642999999999e-09,0.038257892333333335,0.03429206766666667,0.017646865,0.03711787833333333,0.03256634566666667,0.039832942,0.028394858000000002,0.018991726666666663,0.040417578,0.018129678333333336,0.03549236433333333,0.021231745000000003,0.037631590000000006,0.03309086133333334,0.033615002,0.043393914,0.024782451,0.03790673,0.04325170866666667,0.03263981,0.03639903866666667,0.03143838066666667,0.026946185,0.04238570333333334,0.045464939999999995,0.02902150733333333,0.04099676666666666,0.03304978833333334,0.036386478666666666,0.03970192666666667,0.030299912666666665,0.053913703333333333,0.053550673333333326,0.05325876166666667,0.055243324333333337,0.05603491666666667,0.04907527,0.055361958333333336,0.05124602866666666,0.057786083333333335,0.05260706166666666,0.051131848333333334,0.05102587333333333,0.051567333333333326,0.048336479,0.05038457933333333,0.05551369666666666,0.05487576166666666,0.05368232666666666,0.05720132,0.049697752000000005,0.057307337666666666,0.051137231666666665,0.053913703333333333,0.035315803666666666,0.05465759666666667,0.053550673333333326,0.05325876166666667,0.057182374999999994,0.037631590000000006,0.055243324333333337,0.03309086133333334,0.033615002,0.05603491666666667,0.028283354,0.056876409,0.04840904533333333,0.030810702000000002,0.021019906,0.04907527,0.043393914,0.060102761,0.027785615333333333,0.03517250633333333,3.973642999999999e-09,0.024782451,0.05039894966666667,0.038257892333333335,0.05450563233333334,0.05376880666666666,0.03429206766666667,0.055361958333333336,0.03790673,0.044347575666666667,0.052317825333333325,0.017646865,0.05124602866666666,0.05398016566666666,0.057786083333333335,0.04325170866666667,0.05260706166666666,0.051131848333333334,0.03711787833333333,0.03256634566666667,0.05102587333333333,0.054899562000000006,0.05551762666666667,0.039832942,0.03263981,0.049856380666666665,0.03639903866666667,0.051567333333333326,0.03143838066666667,0.05733173333333332,0.028394858000000002,0.018991726666666663,0.048336479,0.05038457933333333,0.040417578,0.026946185,0.018129678333333336,0.04238570333333334,0.045464939999999995,0.03549236433333333,0.05551369666666666,0.05662048166666667,0.053522262333333334,0.021231745000000003,0.02902150733333333,0.04099676666666666,0.05487576166666666,0.05368232666666666,0.03304978833333334,0.036386478666666666,0.03970192666666667,0.05387815133333333,0.05720132,0.030299912666666665,0.049697752000000005,0.057307337666666666,0.051137231666666665,0.05465759666666667,0.057182374999999994,0.056876409,0.04840904533333333,0.060102761,0.05039894966666667,0.05450563233333334,0.05376880666666666,0.044347575666666667,0.052317825333333325,0.05398016566666666,0.054899562000000006,0.05551762666666667,0.049856380666666665,0.05733173333333332,0.05662048166666667,0.053522262333333334,0.05387815133333333
7,0.018887506,0.03587033333333333,0.026598296,0.04280761266666667,0.019304798,0.011173028,0.038257892333333335,3.973642999999999e-09,0.04666209333333334,0.039291834666666664,0.010199747333333335,0.022933101666666667,0.04689826466666667,0.044210271,0.044214533,0.015890481,0.041463375,0.019225641,0.045417253,0.04243132533333334,0.0383219,0.03581579066666666,0.047285384666666666,0.03444606333333333,0.04105819333333334,0.043875681666666666,0.040012677666666656,0.04497884333333333,0.033415238,0.032295551,0.045922495,0.047254711,0.03904047333333334,0.04824966533333333,0.04287496833333334,0.048047136666666664,0.04908450899999999,0.03713358766666666,0.05594906833333333,0.054946268,0.05504644699999999,0.05787549666666667,0.054088368666666664,0.054108930000000006,0.058388612,0.05690170333333334,0.05538036033333334,0.053970209000000005,0.05330174833333333,0.056343466666666675,0.054805193333333335,0.05022646333333333,0.05365441333333333,0.051024089333333335,0.05542778833333333,0.054401055999999996,0.05857497466666666,0.05447122666666667,0.055651681333333335,0.05667237166666667,0.05594906833333333,0.018887506,0.05443866333333333,0.054946268,0.05504644699999999,0.054114899999999994,0.04243132533333334,0.05787549666666667,0.0383219,0.03581579066666666,0.054088368666666664,0.03587033333333333,0.05271483166666666,0.05535541833333334,0.026598296,0.04280761266666667,0.054108930000000006,0.047285384666666666,0.057670719999999995,0.019304798,0.011173028,0.038257892333333335,0.03444606333333333,0.05542262,3.973642999999999e-09,0.05888218666666666,0.060870028666666666,0.04666209333333334,0.058388612,0.04105819333333334,0.05276666666666666,0.05631447033333334,0.039291834666666664,0.05690170333333334,0.055047654999999994,0.05538036033333334,0.043875681666666666,0.053970209000000005,0.05330174833333333,0.010199747333333335,0.022933101666666667,0.056343466666666675,0.059779212,0.05436087133333333,0.04689826466666667,0.040012677666666656,0.05731129333333333,0.04497884333333333,0.054805193333333335,0.033415238,0.055885902999999994,0.044210271,0.044214533,0.05022646333333333,0.05365441333333333,0.015890481,0.032295551,0.041463375,0.045922495,0.047254711,0.019225641,0.051024089333333335,0.05421627666666667,0.05744185066666666,0.045417253,0.03904047333333334,0.04824966533333333,0.05542778833333333,0.054401055999999996,0.04287496833333334,0.048047136666666664,0.04908450899999999,0.05899034666666667,0.05857497466666666,0.03713358766666666,0.05447122666666667,0.055651681333333335,0.05667237166666667,0.05443866333333333,0.054114899999999994,0.05271483166666666,0.05535541833333334,0.057670719999999995,0.05542262,0.05888218666666666,0.060870028666666666,0.05276666666666666,0.05631447033333334,0.055047654999999994,0.059779212,0.05436087133333333,0.05731129333333333,0.055885902999999994,0.05421627666666667,0.05744185066666666,0.05899034666666667
8,0.04453637,0.027268085666666667,0.04618801666666667,0.030168070333333335,0.04183462166666666,0.04290077999999999,0.03429206766666667,0.04666209333333334,0.0,0.024417764333333335,0.046459977,0.04233480466666666,0.029624069333333333,0.028276976000000002,0.021435602333333335,0.046418313333333336,0.033899541666666665,0.040147237999999995,0.028409133333333333,0.04399626266666667,0.04442719433333333,0.03774746,0.04934863466666666,0.04070483666666667,0.045403702,0.044490798,0.046223585,0.03829004133333334,0.04046245666666667,0.04039722666666667,0.04467764866666667,0.04691529466666666,0.03539299133333333,0.038314108,0.041151275333333334,0.03629798,0.04438557633333333,0.040800695000000005,0.052185903000000006,0.053358403333333325,0.05596530333333334,0.05550504666666667,0.05412337333333333,0.05007552999999999,0.053371171333333335,0.050205676666666664,0.055626223333333336,0.05276593133333333,0.05316327433333334,0.04911311833333333,0.052921138,0.053298281333333336,0.053385051,0.05591377033333333,0.05604161033333333,0.056056991333333334,0.05703624,0.051727374333333326,0.052453055,0.050935948,0.052185903000000006,0.04453637,0.05280140466666667,0.053358403333333325,0.05596530333333334,0.05661282233333333,0.04399626266666667,0.05550504666666667,0.04442719433333333,0.03774746,0.05412337333333333,0.027268085666666667,0.05291999333333333,0.046451110999999996,0.04618801666666667,0.030168070333333335,0.05007552999999999,0.04934863466666666,0.05736656333333333,0.04183462166666666,0.04290077999999999,0.03429206766666667,0.04070483666666667,0.045931379999999994,0.04666209333333334,0.054759130999999996,0.04857152,0.0,0.053371171333333335,0.045403702,0.048378528999999997,0.05441146,0.024417764333333335,0.050205676666666664,0.04829382,0.055626223333333336,0.044490798,0.05276593133333333,0.05316327433333334,0.046459977,0.04233480466666666,0.04911311833333333,0.052238735333333335,0.050520748666666664,0.029624069333333333,0.046223585,0.050908775333333336,0.03829004133333334,0.052921138,0.04046245666666667,0.054319119,0.028276976000000002,0.021435602333333335,0.053298281333333336,0.053385051,0.046418313333333336,0.04039722666666667,0.033899541666666665,0.04467764866666667,0.04691529466666666,0.040147237999999995,0.05591377033333333,0.04931874000000001,0.046753903000000006,0.028409133333333333,0.03539299133333333,0.038314108,0.05604161033333333,0.056056991333333334,0.041151275333333334,0.03629798,0.04438557633333333,0.05450395366666667,0.05703624,0.040800695000000005,0.051727374333333326,0.052453055,0.050935948,0.05280140466666667,0.05661282233333333,0.05291999333333333,0.046451110999999996,0.05736656333333333,0.045931379999999994,0.054759130999999996,0.04857152,0.048378528999999997,0.05441146,0.04829382,0.052238735333333335,0.050520748666666664,0.050908775333333336,0.054319119,0.04931874000000001,0.046753903000000006,0.05450395366666667
9,0.042441292,0.022305581666666668,0.042095523333333336,0.020641819666666665,0.035400483999999996,0.03651814266666666,0.017646865,0.039291834666666664,0.024417764333333335,3.973642999999999e-09,0.039101988,0.03818076666666667,0.03835874333333333,0.030956858333333333,0.020964263,0.03853454,0.027069084000000004,0.04013149333333333,0.023145044,0.03980987166666667,0.04433333533333334,0.037968850000000005,0.04765379033333333,0.03583063466666667,0.042153053333333336,0.04644766333333334,0.04018495666666667,0.044901178666666666,0.038480568,0.03411209566666667,0.046279180333333336,0.048542190000000006,0.035361378000000006,0.044459498,0.03651913433333333,0.03517305266666667,0.04591289466666666,0.03734337433333333,0.050975164999999996,0.055729165,0.05370563266666666,0.057428919999999994,0.053780017,0.050384685000000005,0.051553106666666675,0.051864926,0.056070491666666666,0.051491635,0.04958150966666666,0.049477,0.052350092,0.048303088,0.05133493333333334,0.053571183333333335,0.05671945166666667,0.055244126666666664,0.055353646666666666,0.04882988533333334,0.057094202000000004,0.055255948000000006,0.050975164999999996,0.042441292,0.05649058,0.055729165,0.05370563266666666,0.05975759,0.03980987166666667,0.057428919999999994,0.04433333533333334,0.037968850000000005,0.053780017,0.022305581666666668,0.05556671999999999,0.05139025766666667,0.042095523333333336,0.020641819666666665,0.050384685000000005,0.04765379033333333,0.060567986666666664,0.035400483999999996,0.03651814266666666,0.017646865,0.03583063466666667,0.05366969133333333,0.039291834666666664,0.057346836666666665,0.05701289,0.024417764333333335,0.051553106666666675,0.042153053333333336,0.051485166666666665,0.05658013533333333,3.973642999999999e-09,0.051864926,0.05276326,0.056070491666666666,0.04644766333333334,0.051491635,0.04958150966666666,0.039101988,0.03818076666666667,0.049477,0.05648665533333334,0.05629707533333333,0.03835874333333333,0.04018495666666667,0.055259041,0.044901178666666666,0.052350092,0.038480568,0.05844420400000001,0.030956858333333333,0.020964263,0.048303088,0.05133493333333334,0.03853454,0.03411209566666667,0.027069084000000004,0.046279180333333336,0.048542190000000006,0.04013149333333333,0.053571183333333335,0.051097737,0.053784238666666664,0.023145044,0.035361378000000006,0.044459498,0.05671945166666667,0.055244126666666664,0.03651913433333333,0.03517305266666667,0.04591289466666666,0.057360916666666664,0.055353646666666666,0.03734337433333333,0.04882988533333334,0.057094202000000004,0.055255948000000006,0.05649058,0.05975759,0.05556671999999999,0.05139025766666667,0.060567986666666664,0.05366969133333333,0.057346836666666665,0.05701289,0.051485166666666665,0.05658013533333333,0.05276326,0.05648665533333334,0.05629707533333333,0.055259041,0.05844420400000001,0.051097737,0.053784238666666664,0.057360916666666664
10,0.02153599633333333,0.03341496,0.026931641,0.04446369633333334,0.020121102,0.01244157966666667,0.03711787833333333,0.010199747333333335,0.046459977,0.039101988,3.973642999999999e-09,0.02449413766666667,0.051123633333333335,0.04540027333333333,0.045561348666666675,0.008950674666666665,0.042371301666666666,0.01919615666666667,0.04774443433333333,0.04591576466666667,0.04092168,0.03569593633333333,0.049014548666666664,0.03373056666666666,0.045306900000000004,0.04689971166666666,0.043417882,0.04562259866666666,0.030396014333333332,0.03241228266666667,0.04629002333333333,0.048125640000000004,0.038310734666666665,0.050693453333333326,0.04290164866666667,0.04488570133333333,0.04957817666666666,0.03583870733333334,0.053788412333333334,0.05850849433333334,0.05665946333333333,0.060957538666666665,0.052293531666666664,0.05259157333333333,0.05732457,0.05869057533333333,0.053757683333333334,0.050762598333333325,0.04910877333333333,0.05770819566666666,0.05742161833333334,0.048665793666666665,0.056014524333333336,0.05019287566666666,0.05800386666666667,0.05740091666666667,0.057839709999999996,0.055659191000000004,0.05766260566666667,0.059871006666666664,0.053788412333333334,0.02153599633333333,0.05507754233333333,0.05850849433333334,0.05665946333333333,0.052537181,0.04591576466666667,0.060957538666666665,0.04092168,0.03569593633333333,0.052293531666666664,0.03341496,0.053206123333333334,0.05786226666666667,0.026931641,0.04446369633333334,0.05259157333333333,0.049014548666666664,0.05892557333333334,0.020121102,0.01244157966666667,0.03711787833333333,0.03373056666666666,0.05864999,0.010199747333333335,0.05945496133333334,0.060369309999999995,0.046459977,0.05732457,0.045306900000000004,0.05384121433333333,0.05772589533333334,0.039101988,0.05869057533333333,0.058646353,0.053757683333333334,0.04689971166666666,0.050762598333333325,0.04910877333333333,3.973642999999999e-09,0.02449413766666667,0.05770819566666666,0.06122570166666666,0.05599221566666667,0.051123633333333335,0.043417882,0.05944334666666667,0.04562259866666666,0.05742161833333334,0.030396014333333332,0.05626289666666666,0.04540027333333333,0.045561348666666675,0.048665793666666665,0.056014524333333336,0.008950674666666665,0.03241228266666667,0.042371301666666666,0.04629002333333333,0.048125640000000004,0.01919615666666667,0.05019287566666666,0.054618602,0.058641441,0.04774443433333333,0.038310734666666665,0.050693453333333326,0.05800386666666667,0.05740091666666667,0.04290164866666667,0.04488570133333333,0.04957817666666666,0.05996537166666667,0.057839709999999996,0.03583870733333334,0.055659191000000004,0.05766260566666667,0.059871006666666664,0.05507754233333333,0.052537181,0.053206123333333334,0.05786226666666667,0.05892557333333334,0.05864999,0.05945496133333334,0.060369309999999995,0.05384121433333333,0.05772589533333334,0.058646353,0.06122570166666666,0.05599221566666667,0.05944334666666667,0.05626289666666666,0.054618602,0.058641441,0.05996537166666667
11,0.028626116,0.029239870999999997,0.029850039666666668,0.03174373266666666,0.030572165999999998,0.02493742333333333,0.03256634566666667,0.022933101666666667,0.04233480466666666,0.03818076666666667,0.02449413766666667,0.0,0.03752848666666666,0.038835966666666666,0.042061959999999995,0.02557817466666667,0.034441613333333336,0.030188179,0.040646275333333336,0.040969098,0.03376787566666666,0.042291546666666666,0.04283008866666667,0.039123519999999995,0.03788135233333333,0.04079534133333333,0.035942376666666664,0.04097330799999999,0.04194750999999999,0.040289681333333334,0.047765229,0.042705923333333326,0.041650746333333336,0.046762404333333334,0.043940723333333334,0.04840072333333333,0.050142483333333335,0.039151318000000004,0.058616688,0.058429099000000005,0.058063585333333334,0.06173429833333333,0.05728783233333334,0.054344358,0.06167012633333333,0.060542695,0.05842560866666666,0.055967317,0.05636524366666666,0.058165049,0.057485834666666666,0.05447828366666667,0.05717703333333333,0.057354248999999996,0.05987835866666667,0.059920227666666666,0.061141416666666656,0.05747965833333333,0.054975435333333336,0.049540495999999996,0.058616688,0.028626116,0.05032392966666667,0.058429099000000005,0.058063585333333334,0.048967623333333335,0.040969098,0.06173429833333333,0.03376787566666666,0.042291546666666666,0.05728783233333334,0.029239870999999997,0.05292948433333333,0.051194036666666665,0.029850039666666668,0.03174373266666666,0.054344358,0.04283008866666667,0.05795091766666667,0.030572165999999998,0.02493742333333333,0.03256634566666667,0.039123519999999995,0.04368445233333333,0.022933101666666667,0.05293688,0.05188981833333333,0.04233480466666666,0.06167012633333333,0.03788135233333333,0.043223945,0.049610778999999994,0.03818076666666667,0.060542695,0.051192589,0.05842560866666666,0.04079534133333333,0.055967317,0.05636524366666666,0.02449413766666667,0.0,0.058165049,0.05321629866666666,0.055972998333333336,0.03752848666666666,0.035942376666666664,0.050362114,0.04097330799999999,0.057485834666666666,0.04194750999999999,0.056444809,0.038835966666666666,0.042061959999999995,0.05447828366666667,0.05717703333333333,0.02557817466666667,0.040289681333333334,0.034441613333333336,0.047765229,0.042705923333333326,0.030188179,0.057354248999999996,0.053129549,0.055263153333333336,0.040646275333333336,0.041650746333333336,0.046762404333333334,0.05987835866666667,0.059920227666666666,0.043940723333333334,0.04840072333333333,0.050142483333333335,0.053507818666666665,0.061141416666666656,0.039151318000000004,0.05747965833333333,0.054975435333333336,0.049540495999999996,0.05032392966666667,0.048967623333333335,0.05292948433333333,0.051194036666666665,0.05795091766666667,0.04368445233333333,0.05293688,0.05188981833333333,0.043223945,0.049610778999999994,0.051192589,0.05321629866666666,0.055972998333333336,0.050362114,0.056444809,0.053129549,0.055263153333333336,0.053507818666666665
12,0.042890992333333336,0.036701032,0.05012242833333334,0.03428059033333333,0.04568205833333334,0.04674047633333333,0.039832942,0.04689826466666667,0.029624069333333333,0.03835874333333333,0.051123633333333335,0.03752848666666666,5.960464499999999e-09,0.03858320333333333,0.03861988533333333,0.049442312,0.0348762,0.045828058666666664,0.0410491,0.04789832533333334,0.047120158,0.054073806666666675,0.049319627000000005,0.053312879,0.041972918000000005,0.039359581666666664,0.04046926833333333,0.04618786666666666,0.05401688666666667,0.05204184133333333,0.04942991366666667,0.048158771,0.050369755,0.043300098333333335,0.04886963766666667,0.050254228666666664,0.048503965,0.048799488333333335,0.05941940833333333,0.05624946333333334,0.05926679333333333,0.0586655,0.05873234533333334,0.056997780000000005,0.057504005,0.057427670333333326,0.05919663533333333,0.05899963,0.057082280000000006,0.05794674333333334,0.055161001999999994,0.058102934333333335,0.058001874,0.05767336233333333,0.05990669833333333,0.058531748333333335,0.059968567666666674,0.05446140333333333,0.04704468133333333,0.042359970000000004,0.05941940833333333,0.042890992333333336,0.044763840000000006,0.05624946333333334,0.05926679333333333,0.05204296933333333,0.04789832533333334,0.0586655,0.047120158,0.054073806666666675,0.05873234533333334,0.036701032,0.042823418,0.04517474566666667,0.05012242833333334,0.03428059033333333,0.056997780000000005,0.049319627000000005,0.048481838333333326,0.04568205833333334,0.04674047633333333,0.039832942,0.053312879,0.036495144666666667,0.04689826466666667,0.05244047633333334,0.04915810666666666,0.029624069333333333,0.057504005,0.041972918000000005,0.044604446666666665,0.05147975533333334,0.03835874333333333,0.057427670333333326,0.041526321666666664,0.05919663533333333,0.039359581666666664,0.05899963,0.057082280000000006,0.051123633333333335,0.03752848666666666,0.05794674333333334,0.047264346666666665,0.04196159666666666,5.960464499999999e-09,0.04046926833333333,0.05021121133333333,0.04618786666666666,0.055161001999999994,0.05401688666666667,0.046820858,0.03858320333333333,0.03861988533333333,0.058102934333333335,0.058001874,0.049442312,0.05204184133333333,0.0348762,0.04942991366666667,0.048158771,0.045828058666666664,0.05767336233333333,0.044359101,0.03828740466666667,0.0410491,0.050369755,0.043300098333333335,0.05990669833333333,0.058531748333333335,0.04886963766666667,0.050254228666666664,0.048503965,0.048455449,0.059968567666666674,0.048799488333333335,0.05446140333333333,0.04704468133333333,0.042359970000000004,0.044763840000000006,0.05204296933333333,0.042823418,0.04517474566666667,0.048481838333333326,0.036495144666666667,0.05244047633333334,0.04915810666666666,0.044604446666666665,0.05147975533333334,0.041526321666666664,0.047264346666666665,0.04196159666666666,0.05021121133333333,0.046820858,0.044359101,0.03828740466666667,0.048455449
