,omer_02.jpg,tal_05.jpg,omer_07.jpg,tal_06.jpg,omer_06.jpg,omer_08.jpg,tal_01.jpg,omer_03.jpg,tal_07.jpg,tal_03.jpg,omer_04.jpg,omer_10.jpg,tal_09.jpg,tal_02.jpg,tal_08.jpg,omer_09.jpg,tal_10.jpg,omer_05.jpg,tal_04.jpg,matt_04.jpg,dom_10.jpg,dom_05.jpg,matt_08.jpg,dom_04.jpg,matt_02.jpg,matt_07.jpg,matt_06.jpg,matt_05.jpg,dom_07.jpg,dom_03.jpg,matt_03.jpg,matt_01.jpg,dom_06.jpg,matt_10.jpg,dom_01.jpg,dom_09.jpg,matt_09.jpg,dom_02.jpg,tess_03.jpg,taz_06.jpg,taz_04.jpg,taz_03.jpg,tess_01.jpg,tess_07.jpg,tess_05.jpg,taz_05.jpg,tess_02.jpg,tess_09.jpg,tess_06.jpg,taz_07.jpg,taz_02.jpg,tess_04.jpg,taz_09.jpg,tess_08.jpg,taz_08.jpg,taz_01.jpg,tess_10.jpg,taz_10.jpg,marina_07.jpg,tamar_04.jpg,tess_03.jpg.1,omer_02.jpg.1,marina_04.jpg,taz_06.jpg.1,taz_04.jpg.1,marina_01.jpg,matt_04.jpg.1,taz_03.jpg.1,dom_10.jpg.1,dom_05.jpg.1,tess_01.jpg.1,tal_05.jpg.1,marina_06.jpg,tamar_09.jpg,omer_07.jpg.1,tal_06.jpg.1,tess_07.jpg.1,matt_08.jpg.1,marina_08.jpg,omer_06.jpg.1,omer_08.jpg.1,tal_01.jpg.1,dom_04.jpg.1,tamar_10.jpg,omer_03.jpg.1,tamar_02.jpg,tamar_05.jpg,tal_07.jpg.1,tess_05.jpg.1,matt_02.jpg.1,tamar_07.jpg,tamar_03.jpg,tal_03.jpg.1,taz_05.jpg.1,marina_09.jpg,tess_02.jpg.1,matt_07.jpg.1,tess_09.jpg.1,tess_06.jpg.1,omer_04.jpg.1,omer_10.jpg.1,taz_07.jpg.1,tamar_01.jpg,marina_10.jpg,tal_09.jpg.1,matt_06.jpg.1,tamar_06.jpg,matt_05.jpg.1,taz_02.jpg.1,dom_07.jpg.1,marina_05.jpg,tal_02.jpg.1,tal_08.jpg.1,tess_04.jpg.1,taz_09.jpg.1,omer_09.jpg.1,dom_03.jpg.1,tal_10.jpg.1,matt_03.jpg.1,matt_01.jpg.1,omer_05.jpg.1,tess_08.jpg.1,marina_02.jpg,marina_03.jpg,tal_04.jpg.1,dom_06.jpg.1,matt_10.jpg.1,taz_08.jpg.1,taz_01.jpg.1,dom_01.jpg.1,dom_09.jpg.1,matt_09.jpg.1,tamar_08.jpg,tess_10.jpg.1,dom_02.jpg.1,taz_10.jpg.1,marina_07.jpg.1,tamar_04.jpg.1,marina_04.jpg.1,marina_01.jpg.1,marina_06.jpg.1,tamar_09.jpg.1,marina_08.jpg.1,tamar_10.jpg.1,tamar_02.jpg.1,tamar_05.jpg.1,tamar_07.jpg.1,tamar_03.jpg.1,marina_09.jpg.1,tamar_01.jpg.1,marina_10.jpg.1,tamar_06.jpg.1,marina_05.jpg.1,marina_02.jpg.1,marina_03.jpg.1,tamar_08.jpg.1
0,1.9868214999999996e-09,0.02813411166666667,0.019609671666666665,0.026077963666666665,0.014870146666666665,0.020424300333333333,0.025524747333333334,0.011971664333333333,0.03233410133333333,0.019087750000000004,0.016305732666666666,0.021342212000000003,0.0391131,0.027626850333333335,0.03684981133333333,0.018987407666666668,0.03410319,0.016293636666666667,0.040148684999999996,0.03838045666666667,0.03220904333333333,0.0381928,0.04732572,0.03307607666666666,0.034577813333333325,0.034119050000000005,0.03486291466666667,0.04627937133333333,0.03615513266666667,0.029529555333333332,0.04909574666666667,0.04342407333333333,0.031039582,0.037735906666666666,0.03560358933333333,0.03717130833333333,0.047320392,0.029082934,0.048140905000000005,0.055920696666666665,0.054499080000000005,0.05660809866666667,0.051500231333333334,0.04915112666666667,0.05696401333333334,0.05679639566666667,0.053300273333333335,0.05202794533333333,0.04731443933333333,0.051335853333333334,0.04776632566666667,0.05119938066666667,0.053052838333333324,0.055006713333333325,0.05080316666666666,0.05467272,0.05833060433333334,0.05172130666666666,0.052824303333333336,0.05803722733333334,0.048140905000000005,1.9868214999999996e-09,0.05414709333333333,0.055920696666666665,0.054499080000000005,0.05425573833333333,0.03838045666666667,0.05660809866666667,0.03220904333333333,0.0381928,0.051500231333333334,0.02813411166666667,0.05045969133333334,0.054476005,0.019609671666666665,0.026077963666666665,0.04915112666666667,0.04732572,0.056066024333333325,0.014870146666666665,0.020424300333333333,0.025524747333333334,0.03307607666666666,0.05325485466666667,0.011971664333333333,0.05406774566666666,0.05375736766666666,0.03233410133333333,0.05696401333333334,0.034577813333333325,0.05312748,0.053959146666666666,0.019087750000000004,0.05679639566666667,0.05563418666666666,0.053300273333333335,0.034119050000000005,0.05202794533333333,0.04731443933333333,0.016305732666666666,0.021342212000000003,0.051335853333333334,0.05339396133333333,0.052981843333333334,0.0391131,0.03486291466666667,0.05788410099999999,0.04627937133333333,0.04776632566666667,0.03615513266666667,0.051872919999999996,0.027626850333333335,0.03684981133333333,0.05119938066666667,0.053052838333333324,0.018987407666666668,0.029529555333333332,0.03410319,0.04909574666666667,0.04342407333333333,0.016293636666666667,0.055006713333333325,0.051931136666666676,0.05499163333333334,0.040148684999999996,0.031039582,0.037735906666666666,0.05080316666666666,0.05467272,0.03560358933333333,0.03717130833333333,0.047320392,0.05312659166666667,0.05833060433333334,0.029082934,0.05172130666666666,0.052824303333333336,0.05803722733333334,0.05414709333333333,0.05425573833333333,0.05045969133333334,0.054476005,0.056066024333333325,0.05325485466666667,0.05406774566666666,0.05375736766666666,0.05312748,0.053959146666666666,0.05563418666666666,0.05339396133333333,0.052981843333333334,0.05788410099999999,0.051872919999999996,0.051931136666666676,0.05499163333333334,0.05312659166666667
1,0.02813411166666667,3.973642999999999e-09,0.032272424333333334,0.022872626666666666,0.031750735333333335,0.031346577333333334,0.031968346999999994,0.03277904166666667,0.02858522,0.018913458,0.028828307,0.029452971666666668,0.03389866666666667,0.03776426433333334,0.04585993133333333,0.029298411,0.041780111999999994,0.02906041133333333,0.04731417,0.047941047,0.04232072666666666,0.049355061,0.053568496666666666,0.042284750999999995,0.042445003999999995,0.046800636666666666,0.04623873233333334,0.04901561733333334,0.047448028999999996,0.04483702766666667,0.051322858,0.04804270166666667,0.04864723666666667,0.04368225833333333,0.047876210999999995,0.05231979333333333,0.04784781666666667,0.039705207666666666,0.04603022666666667,0.05984882166666667,0.05950732666666667,0.059904346666666664,0.049908248,0.04897094333333333,0.051821346666666664,0.060395796666666675,0.04776332800000001,0.051316161666666665,0.046101508,0.05518383566666666,0.05247864,0.053511859999999994,0.056768249,0.052777111333333335,0.056668333,0.05754123333333332,0.05430921666666667,0.055118375666666664,0.054103323333333335,0.05623388333333333,0.04603022666666667,0.02813411166666667,0.052365264333333335,0.05984882166666667,0.05950732666666667,0.053172689,0.047941047,0.059904346666666664,0.04232072666666666,0.049355061,0.049908248,3.973642999999999e-09,0.047269941999999995,0.051702315,0.032272424333333334,0.022872626666666666,0.04897094333333333,0.053568496666666666,0.05491133333333333,0.031750735333333335,0.031346577333333334,0.031968346999999994,0.042284750999999995,0.05370946333333334,0.03277904166666667,0.052926102,0.050784209999999996,0.02858522,0.051821346666666664,0.042445003999999995,0.050401925666666667,0.05012975666666667,0.018913458,0.060395796666666675,0.05186917766666667,0.04776332800000001,0.046800636666666666,0.051316161666666665,0.046101508,0.028828307,0.029452971666666668,0.05518383566666666,0.05267340333333334,0.05176313133333334,0.03389866666666667,0.04623873233333334,0.057634943333333334,0.04901561733333334,0.05247864,0.047448028999999996,0.048851196,0.03776426433333334,0.04585993133333333,0.053511859999999994,0.056768249,0.029298411,0.04483702766666667,0.041780111999999994,0.051322858,0.04804270166666667,0.02906041133333333,0.052777111333333335,0.051330615333333336,0.047481755,0.04731417,0.04864723666666667,0.04368225833333333,0.056668333,0.05754123333333332,0.047876210999999995,0.05231979333333333,0.04784781666666667,0.05193346000000001,0.05430921666666667,0.039705207666666666,0.055118375666666664,0.054103323333333335,0.05623388333333333,0.052365264333333335,0.053172689,0.047269941999999995,0.051702315,0.05491133333333333,0.05370946333333334,0.052926102,0.050784209999999996,0.050401925666666667,0.05012975666666667,0.05186917766666667,0.05267340333333334,0.05176313133333334,0.057634943333333334,0.048851196,0.051330615333333336,0.047481755,0.05193346000000001
2,0.019609671666666665,0.032272424333333334,0.0,0.03064990466666667,0.023063060000000003,0.023947191666666662,0.031673391333333335,0.019592934999999995,0.03581340733333334,0.02478210666666667,0.022734417333333333,0.026305337333333335,0.04417612766666667,0.033850666,0.03888309333333333,0.024035032666666668,0.039118738,0.021193661333333336,0.040435695666666674,0.042782695999999995,0.03191995066666667,0.041228758333333324,0.04963527333333333,0.03531024233333333,0.039736835333333324,0.03794426333333333,0.03236391166666667,0.045770089,0.039909772333333336,0.031982412333333335,0.053144439999999994,0.044254923333333335,0.03437917,0.039556876666666664,0.040177164333333334,0.03991126133333333,0.049079491333333336,0.029125523333333337,0.04810597333333333,0.05825292533333334,0.05615592866666666,0.057797498999999995,0.04960472866666667,0.04829890333333333,0.05439705666666666,0.058919582000000005,0.050547421999999995,0.050392840333333334,0.04790712133333333,0.05466837666666667,0.05252540666666668,0.05064091166666666,0.05539006,0.05557555533333333,0.051196895,0.05649355866666667,0.05629671,0.05383282833333333,0.058089601666666664,0.05959778,0.04810597333333333,0.019609671666666665,0.05047119666666666,0.05825292533333334,0.05615592866666666,0.053078933333333335,0.042782695999999995,0.057797498999999995,0.03191995066666667,0.041228758333333324,0.04960472866666667,0.032272424333333334,0.048671055000000005,0.05474526766666667,0.0,0.03064990466666667,0.04829890333333333,0.04963527333333333,0.057153974333333336,0.023063060000000003,0.023947191666666662,0.031673391333333335,0.03531024233333333,0.05518597166666666,0.019592934999999995,0.050770513333333336,0.05608574533333333,0.03581340733333334,0.05439705666666666,0.039736835333333324,0.052948454666666665,0.05253449133333333,0.02478210666666667,0.058919582000000005,0.05635497666666667,0.050547421999999995,0.03794426333333333,0.050392840333333334,0.04790712133333333,0.022734417333333333,0.026305337333333335,0.05466837666666667,0.0528503,0.05190470566666667,0.04417612766666667,0.03236391166666667,0.05570083333333333,0.045770089,0.05252540666666668,0.039909772333333336,0.053187733333333334,0.033850666,0.03888309333333333,0.05064091166666666,0.05539006,0.024035032666666668,0.031982412333333335,0.039118738,0.053144439999999994,0.044254923333333335,0.021193661333333336,0.05557555533333333,0.05589992866666667,0.05235232999999999,0.040435695666666674,0.03437917,0.039556876666666664,0.051196895,0.05649355866666667,0.040177164333333334,0.03991126133333333,0.049079491333333336,0.051526293333333334,0.05629671,0.029125523333333337,0.05383282833333333,0.058089601666666664,0.05959778,0.05047119666666666,0.053078933333333335,0.048671055000000005,0.05474526766666667,0.057153974333333336,0.05518597166666666,0.050770513333333336,0.05608574533333333,0.052948454666666665,0.05253449133333333,0.05635497666666667,0.0528503,0.05190470566666667,0.05570083333333333,0.053187733333333334,0.05589992866666667,0.05235232999999999,0.051526293333333334
3,0.026077963666666665,0.022872626666666666,0.03064990466666667,0.0,0.029660371666666668,0.03687020333333333,0.021081445333333334,0.037948184666666676,0.02729441133333333,0.014862596866666666,0.03379096066666667,0.026478739333333334,0.039664073333333334,0.032764262,0.036261763333333336,0.036825356999999996,0.034178124666666664,0.03640769533333333,0.036608933333333336,0.037851159999999995,0.03273645,0.04638977,0.048779902666666666,0.034012391333333336,0.03211507,0.03661614266666667,0.0414272,0.040485779000000006,0.041022279999999994,0.038015796666666664,0.047298896666666666,0.03713529,0.039735663,0.03274879866666667,0.037886707,0.04478648666666666,0.039400319999999996,0.032415981999999996,0.05444670666666666,0.061915174333333343,0.06023172333333334,0.061150931666666665,0.05570161666666666,0.053820245,0.054840606666666666,0.06203605333333333,0.053523553333333335,0.056801414999999994,0.055417166000000004,0.05713805500000001,0.05158690666666666,0.056343731,0.057022486666666664,0.057749288333333336,0.059146616666666665,0.05974965333333333,0.05697097,0.05877829999999999,0.05257864,0.04928362133333333,0.05444670666666666,0.026077963666666665,0.05176183333333333,0.061915174333333343,0.06023172333333334,0.054897698333333335,0.037851159999999995,0.061150931666666665,0.03273645,0.04638977,0.05570161666666666,0.022872626666666666,0.049987262,0.047963636999999996,0.03064990466666667,0.0,0.053820245,0.048779902666666666,0.05709936333333334,0.029660371666666668,0.03687020333333333,0.021081445333333334,0.034012391333333336,0.04491207033333333,0.037948184666666676,0.047941322333333335,0.044411631666666666,0.02729441133333333,0.054840606666666666,0.03211507,0.04504245900000001,0.045870892,0.014862596866666666,0.06203605333333333,0.049565542,0.053523553333333335,0.03661614266666667,0.056801414999999994,0.055417166000000004,0.03379096066666667,0.026478739333333334,0.05713805500000001,0.04915199299999999,0.05388827733333333,0.039664073333333334,0.0414272,0.054679374999999995,0.040485779000000006,0.05158690666666666,0.041022279999999994,0.04969218466666667,0.032764262,0.036261763333333336,0.056343731,0.057022486666666664,0.036825356999999996,0.038015796666666664,0.034178124666666664,0.047298896666666666,0.03713529,0.03640769533333333,0.057749288333333336,0.05137036333333333,0.048257405,0.036608933333333336,0.039735663,0.03274879866666667,0.059146616666666665,0.05974965333333333,0.037886707,0.04478648666666666,0.039400319999999996,0.047494981666666665,0.05697097,0.032415981999999996,0.05877829999999999,0.05257864,0.04928362133333333,0.05176183333333333,0.054897698333333335,0.049987262,0.047963636999999996,0.05709936333333334,0.04491207033333333,0.047941322333333335,0.044411631666666666,0.04504245900000001,0.045870892,0.049565542,0.04915199299999999,0.05388827733333333,0.054679374999999995,0.04969218466666667,0.05137036333333333,0.048257405,0.047494981666666665
4,0.014870146666666665,0.031750735333333335,0.023063060000000003,0.029660371666666668,0.0,0.01640145966666667,0.019156636666666668,0.016605518333333333,0.03460953233333333,0.023060218333333334,0.015001716,0.023410121666666665,0.040320944666666664,0.032792810666666665,0.036957749000000005,0.020549603333333333,0.03276617933333333,0.014260460666666665,0.041427472,0.04155396233333333,0.033955188666666664,0.03469245466666667,0.05096795666666667,0.032527768666666665,0.04059819466666667,0.03467765999999999,0.03380719,0.04596507666666667,0.03156696333333334,0.028269892666666668,0.049751628,0.04806396566666667,0.030734858333333337,0.03936882466666667,0.038089771333333335,0.04013349,0.046875385,0.026065761,0.052799991,0.056550085333333326,0.055917438,0.05703135333333333,0.05550651833333333,0.054422102,0.05723463333333334,0.05772051333333333,0.05687995333333333,0.05498643,0.05034317,0.05417598866666666,0.052226074666666664,0.05418612433333333,0.054434011666666664,0.05634200366666667,0.05451599133333333,0.05592624533333333,0.05870755999999999,0.051614424666666665,0.05530819333333334,0.058949127,0.052799991,0.014870146666666665,0.055932648333333335,0.056550085333333326,0.055917438,0.057445993333333334,0.04155396233333333,0.05703135333333333,0.033955188666666664,0.03469245466666667,0.05550651833333333,0.031750735333333335,0.051070387666666675,0.058109945333333336,0.023063060000000003,0.029660371666666668,0.054422102,0.05096795666666667,0.05667469666666666,0.0,0.01640145966666667,0.019156636666666668,0.032527768666666665,0.055586128,0.016605518333333333,0.05672034833333333,0.05710147566666667,0.03460953233333333,0.05723463333333334,0.04059819466666667,0.055781167666666666,0.05761625,0.023060218333333334,0.05772051333333333,0.058056412,0.05687995333333333,0.03467765999999999,0.05498643,0.05034317,0.015001716,0.023410121666666665,0.05417598866666666,0.057192268,0.05392101133333333,0.040320944666666664,0.03380719,0.057763459333333336,0.04596507666666667,0.052226074666666664,0.03156696333333334,0.05359199766666666,0.032792810666666665,0.036957749000000005,0.05418612433333333,0.054434011666666664,0.020549603333333333,0.028269892666666668,0.03276617933333333,0.049751628,0.04806396566666667,0.014260460666666665,0.05634200366666667,0.05751390766666667,0.05614233666666667,0.041427472,0.030734858333333337,0.03936882466666667,0.05451599133333333,0.05592624533333333,0.038089771333333335,0.04013349,0.046875385,0.05384016866666667,0.05870755999999999,0.026065761,0.051614424666666665,0.05530819333333334,0.058949127,0.055932648333333335,0.057445993333333334,0.051070387666666675,0.058109945333333336,0.05667469666666666,0.055586128,0.05672034833333333,0.05710147566666667,0.055781167666666666,0.05761625,0.058056412,0.057192268,0.05392101133333333,0.057763459333333336,0.05359199766666666,0.05751390766666667,0.05614233666666667,0.05384016866666667
5,0.020424300333333333,0.031346577333333334,0.023947191666666662,0.03687020333333333,0.01640145966666667,1.9868214999999996e-09,0.036059,0.010486620666666667,0.03910671,0.030349369666666667,0.0083871642,0.016975172333333337,0.04485852333333333,0.04178023733333334,0.049477211,0.009442901666666666,0.04366751133333334,0.024839627666666666,0.05069854066666667,0.045271611333333336,0.04129445666666667,0.04118816833333334,0.05310007333333333,0.04638379,0.04624013,0.045343634666666674,0.04031915666666667,0.05244166833333333,0.040883835,0.038258834666666665,0.054493686666666666,0.050512270333333324,0.04024912866666666,0.04685034366666666,0.046108471666666664,0.04560540666666667,0.055401186666666664,0.03250452266666667,0.05358760766666667,0.060376908666666666,0.06009689,0.06090746466666667,0.05782345766666667,0.057282317,0.05940408666666666,0.06115194333333333,0.057919234666666666,0.05796960666666666,0.05356966033333333,0.057157229999999996,0.05832898500000001,0.05723879,0.060061486666666664,0.05884390766666667,0.05775031466666666,0.059259682,0.05957735366666667,0.05699465333333333,0.058934879999999995,0.060266266666666665,0.05358760766666667,0.020424300333333333,0.057331702000000005,0.060376908666666666,0.06009689,0.05863920333333333,0.045271611333333336,0.06090746466666667,0.04129445666666667,0.04118816833333334,0.05782345766666667,0.031346577333333334,0.055585126,0.05937714666666667,0.023947191666666662,0.03687020333333333,0.057282317,0.05310007333333333,0.060504629,0.01640145966666667,1.9868214999999996e-09,0.036059,0.04638379,0.059595749999999996,0.010486620666666667,0.05780000666666667,0.05993814066666667,0.03910671,0.05940408666666666,0.04624013,0.057879668666666675,0.059941168,0.030349369666666667,0.06115194333333333,0.05984033366666666,0.057919234666666666,0.045343634666666674,0.05796960666666666,0.05356966033333333,0.0083871642,0.016975172333333337,0.057157229999999996,0.059505593333333336,0.057007728,0.04485852333333333,0.04031915666666667,0.060188525333333326,0.05244166833333333,0.05832898500000001,0.040883835,0.057826530999999994,0.04178023733333334,0.049477211,0.05723879,0.060061486666666664,0.009442901666666666,0.038258834666666665,0.04366751133333334,0.054493686666666666,0.050512270333333324,0.024839627666666666,0.05884390766666667,0.059440252000000006,0.059167987,0.05069854066666667,0.04024912866666666,0.04685034366666666,0.05775031466666666,0.059259682,0.046108471666666664,0.04560540666666667,0.055401186666666664,0.05691860166666666,0.05957735366666667,0.03250452266666667,0.05699465333333333,0.058934879999999995,0.060266266666666665,0.057331702000000005,0.05863920333333333,0.055585126,0.05937714666666667,0.060504629,0.059595749999999996,0.05780000666666667,0.05993814066666667,0.057879668666666675,0.059941168,0.05984033366666666,0.059505593333333336,0.057007728,0.060188525333333326,0.057826530999999994,0.059440252000000006,0.059167987,0.05691860166666666
6,0.025524747333333334,0.031968346999999994,0.031673391333333335,0.021081445333333334,0.019156636666666668,0.036059,0.0,0.035625459666666665,0.027047780999999996,0.01956836,0.03205908333333333,0.03119631233333333,0.03547517166666667,0.02343335,0.024365695333333333,0.03794089566666667,0.025870623,0.02992944133333333,0.02860757133333334,0.036693388666666674,0.03185356466666667,0.03597585366666667,0.04518398999999999,0.024684794666666666,0.03227355466666667,0.031853540666666666,0.03551164,0.03790956666666667,0.031003184666666666,0.027811195333333334,0.045822390000000005,0.03885618566666667,0.026310022666666665,0.03108600566666667,0.031720718,0.03752629833333333,0.03593899566666667,0.030586568666666668,0.05473600233333333,0.05429270466666667,0.054591222666666675,0.05645361166666666,0.05677924000000001,0.051649391999999995,0.05706539333333333,0.054863008666666664,0.05695831366666666,0.055830304000000004,0.05441639433333333,0.053392753333333334,0.04988318666666666,0.053682928000000005,0.053151814666666665,0.055860902000000004,0.054312103333333334,0.055027530000000005,0.05769956733333333,0.04952744633333333,0.052891682333333336,0.05078201166666667,0.05473600233333333,0.025524747333333334,0.053680419,0.05429270466666667,0.054591222666666675,0.05659721,0.036693388666666674,0.05645361166666666,0.03185356466666667,0.03597585366666667,0.05677924000000001,0.031968346999999994,0.05183178099999999,0.04636306466666666,0.031673391333333335,0.021081445333333334,0.051649391999999995,0.04518398999999999,0.054283573333333335,0.019156636666666668,0.036059,0.0,0.024684794666666666,0.04413804200000001,0.035625459666666665,0.05001581200000001,0.046402351,0.027047780999999996,0.05706539333333333,0.03227355466666667,0.04465999666666666,0.04876658233333333,0.01956836,0.054863008666666664,0.05021481466666667,0.05695831366666666,0.031853540666666666,0.055830304000000004,0.05441639433333333,0.03205908333333333,0.03119631233333333,0.053392753333333334,0.04935823666666666,0.05338403,0.03547517166666667,0.03551164,0.05092501566666666,0.03790956666666667,0.04988318666666666,0.031003184666666666,0.054232692666666665,0.02343335,0.024365695333333333,0.053682928000000005,0.053151814666666665,0.03794089566666667,0.027811195333333334,0.025870623,0.045822390000000005,0.03885618566666667,0.02992944133333333,0.055860902000000004,0.05387858666666667,0.05241734,0.02860757133333334,0.026310022666666665,0.03108600566666667,0.054312103333333334,0.055027530000000005,0.031720718,0.03752629833333333,0.03593899566666667,0.04570589,0.05769956733333333,0.030586568666666668,0.04952744633333333,0.052891682333333336,0.05078201166666667,0.053680419,0.05659721,0.05183178099999999,0.04636306466666666,0.054283573333333335,0.04413804200000001,0.05001581200000001,0.046402351,0.04465999666666666,0.04876658233333333,0.05021481466666667,0.04935823666666666,0.05338403,0.05092501566666666,0.054232692666666665,0.05387858666666667,0.05241734,0.04570589
7,0.011971664333333333,0.03277904166666667,0.019592934999999995,0.037948184666666676,0.016605518333333333,0.010486620666666667,0.035625459666666665,0.0,0.039036554333333334,0.028484265,0.008932062,0.019880135666666666,0.04150247133333333,0.038821457999999996,0.045232731666666665,0.009673889666666666,0.04066607333333334,0.018633953666666665,0.048216279,0.043076011666666664,0.03724203533333334,0.03753343,0.04889617566666667,0.040781380666666665,0.04292671233333333,0.039683336666666666,0.03545764233333334,0.05109964533333333,0.038989463333333335,0.033870299666666666,0.05100653533333334,0.04845218533333333,0.03524026,0.04355044833333333,0.042828705333333335,0.04093939533333333,0.05306019,0.03063252566666667,0.04908584333333333,0.05529876166666667,0.054295991,0.056427861333333336,0.05350053766666667,0.05198361,0.05820490333333334,0.056244830999999995,0.055499253666666665,0.05365563799999999,0.047498642,0.051388995,0.05123097133333333,0.05223308166666667,0.05422092133333334,0.05575850333333333,0.051236556666666676,0.05468028566666667,0.05846161333333333,0.05131138666666667,0.054830420000000005,0.059231068,0.04908584333333333,0.011971664333333333,0.053601654666666665,0.05529876166666667,0.054295991,0.05439100666666667,0.043076011666666664,0.056427861333333336,0.03724203533333334,0.03753343,0.05350053766666667,0.03277904166666667,0.05207282766666667,0.056987973,0.019592934999999995,0.037948184666666676,0.05198361,0.04889617566666667,0.056296280000000004,0.016605518333333333,0.010486620666666667,0.035625459666666665,0.040781380666666665,0.05663613466666668,0.0,0.05630151666666667,0.05789876,0.039036554333333334,0.05820490333333334,0.04292671233333333,0.05604383,0.057944768333333334,0.028484265,0.056244830999999995,0.05779872,0.055499253666666665,0.039683336666666666,0.05365563799999999,0.047498642,0.008932062,0.019880135666666666,0.051388995,0.057947014666666664,0.05268754,0.04150247133333333,0.03545764233333334,0.05850404466666667,0.05109964533333333,0.05123097133333333,0.038989463333333335,0.05373025333333333,0.038821457999999996,0.045232731666666665,0.05223308166666667,0.05422092133333334,0.009673889666666666,0.033870299666666666,0.04066607333333334,0.05100653533333334,0.04845218533333333,0.018633953666666665,0.05575850333333333,0.05415225866666667,0.056575860000000006,0.048216279,0.03524026,0.04355044833333333,0.051236556666666676,0.05468028566666667,0.042828705333333335,0.04093939533333333,0.05306019,0.05567384333333334,0.05846161333333333,0.03063252566666667,0.05131138666666667,0.054830420000000005,0.059231068,0.053601654666666665,0.05439100666666667,0.05207282766666667,0.056987973,0.056296280000000004,0.05663613466666668,0.05630151666666667,0.05789876,0.05604383,0.057944768333333334,0.05779872,0.057947014666666664,0.05268754,0.05850404466666667,0.05373025333333333,0.05415225866666667,0.056575860000000006,0.05567384333333334
8,0.03233410133333333,0.02858522,0.03581340733333334,0.02729441133333333,0.03460953233333333,0.03910671,0.027047780999999996,0.039036554333333334,0.0,0.024750892666666666,0.03930476166666666,0.03480957266666666,0.02448884,0.025319798999999994,0.027898589666666664,0.04132600533333333,0.03298889766666666,0.03305206666666667,0.033268185,0.039908958,0.04131105,0.04222571333333334,0.04774735866666666,0.035850962333333326,0.03272133233333333,0.037659495333333334,0.04075968833333333,0.03301218166666666,0.038193183333333325,0.037675339999999995,0.043298978333333335,0.03723361166666667,0.03727185733333334,0.03036621,0.038773065,0.04006967100000001,0.034060053333333326,0.03958285233333334,0.047654060000000005,0.055348501333333334,0.05625792833333333,0.057146905,0.05167267333333333,0.04593256666666667,0.054020075333333334,0.05557961433333333,0.048775653333333335,0.05014345666666666,0.05133240666666667,0.050668135,0.052409296666666674,0.04952852333333334,0.05453802333333333,0.05371176666666667,0.05224931333333333,0.057523876333333335,0.052722248,0.05142112666666667,0.05297549766666667,0.04605702666666667,0.047654060000000005,0.03233410133333333,0.052109897999999995,0.055348501333333334,0.05625792833333333,0.055227408333333325,0.039908958,0.057146905,0.04131105,0.04222571333333334,0.05167267333333333,0.02858522,0.04909739666666666,0.037234246666666665,0.03581340733333334,0.02729441133333333,0.04593256666666667,0.04774735866666666,0.05281932666666667,0.03460953233333333,0.03910671,0.027047780999999996,0.035850962333333326,0.037588636666666675,0.039036554333333334,0.043805712000000004,0.038712618,0.0,0.054020075333333334,0.03272133233333333,0.040572639,0.044386100000000005,0.024750892666666666,0.05557961433333333,0.04967714166666667,0.048775653333333335,0.037659495333333334,0.05014345666666666,0.05133240666666667,0.03930476166666666,0.03480957266666666,0.050668135,0.04177343566666667,0.052222017333333336,0.02448884,0.04075968833333333,0.04539434,0.03301218166666666,0.052409296666666674,0.038193183333333325,0.051259745333333336,0.025319798999999994,0.027898589666666664,0.04952852333333334,0.05453802333333333,0.04132600533333333,0.037675339999999995,0.03298889766666666,0.043298978333333335,0.03723361166666667,0.03305206666666667,0.05371176666666667,0.05170688333333333,0.046236072,0.033268185,0.03727185733333334,0.03036621,0.05224931333333333,0.057523876333333335,0.038773065,0.04006967100000001,0.034060053333333326,0.04462069800000001,0.052722248,0.03958285233333334,0.05142112666666667,0.05297549766666667,0.04605702666666667,0.052109897999999995,0.055227408333333325,0.04909739666666666,0.037234246666666665,0.05281932666666667,0.037588636666666675,0.043805712000000004,0.038712618,0.040572639,0.044386100000000005,0.04967714166666667,0.04177343566666667,0.052222017333333336,0.04539434,0.051259745333333336,0.05170688333333333,0.046236072,0.04462069800000001
9,0.019087750000000004,0.018913458,0.02478210666666667,0.014862596866666666,0.023060218333333334,0.030349369666666667,0.01956836,0.028484265,0.024750892666666666,1.9868214999999996e-09,0.023960656,0.023406473666666667,0.03773545466666666,0.027375382333333333,0.03574337066666666,0.03089123933333333,0.031182742333333336,0.02516924933333333,0.03856355,0.037332678333333334,0.036566397333333334,0.046094944,0.04703188166666667,0.03368247866666666,0.030605313999999998,0.038215758,0.03533319666666667,0.04376310566666667,0.04138397333333333,0.03610919233333333,0.04948702666666667,0.03972414666666667,0.037511630000000004,0.034710365666666666,0.03936012666666667,0.04540157333333334,0.04349293666666666,0.037225102,0.04722159766666666,0.05850426333333334,0.055711795,0.05801067866666667,0.04913268466666666,0.04700266433333334,0.05209057133333333,0.057495351,0.05033037866666666,0.05013405433333333,0.04616505466666667,0.05501667466666667,0.049451600000000005,0.04765143866666667,0.05316647233333334,0.052435248,0.05630748333333334,0.055780988000000004,0.05495013000000001,0.053487058999999997,0.05489966533333333,0.055579024666666664,0.04722159766666666,0.019087750000000004,0.05705237133333334,0.05850426333333334,0.055711795,0.056478686666666666,0.037332678333333334,0.05801067866666667,0.036566397333333334,0.046094944,0.04913268466666666,0.018913458,0.05036416033333334,0.04863415966666666,0.02478210666666667,0.014862596866666666,0.04700266433333334,0.04703188166666667,0.057058049000000007,0.023060218333333334,0.030349369666666667,0.01956836,0.03368247866666666,0.05070841166666667,0.028484265,0.05068611333333333,0.04989290466666666,0.024750892666666666,0.05209057133333333,0.030605313999999998,0.04893679433333333,0.049578013,1.9868214999999996e-09,0.057495351,0.05422534866666666,0.05033037866666666,0.038215758,0.05013405433333333,0.04616505466666667,0.023960656,0.023406473666666667,0.05501667466666667,0.05092552833333334,0.05525312,0.03773545466666666,0.03533319666666667,0.05537886,0.04376310566666667,0.049451600000000005,0.04138397333333333,0.052878762333333336,0.027375382333333333,0.03574337066666666,0.04765143866666667,0.05316647233333334,0.03089123933333333,0.03610919233333333,0.031182742333333336,0.04948702666666667,0.03972414666666667,0.02516924933333333,0.052435248,0.05106184766666667,0.053329633333333334,0.03856355,0.037511630000000004,0.034710365666666666,0.05630748333333334,0.055780988000000004,0.03936012666666667,0.04540157333333334,0.04349293666666666,0.050597016666666675,0.05495013000000001,0.037225102,0.053487058999999997,0.05489966533333333,0.055579024666666664,0.05705237133333334,0.056478686666666666,0.05036416033333334,0.04863415966666666,0.057058049000000007,0.05070841166666667,0.05068611333333333,0.04989290466666666,0.04893679433333333,0.049578013,0.05422534866666666,0.05092552833333334,0.05525312,0.05537886,0.052878762333333336,0.05106184766666667,0.053329633333333334,0.050597016666666675
10,0.016305732666666666,0.028828307,0.022734417333333333,0.03379096066666667,0.015001716,0.0083871642,0.03205908333333333,0.008932062,0.03930476166666666,0.023960656,1.9868214999999996e-09,0.01769457666666667,0.046145456666666675,0.041794379666666666,0.046679422,0.007248439333333333,0.04175605533333333,0.02164592133333333,0.04904079133333334,0.041125246000000004,0.03623865833333333,0.03801508333333333,0.049150271333333335,0.041046596666666664,0.04413532033333333,0.04401608466666666,0.03733255866666667,0.05030329,0.037817368999999997,0.03494029566666666,0.051003895,0.048388262333333334,0.03615338033333333,0.044432365999999994,0.042281525333333334,0.04185033666666667,0.05207447533333333,0.029637774000000002,0.05225557,0.05871287166666666,0.057720579999999994,0.05998809,0.055835612666666666,0.054709450666666666,0.058304907666666655,0.058737392333333326,0.05707901233333333,0.056470388999999996,0.04994647333333333,0.05550304333333333,0.056359781333333324,0.05278696166666667,0.05770498333333333,0.05585845000000001,0.05650703499999999,0.05833228766666667,0.05789080266666667,0.05378150133333334,0.05853458533333333,0.05976883,0.05225557,0.016305732666666666,0.056496116666666665,0.05871287166666666,0.057720579999999994,0.05670574433333333,0.041125246000000004,0.05998809,0.03623865833333333,0.03801508333333333,0.055835612666666666,0.028828307,0.05386894866666667,0.05935430666666666,0.022734417333333333,0.03379096066666667,0.054709450666666666,0.049150271333333335,0.059271603666666665,0.015001716,0.0083871642,0.03205908333333333,0.041046596666666664,0.05860701,0.008932062,0.057243616666666663,0.05969538,0.03930476166666666,0.058304907666666655,0.04413532033333333,0.05688376333333333,0.05910020666666667,0.023960656,0.058737392333333326,0.059397940999999996,0.05707901233333333,0.04401608466666666,0.056470388999999996,0.04994647333333333,1.9868214999999996e-09,0.01769457666666667,0.05550304333333333,0.05962194766666666,0.05701639666666667,0.046145456666666675,0.03733255866666667,0.05946586,0.05030329,0.056359781333333324,0.037817368999999997,0.056468651999999994,0.041794379666666666,0.046679422,0.05278696166666667,0.05770498333333333,0.007248439333333333,0.03494029566666666,0.04175605533333333,0.051003895,0.048388262333333334,0.02164592133333333,0.05585845000000001,0.05636776166666667,0.05834090699999999,0.04904079133333334,0.03615338033333333,0.044432365999999994,0.05650703499999999,0.05833228766666667,0.042281525333333334,0.04185033666666667,0.05207447533333333,0.05710210833333333,0.05789080266666667,0.029637774000000002,0.05378150133333334,0.05853458533333333,0.05976883,0.056496116666666665,0.05670574433333333,0.05386894866666667,0.05935430666666666,0.059271603666666665,0.05860701,0.057243616666666663,0.05969538,0.05688376333333333,0.05910020666666667,0.059397940999999996,0.05962194766666666,0.05701639666666667,0.05946586,0.056468651999999994,0.05636776166666667,0.05834090699999999,0.05710210833333333
11,0.021342212000000003,0.029452971666666668,0.026305337333333335,0.026478739333333334,0.023410121666666665,0.016975172333333337,0.03119631233333333,0.019880135666666666,0.03480957266666666,0.023406473666666667,0.01769457666666667,3.973642999999999e-09,0.04462648566666667,0.03608349833333333,0.045892499999999996,0.020695716333333336,0.041691121666666664,0.03276616,0.04645456666666667,0.03875108666666667,0.04031120866666667,0.04547532333333334,0.04401308166666666,0.044542723333333326,0.03796888666666667,0.039119268,0.033452198999999995,0.0477969,0.04157166466666667,0.04335351833333334,0.051733410333333334,0.039730605,0.04190743799999999,0.039150906666666666,0.04424334766666667,0.04570672333333333,0.04977012566666667,0.03650030666666667,0.053751397666666666,0.06082772533333333,0.06043341666666667,0.06248962999999999,0.05860038,0.055707839,0.059840815000000006,0.06208426466666666,0.05764518566666667,0.05871129833333334,0.056532447666666666,0.055993630333333336,0.05598134466666667,0.05706559866666667,0.05974444533333333,0.058902966666666674,0.05880831333333334,0.05994641466666666,0.05993397766666666,0.05847307633333333,0.056325010333333335,0.053234082,0.053751397666666666,0.021342212000000003,0.056422975,0.06082772533333333,0.06043341666666667,0.055219576666666666,0.03875108666666667,0.06248962999999999,0.04031120866666667,0.04547532333333334,0.05860038,0.029452971666666668,0.057064945666666665,0.05280705866666667,0.026305337333333335,0.026478739333333334,0.055707839,0.04401308166666666,0.05902972,0.023410121666666665,0.016975172333333337,0.03119631233333333,0.044542723333333326,0.053485439999999995,0.019880135666666666,0.052633526666666666,0.05222729066666667,0.03480957266666666,0.059840815000000006,0.03796888666666667,0.0510136,0.054974988666666676,0.023406473666666667,0.06208426466666666,0.05521524666666666,0.05764518566666667,0.039119268,0.05871129833333334,0.056532447666666666,0.01769457666666667,3.973642999999999e-09,0.055993630333333336,0.05640343899999999,0.057912441,0.04462648566666667,0.033452198999999995,0.056966880000000004,0.0477969,0.05598134466666667,0.04157166466666667,0.05834461266666667,0.03608349833333333,0.045892499999999996,0.05706559866666667,0.05974444533333333,0.020695716333333336,0.04335351833333334,0.041691121666666664,0.051733410333333334,0.039730605,0.03276616,0.058902966666666674,0.05419290499999999,0.057346560666666664,0.04645456666666667,0.04190743799999999,0.039150906666666666,0.05880831333333334,0.05994641466666666,0.04424334766666667,0.04570672333333333,0.04977012566666667,0.054928328666666665,0.05993397766666666,0.03650030666666667,0.05847307633333333,0.056325010333333335,0.053234082,0.056422975,0.055219576666666666,0.057064945666666665,0.05280705866666667,0.05902972,0.053485439999999995,0.052633526666666666,0.05222729066666667,0.0510136,0.054974988666666676,0.05521524666666666,0.05640343899999999,0.057912441,0.056966880000000004,0.05834461266666667,0.05419290499999999,0.057346560666666664,0.054928328666666665
