,omer_02.jpg,tal_05.jpg,omer_07.jpg,tal_06.jpg,omer_06.jpg,omer_08.jpg,tal_01.jpg,omer_03.jpg,tal_07.jpg,tal_03.jpg,omer_04.jpg,omer_10.jpg,tal_09.jpg,tal_02.jpg,tal_08.jpg,omer_09.jpg,tal_10.jpg,omer_05.jpg,tal_04.jpg,matt_04.jpg,dom_10.jpg,dom_05.jpg,matt_08.jpg,dom_04.jpg,matt_02.jpg,matt_07.jpg,matt_06.jpg,matt_05.jpg,dom_07.jpg,dom_03.jpg,matt_03.jpg,matt_01.jpg,dom_06.jpg,matt_10.jpg,dom_01.jpg,dom_09.jpg,matt_09.jpg,dom_02.jpg,tess_03.jpg,taz_06.jpg,taz_04.jpg,taz_03.jpg,tess_01.jpg,tess_07.jpg,tess_05.jpg,taz_05.jpg,tess_02.jpg,tess_09.jpg,tess_06.jpg,taz_07.jpg,taz_02.jpg,tess_04.jpg,taz_09.jpg,tess_08.jpg,taz_08.jpg,taz_01.jpg,tess_10.jpg,taz_10.jpg,marina_07.jpg,tamar_04.jpg,tess_03.jpg.1,omer_02.jpg.1,marina_04.jpg,taz_06.jpg.1,taz_04.jpg.1,marina_01.jpg,matt_04.jpg.1,taz_03.jpg.1,dom_10.jpg.1,dom_05.jpg.1,tess_01.jpg.1,tal_05.jpg.1,marina_06.jpg,tamar_09.jpg,omer_07.jpg.1,tal_06.jpg.1,tess_07.jpg.1,matt_08.jpg.1,marina_08.jpg,omer_06.jpg.1,omer_08.jpg.1,tal_01.jpg.1,dom_04.jpg.1,tamar_10.jpg,omer_03.jpg.1,tamar_02.jpg,tamar_05.jpg,tal_07.jpg.1,tess_05.jpg.1,matt_02.jpg.1,tamar_07.jpg,tamar_03.jpg,tal_03.jpg.1,taz_05.jpg.1,marina_09.jpg,tess_02.jpg.1,matt_07.jpg.1,tess_09.jpg.1,tess_06.jpg.1,omer_04.jpg.1,omer_10.jpg.1,taz_07.jpg.1,tamar_01.jpg,marina_10.jpg,tal_09.jpg.1,matt_06.jpg.1,tamar_06.jpg,matt_05.jpg.1,taz_02.jpg.1,dom_07.jpg.1,marina_05.jpg,tal_02.jpg.1,tal_08.jpg.1,tess_04.jpg.1,taz_09.jpg.1,omer_09.jpg.1,dom_03.jpg.1,tal_10.jpg.1,matt_03.jpg.1,matt_01.jpg.1,omer_05.jpg.1,tess_08.jpg.1,marina_02.jpg,marina_03.jpg,tal_04.jpg.1,dom_06.jpg.1,matt_10.jpg.1,taz_08.jpg.1,taz_01.jpg.1,dom_01.jpg.1,dom_09.jpg.1,matt_09.jpg.1,tamar_08.jpg,tess_10.jpg.1,dom_02.jpg.1,taz_10.jpg.1,marina_07.jpg.1,tamar_04.jpg.1,marina_04.jpg.1,marina_01.jpg.1,marina_06.jpg.1,tamar_09.jpg.1,marina_08.jpg.1,tamar_10.jpg.1,tamar_02.jpg.1,tamar_05.jpg.1,tamar_07.jpg.1,tamar_03.jpg.1,marina_09.jpg.1,tamar_01.jpg.1,marina_10.jpg.1,tamar_06.jpg.1,marina_05.jpg.1,marina_02.jpg.1,marina_03.jpg.1,tamar_08.jpg.1
0,0.0,0.04195824266666667,0.01313013866666667,0.015320799666666666,0.0039812246666666665,0.025081086,0.018411418,0.014585443333333333,0.007585617,0.02664516766666667,0.0052137753333333335,0.021820340333333334,0.043246912,0.0041184266,0.005388329466666667,0.010216925666666666,0.010820857666666666,0.014466374666666667,0.009594563666666667,0.007086501666666667,0.0032123207666666666,0.01662837866666667,0.009381604133333332,0.002831896166666667,0.013312133333333333,0.022542430999999998,0.0038498560666666666,0.010021984666666667,0.018176845666666667,0.010308092666666666,0.007153524999999999,0.021280807333333335,0.009777217999999999,0.006070761,0.010268567,0.008140806333333334,0.012243552999999999,0.012817724666666667,0.004483543,0.017299954,0.04265509666666666,0.014534946333333333,0.013514057999999999,0.012968264333333333,0.009746978666666666,0.013868171,0.008953762,0.004667731133333334,0.017065878333333333,0.007594956666666667,0.017261588333333334,0.02243818266666667,0.012493421666666667,0.009344496333333334,0.0076634804666666665,0.013258852666666666,0.017677984666666664,0.010680711,0.010363646333333334,0.006398791133333333,0.004483543,0.0,0.013469609,0.017299954,0.04265509666666666,0.012622338666666668,0.007086501666666667,0.014534946333333333,0.0032123207666666666,0.01662837866666667,0.013514057999999999,0.04195824266666667,0.013288684666666667,0.02881284933333333,0.01313013866666667,0.015320799666666666,0.012968264333333333,0.009381604133333332,0.007735802666666667,0.0039812246666666665,0.025081086,0.018411418,0.002831896166666667,0.015845728,0.014585443333333333,0.009253239666666666,0.016348964333333334,0.007585617,0.009746978666666666,0.013312133333333333,0.009794086,0.011632815999999999,0.02664516766666667,0.013868171,0.013251006666666667,0.008953762,0.022542430999999998,0.004667731133333334,0.017065878333333333,0.0052137753333333335,0.021820340333333334,0.007594956666666667,0.015363818666666666,0.006820390666666666,0.043246912,0.0038498560666666666,0.014264470666666666,0.010021984666666667,0.017261588333333334,0.018176845666666667,0.011099676,0.0041184266,0.005388329466666667,0.02243818266666667,0.012493421666666667,0.010216925666666666,0.010308092666666666,0.010820857666666666,0.007153524999999999,0.021280807333333335,0.014466374666666667,0.009344496333333334,0.025136997333333338,0.010820555666666667,0.009594563666666667,0.009777217999999999,0.006070761,0.0076634804666666665,0.013258852666666666,0.010268567,0.008140806333333334,0.012243552999999999,0.0099487285,0.017677984666666664,0.012817724666666667,0.010680711,0.010363646333333334,0.006398791133333333,0.013469609,0.012622338666666668,0.013288684666666667,0.02881284933333333,0.007735802666666667,0.015845728,0.009253239666666666,0.016348964333333334,0.009794086,0.011632815999999999,0.013251006666666667,0.015363818666666666,0.006820390666666666,0.014264470666666666,0.011099676,0.025136997333333338,0.010820555666666667,0.0099487285
1,0.04195824266666667,5.960464333333333e-09,0.04293444333333333,0.04063629,0.04322979666666667,0.027738484333333334,0.03547442666666666,0.040122968,0.045641930666666664,0.021220667999999998,0.03754757833333334,0.026700137333333332,0.0024128198333333334,0.043117997666666665,0.04501965333333334,0.040692285666666675,0.043672071666666666,0.042028949999999995,0.044983941666666666,0.04491957,0.04463263333333333,0.04234644866666666,0.03535023266666667,0.037562597333333336,0.038418041,0.03114244833333333,0.041773455,0.04410642966666667,0.041954868333333326,0.036581256,0.04497569466666666,0.036498076,0.042586599999999995,0.044659798,0.04534616666666667,0.045012449,0.044737644666666666,0.04301109533333333,0.040947719,0.04018614433333333,0.001965067766666667,0.04515163,0.039283814,0.04127143666666667,0.04432398433333333,0.043094414333333324,0.04327691333333334,0.04268549666666666,0.03835267133333333,0.04354914866666667,0.040054205999999995,0.035911151,0.045230637,0.0430873,0.045546381000000004,0.04486399,0.03352063133333334,0.04241663033333333,0.044285554666666664,0.04541601566666666,0.040947719,0.04195824266666667,0.04451013333333333,0.04018614433333333,0.001965067766666667,0.04173147233333334,0.04491957,0.04515163,0.04463263333333333,0.04234644866666666,0.039283814,5.960464333333333e-09,0.03921718666666667,0.018955805,0.04293444333333333,0.04063629,0.04127143666666667,0.03535023266666667,0.04377638166666666,0.04322979666666667,0.027738484333333334,0.03547442666666666,0.037562597333333336,0.044224298,0.040122968,0.04515836333333333,0.04104356966666667,0.045641930666666664,0.04432398433333333,0.038418041,0.04543592866666667,0.044839469666666666,0.021220667999999998,0.043094414333333324,0.033672174,0.04327691333333334,0.03114244833333333,0.04268549666666666,0.03835267133333333,0.03754757833333334,0.026700137333333332,0.04354914866666667,0.042553687,0.038334834666666665,0.0024128198333333334,0.041773455,0.03792052266666667,0.04410642966666667,0.040054205999999995,0.041954868333333326,0.045153316666666665,0.043117997666666665,0.04501965333333334,0.035911151,0.045230637,0.040692285666666675,0.036581256,0.043672071666666666,0.04497569466666666,0.036498076,0.042028949999999995,0.0430873,0.027982478333333335,0.04345263233333333,0.044983941666666666,0.042586599999999995,0.044659798,0.045546381000000004,0.04486399,0.04534616666666667,0.045012449,0.044737644666666666,0.045213088666666665,0.03352063133333334,0.04301109533333333,0.04241663033333333,0.044285554666666664,0.04541601566666666,0.04451013333333333,0.04173147233333334,0.03921718666666667,0.018955805,0.04377638166666666,0.044224298,0.04515836333333333,0.04104356966666667,0.04543592866666667,0.044839469666666666,0.033672174,0.042553687,0.038334834666666665,0.03792052266666667,0.045153316666666665,0.027982478333333335,0.04345263233333333,0.045213088666666665
2,0.01313013866666667,0.04293444333333333,7.947285999999998e-09,0.004469730533333332,0.006178166333333333,0.021132203000000002,0.021990234,0.0011190891333333335,0.007878015333333332,0.022639461333333333,0.015090493333333335,0.029031321,0.04496968166666667,0.010054610133333334,0.008778456666666665,0.0044418871999999995,0.001747032066666667,0.0021706005,0.0062893688,0.008207937,0.006648645666666667,0.01536536,0.025417918,0.016455116,0.007987685999999999,0.02545467233333333,0.013123832,0.010843247333333333,0.015393417999999999,0.027825794666666667,0.007488898333333335,0.021947367666666665,0.016768405666666666,0.012948811333333332,0.008683057666666667,0.007581935466666667,0.010355055333333333,0.0021835267666666667,0.009371105999999999,0.0116511365,0.044038911666666666,0.0085853735,0.0063785632,0.02359133166666667,0.0041338244666666675,0.005717722533333333,0.009771744333333334,0.008878453666666668,0.009540568000000001,0.009680171666666666,0.008909436133333334,0.02245524933333333,0.0034937461333333334,0.01602246733333333,0.0033970912333333336,0.006209165,0.010978001,0.016129700333333333,0.0017674744000000001,0.00393729,0.009371105999999999,0.01313013866666667,0.0028002819000000003,0.0116511365,0.044038911666666666,0.0041517435333333335,0.008207937,0.0085853735,0.006648645666666667,0.01536536,0.0063785632,0.04293444333333333,0.008283217666666667,0.03482436133333333,7.947285999999998e-09,0.004469730533333332,0.02359133166666667,0.025417918,0.0031125048666666667,0.006178166333333333,0.021132203000000002,0.021990234,0.016455116,0.008325765666666667,0.0011190891333333335,0.0051657598333333336,0.00733942,0.007878015333333332,0.0041338244666666675,0.007987685999999999,0.0026787817333333336,0.0018858174333333333,0.022639461333333333,0.005717722533333333,0.027606964,0.009771744333333334,0.02545467233333333,0.008878453666666668,0.009540568000000001,0.015090493333333335,0.029031321,0.009680171666666666,0.005682555666666667,0.013483279666666665,0.04496968166666667,0.013123832,0.010877355,0.010843247333333333,0.008909436133333334,0.015393417999999999,0.0038215934999999996,0.010054610133333334,0.008778456666666665,0.02245524933333333,0.0034937461333333334,0.0044418871999999995,0.027825794666666667,0.001747032066666667,0.007488898333333335,0.021947367666666665,0.0021706005,0.01602246733333333,0.02694871,0.0025706629666666665,0.0062893688,0.016768405666666666,0.012948811333333332,0.0033970912333333336,0.006209165,0.008683057666666667,0.007581935466666667,0.010355055333333333,0.0032944898,0.010978001,0.0021835267666666667,0.016129700333333333,0.0017674744000000001,0.00393729,0.0028002819000000003,0.0041517435333333335,0.008283217666666667,0.03482436133333333,0.0031125048666666667,0.008325765666666667,0.0051657598333333336,0.00733942,0.0026787817333333336,0.0018858174333333333,0.027606964,0.005682555666666667,0.013483279666666665,0.010877355,0.0038215934999999996,0.02694871,0.0025706629666666665,0.0032944898
3,0.015320799666666666,0.04063629,0.004469730533333332,1.9868214999999996e-09,0.008269192666666666,0.01379837,0.01891190333333333,0.004200885666666667,0.016311228333333334,0.020565182,0.019208061666666665,0.023358297333333333,0.042458755333333334,0.014994951000000001,0.016076443333333336,0.0036000450999999997,0.0067272185333333324,0.009346211,0.015034933666666668,0.015265842333333335,0.010621410666666668,0.02382492233333333,0.023268212666666663,0.017385205,0.011984268666666666,0.017114863666666667,0.015703439666666666,0.019377986666666666,0.025794704666666668,0.024757655666666666,0.015853041333333335,0.026619652666666667,0.025282492333333337,0.020840436333333334,0.017448727333333334,0.014928061,0.020266577,0.008734166666666666,0.014566127,0.020766707333333332,0.041572990000000004,0.018420070666666667,0.006009878666666666,0.030242588,0.008499483333333334,0.014698056333333332,0.017754018333333337,0.015610331333333335,0.006502205333333333,0.016964356,0.017504211333333335,0.027464753333333335,0.010156625333333334,0.023548549666666665,0.008088942466666667,0.01534788,0.013907194333333333,0.02342061,0.0032848160000000003,0.008903930466666666,0.014566127,0.015320799666666666,0.010444934999999999,0.020766707333333332,0.041572990000000004,0.004406599333333333,0.015265842333333335,0.018420070666666667,0.010621410666666668,0.02382492233333333,0.006009878666666666,0.04063629,0.014295697333333333,0.029720638333333334,0.004469730533333332,1.9868214999999996e-09,0.030242588,0.023268212666666663,0.0055824916666666665,0.008269192666666666,0.01379837,0.01891190333333333,0.017385205,0.01873077,0.004200885666666667,0.010918673,0.016679456333333335,0.016311228333333334,0.008499483333333334,0.011984268666666666,0.008079403666666667,0.005258051533333334,0.020565182,0.014698056333333332,0.023433868333333333,0.017754018333333337,0.017114863666666667,0.015610331333333335,0.006502205333333333,0.019208061666666665,0.023358297333333333,0.016964356,0.014760351333333333,0.010826553999999999,0.042458755333333334,0.015703439666666666,0.019157352333333332,0.019377986666666666,0.017504211333333335,0.025794704666666668,0.010154916666666668,0.014994951000000001,0.016076443333333336,0.027464753333333335,0.010156625333333334,0.0036000450999999997,0.024757655666666666,0.0067272185333333324,0.015853041333333335,0.026619652666666667,0.009346211,0.023548549666666665,0.025496917333333334,0.007732447,0.015034933666666668,0.025282492333333337,0.020840436333333334,0.008088942466666667,0.01534788,0.017448727333333334,0.014928061,0.020266577,0.008193789,0.013907194333333333,0.008734166666666666,0.02342061,0.0032848160000000003,0.008903930466666666,0.010444934999999999,0.004406599333333333,0.014295697333333333,0.029720638333333334,0.0055824916666666665,0.01873077,0.010918673,0.016679456333333335,0.008079403666666667,0.005258051533333334,0.023433868333333333,0.014760351333333333,0.010826553999999999,0.019157352333333332,0.010154916666666668,0.025496917333333334,0.007732447,0.008193789
4,0.0039812246666666665,0.04322979666666667,0.006178166333333333,0.008269192666666666,1.9868214999999996e-09,0.022802708,0.016088998333333333,0.008008619,0.0058577358666666674,0.025357453,0.008725855666666667,0.023854881333333335,0.04504694233333333,0.005524120666666666,0.004569777,0.003844636666666667,0.0047382911,0.008620947666666667,0.006374494333333333,0.005887478666666667,0.0020537952666666664,0.014639407333333332,0.014366509333333333,0.008238279666666666,0.007575303333333334,0.019898231333333335,0.004845247733333334,0.00770638,0.015926092666666666,0.016829206333333336,0.005202043,0.020441335666666668,0.012017170333333334,0.0074420910000000005,0.008084239333333333,0.0062197088666666655,0.010173616666666666,0.0065198163333333335,0.003900834,0.014026175,0.04425174666666667,0.010935282666666667,0.009080785666666667,0.017273302666666667,0.0047740995,0.009099133666666667,0.008040366666666666,0.0049128155,0.012674711333333333,0.006191680866666666,0.013551785666666668,0.021723465666666667,0.007232477333333333,0.010916779333333333,0.003070648533333333,0.008820064666666667,0.014358496666666666,0.011454844666666667,0.003635444233333333,0.0024884204000000004,0.003900834,0.0039812246666666665,0.007551668,0.014026175,0.04425174666666667,0.007223935999999999,0.005887478666666667,0.010935282666666667,0.0020537952666666664,0.014639407333333332,0.009080785666666667,0.04322979666666667,0.010412786333333333,0.030946423333333337,0.006178166333333333,0.008269192666666666,0.017273302666666667,0.014366509333333333,0.0023668944999999998,1.9868214999999996e-09,0.022802708,0.016088998333333333,0.008238279666666666,0.012020689333333334,0.008008619,0.005509930800000001,0.012135855333333334,0.0058577358666666674,0.0047740995,0.007575303333333334,0.004356910766666666,0.005320419866666666,0.025357453,0.009099133666666667,0.01707923033333333,0.008040366666666666,0.019898231333333335,0.0049128155,0.012674711333333333,0.008725855666666667,0.023854881333333335,0.006191680866666666,0.010263933666666667,0.0064185162,0.04504694233333333,0.004845247733333334,0.012535397333333335,0.00770638,0.013551785666666668,0.015926092666666666,0.0060931959999999995,0.005524120666666666,0.004569777,0.021723465666666667,0.007232477333333333,0.003844636666666667,0.016829206333333336,0.0047382911,0.005202043,0.020441335666666668,0.008620947666666667,0.010916779333333333,0.024345479333333333,0.004470622533333333,0.006374494333333333,0.012017170333333334,0.0074420910000000005,0.003070648533333333,0.008820064666666667,0.008084239333333333,0.0062197088666666655,0.010173616666666666,0.004953545333333333,0.014358496666666666,0.0065198163333333335,0.011454844666666667,0.003635444233333333,0.0024884204000000004,0.007551668,0.007223935999999999,0.010412786333333333,0.030946423333333337,0.0023668944999999998,0.012020689333333334,0.005509930800000001,0.012135855333333334,0.004356910766666666,0.005320419866666666,0.01707923033333333,0.010263933666666667,0.0064185162,0.012535397333333335,0.0060931959999999995,0.024345479333333333,0.004470622533333333,0.004953545333333333
5,0.025081086,0.027738484333333334,0.021132203000000002,0.01379837,0.022802708,0.0,0.023711244333333333,0.01794921166666667,0.029707463333333333,0.009832799333333335,0.02387531,0.013698023333333335,0.02785465133333333,0.02580869133333333,0.029128535999999997,0.01822411833333333,0.023006588,0.022915295666666665,0.028817506666666666,0.027962265999999996,0.02440365066666667,0.033197533333333334,0.024468427666666667,0.022306555333333332,0.023383595333333333,0.016619569,0.026115674333333335,0.031308243666666666,0.03356571,0.025719496,0.029227337333333336,0.030206835,0.033772211333333337,0.031751245666666664,0.030189661666666666,0.028007200999999995,0.031740289000000005,0.02395216033333333,0.025859977333333332,0.029211403333333334,0.027695131333333334,0.031243874,0.014122629333333333,0.035483557000000006,0.022650834,0.027207626999999998,0.028529898,0.027604119,0.010726583000000001,0.029154002000000002,0.026604829,0.029948954000000003,0.025379912000000004,0.032695589,0.023776413333333336,0.028718266666666666,0.015360321666666666,0.032427887333333336,0.019968945000000002,0.024351195333333332,0.025859977333333332,0.025081086,0.025698081666666664,0.029211403333333334,0.027695131333333334,0.017075745333333333,0.027962265999999996,0.031243874,0.02440365066666667,0.033197533333333334,0.014122629333333333,0.027738484333333334,0.022576413333333333,0.017891899666666666,0.021132203000000002,0.01379837,0.035483557000000006,0.024468427666666667,0.021445822666666666,0.022802708,0.0,0.023711244333333333,0.022306555333333332,0.030813502666666666,0.01794921166666667,0.025061226,0.027141597,0.029707463333333333,0.022650834,0.023383595333333333,0.023996229666666664,0.021218721333333336,0.009832799333333335,0.027207626999999998,0.022810506666666668,0.028529898,0.016619569,0.027604119,0.010726583000000001,0.02387531,0.013698023333333335,0.029154002000000002,0.027004458,0.017617096666666665,0.02785465133333333,0.026115674333333335,0.026219707666666665,0.031308243666666666,0.026604829,0.03356571,0.025172748,0.02580869133333333,0.029128535999999997,0.029948954000000003,0.025379912000000004,0.01822411833333333,0.025719496,0.023006588,0.029227337333333336,0.030206835,0.022915295666666665,0.032695589,0.021848909333333333,0.023861030999999998,0.028817506666666666,0.033772211333333337,0.031751245666666664,0.023776413333333336,0.028718266666666666,0.030189661666666666,0.028007200999999995,0.031740289000000005,0.023439975666666668,0.015360321666666666,0.02395216033333333,0.032427887333333336,0.019968945000000002,0.024351195333333332,0.025698081666666664,0.017075745333333333,0.022576413333333333,0.017891899666666666,0.021445822666666666,0.030813502666666666,0.025061226,0.027141597,0.023996229666666664,0.021218721333333336,0.022810506666666668,0.027004458,0.017617096666666665,0.026219707666666665,0.025172748,0.021848909333333333,0.023861030999999998,0.023439975666666668
6,0.018411418,0.03547442666666666,0.021990234,0.01891190333333333,0.016088998333333333,0.023711244333333333,3.973642999999999e-09,0.020889904,0.026938633333333337,0.02852730933333333,0.020985587333333333,0.019752904,0.036879362666666665,0.025317935,0.021250742333333336,0.01528366,0.018278712,0.027148572666666666,0.027772179999999997,0.028868587666666667,0.02220451866666667,0.015978968,0.010798907,0.017760447999999998,0.021419542666666666,0.007834170333333333,0.011328435,0.020141321666666667,0.027066904333333332,0.013740384666666666,0.02449576,0.010518191333333335,0.023998086,0.021865522999999998,0.031109518333333332,0.029591328333333333,0.030799355000000004,0.01976954333333333,0.016705807,0.031703227333333334,0.036024157333333334,0.03336479266666667,0.027784989333333333,0.02040355,0.027132048333333332,0.024932001,0.029155834666666665,0.020860477333333332,0.028419826666666665,0.019245095666666667,0.03180891066666667,0.012096095333333334,0.029608321,0.018837156,0.02443413366666667,0.024849129000000005,0.021722068333333334,0.017074863,0.020501703,0.022646004,0.016705807,0.018411418,0.029070792666666664,0.031703227333333334,0.036024157333333334,0.02647745,0.028868587666666667,0.03336479266666667,0.02220451866666667,0.015978968,0.027784989333333333,0.03547442666666666,0.03147967833333333,0.023366916333333335,0.021990234,0.01891190333333333,0.02040355,0.010798907,0.017155253666666665,0.016088998333333333,0.023711244333333333,3.973642999999999e-09,0.017760447999999998,0.03192779,0.020889904,0.02913904766666666,0.030077553333333337,0.026938633333333337,0.027132048333333332,0.021419542666666666,0.025796181333333335,0.026048576666666667,0.02852730933333333,0.024932001,0.010017661333333336,0.029155834666666665,0.007834170333333333,0.020860477333333332,0.028419826666666665,0.020985587333333333,0.019752904,0.019245095666666667,0.029694066333333335,0.018277409999999997,0.036879362666666665,0.011328435,0.023671076666666666,0.020141321666666667,0.03180891066666667,0.027066904333333332,0.029161219000000002,0.025317935,0.021250742333333336,0.012096095333333334,0.029608321,0.01528366,0.013740384666666666,0.018278712,0.02449576,0.010518191333333335,0.027148572666666666,0.018837156,0.007245914,0.016825263,0.027772179999999997,0.023998086,0.021865522999999998,0.02443413366666667,0.024849129000000005,0.031109518333333332,0.029591328333333333,0.030799355000000004,0.027387916666666668,0.021722068333333334,0.01976954333333333,0.017074863,0.020501703,0.022646004,0.029070792666666664,0.02647745,0.03147967833333333,0.023366916333333335,0.017155253666666665,0.03192779,0.02913904766666666,0.030077553333333337,0.025796181333333335,0.026048576666666667,0.010017661333333336,0.029694066333333335,0.018277409999999997,0.023671076666666666,0.029161219000000002,0.007245914,0.016825263,0.027387916666666668
7,0.014585443333333333,0.040122968,0.0011190891333333335,0.004200885666666667,0.008008619,0.01794921166666667,0.020889904,0.0,0.010704811333333333,0.019926113000000002,0.015901818,0.026109896,0.04184647833333333,0.012074406666666667,0.011187005,0.004935532933333333,0.0034553268666666663,0.002826348933333333,0.008947293,0.010998209333333335,0.008988511666666666,0.016821419999999997,0.024623781666666667,0.016697975333333333,0.009783619666666667,0.023141994000000003,0.013968287000000001,0.013336839333333335,0.017541796000000002,0.026792474999999996,0.009923340800000001,0.021590783333333332,0.018843579,0.015355764,0.011807521333333333,0.010535021666666667,0.013162483666666667,0.0038400093666666668,0.010749638133333333,0.013614698,0.041069562000000004,0.011688248000000002,0.006744448333333334,0.024783747999999998,0.006527219,0.007490539666666667,0.012598246333333334,0.010798088666666667,0.009604952666666666,0.011681641999999999,0.010321172,0.021976353666666667,0.006084678499999999,0.01778122366666667,0.005873513166666666,0.008988801666666666,0.009583688000000002,0.01769219266666667,0.0035471915,0.00641853,0.010749638133333333,0.014585443333333333,0.005109290333333333,0.013614698,0.041069562000000004,0.004848796233333333,0.010998209333333335,0.011688248000000002,0.008988511666666666,0.016821419999999997,0.006744448333333334,0.040122968,0.009409388,0.03167572233333334,0.0011190891333333335,0.004200885666666667,0.024783747999999998,0.024623781666666667,0.0047626000000000005,0.008008619,0.01794921166666667,0.020889904,0.016697975333333333,0.010865046666666666,0.0,0.007765718333333334,0.008731035333333333,0.010704811333333333,0.006527219,0.009783619666666667,0.005160419,0.003856450333333333,0.019926113000000002,0.007490539666666667,0.026099662000000003,0.012598246333333334,0.023141994000000003,0.010798088666666667,0.009604952666666666,0.015901818,0.026109896,0.011681641999999999,0.007374551000000002,0.013992629333333333,0.04184647833333333,0.013968287000000001,0.011309663333333334,0.013336839333333335,0.010321172,0.017541796000000002,0.006467900699999999,0.012074406666666667,0.011187005,0.021976353666666667,0.006084678499999999,0.004935532933333333,0.026792474999999996,0.0034553268666666663,0.009923340800000001,0.021590783333333332,0.002826348933333333,0.01778122366666667,0.02471801433333333,0.0045966466666666666,0.008947293,0.018843579,0.015355764,0.005873513166666666,0.008988801666666666,0.011807521333333333,0.010535021666666667,0.013162483666666667,0.005461663,0.009583688000000002,0.0038400093666666668,0.01769219266666667,0.0035471915,0.00641853,0.005109290333333333,0.004848796233333333,0.009409388,0.03167572233333334,0.0047626000000000005,0.010865046666666666,0.007765718333333334,0.008731035333333333,0.005160419,0.003856450333333333,0.026099662000000003,0.007374551000000002,0.013992629333333333,0.011309663333333334,0.006467900699999999,0.02471801433333333,0.0045966466666666666,0.005461663
8,0.007585617,0.045641930666666664,0.007878015333333332,0.016311228333333334,0.0058577358666666674,0.029707463333333333,0.026938633333333337,0.010704811333333333,3.973642999999999e-09,0.02759571666666667,0.008952724900000002,0.033199861000000004,0.047264179999999996,0.0027850567666666665,0.0014784514999999997,0.011473236333333333,0.006092884133333334,0.005970253666666666,0.0005580147,0.0012268722,0.0028531134000000006,0.011011606333333335,0.022945279333333332,0.011428059999999999,0.008555529333333334,0.033801584333333336,0.009907758,0.003298181333333333,0.0077946763333333335,0.026733317333333336,0.0005858202666666666,0.020748575333333335,0.006112114666666666,0.0028675695666666666,0.0012826383333333334,0.0015285651,0.0016641736,0.0058791975,0.005862416666666666,0.007001487666666667,0.046673425000000004,0.0030819972333333335,0.011871945866666667,0.012948926333333333,0.0052127718333333335,0.0040076851333333335,0.0016815106000000002,0.0030388096999999998,0.01673125666666667,0.0032611846666666666,0.007448383,0.021272913666666667,0.0041988334,0.006782774166666667,0.0030594012333333333,0.0036589144333333333,0.0140735368,0.008113654333333333,0.007784885000000001,0.002416930566666667,0.005862416666666666,0.007585617,0.004020494166666667,0.007001487666666667,0.046673425000000004,0.010749971866666668,0.0012268722,0.0030819972333333335,0.0028531134000000006,0.011011606333333335,0.011871945866666667,0.045641930666666664,0.006069350333333333,0.03877435666666666,0.007878015333333332,0.016311228333333334,0.012948926333333333,0.022945279333333332,0.0065209429999999995,0.0058577358666666674,0.029707463333333333,0.026938633333333337,0.011428059999999999,0.0041866701,0.010704811333333333,0.002987569566666667,0.0057795940999999995,3.973642999999999e-09,0.0052127718333333335,0.008555529333333334,0.0033304712,0.006255466,0.02759571666666667,0.0040076851333333335,0.028599908,0.0016815106000000002,0.033801584333333336,0.0030388096999999998,0.01673125666666667,0.008952724900000002,0.033199861000000004,0.0032611846666666666,0.004536169666666667,0.015548281,0.047264179999999996,0.009907758,0.007465603,0.003298181333333333,0.007448383,0.0077946763333333335,0.0033758461666666666,0.0027850567666666665,0.0014784514999999997,0.021272913666666667,0.0041988334,0.011473236333333333,0.026733317333333336,0.006092884133333334,0.0005858202666666666,0.020748575333333335,0.005970253666666666,0.006782774166666667,0.02993734266666667,0.005584893666666666,0.0005580147,0.006112114666666666,0.0028675695666666666,0.0030594012333333333,0.0036589144333333333,0.0012826383333333334,0.0015285651,0.0016641736,0.004166485833333333,0.0140735368,0.0058791975,0.008113654333333333,0.007784885000000001,0.002416930566666667,0.004020494166666667,0.010749971866666668,0.006069350333333333,0.03877435666666666,0.0065209429999999995,0.0041866701,0.002987569566666667,0.0057795940999999995,0.0033304712,0.006255466,0.028599908,0.004536169666666667,0.015548281,0.007465603,0.0033758461666666666,0.02993734266666667,0.005584893666666666,0.004166485833333333
9,0.02664516766666667,0.021220667999999998,0.022639461333333333,0.020565182,0.025357453,0.009832799333333335,0.02852730933333333,0.019926113000000002,0.02759571666666667,0.0,0.020729577666666665,0.016797345666666668,0.020312618,0.025474708000000002,0.028120126333333332,0.021837111333333332,0.0243185,0.02099185166666667,0.026393778666666666,0.02628454466666667,0.025694707666666667,0.031142449333333332,0.02768832833333333,0.023902164,0.021280594666666666,0.023612374,0.028386687666666667,0.029182221333333334,0.028822985333333332,0.02943326833333333,0.027500963333333333,0.029449151333333333,0.030100997333333334,0.02986521333333333,0.02694084433333333,0.025841514333333333,0.027757778666666667,0.023968597,0.024653558000000002,0.022826032,0.020727414666666662,0.026676599333333335,0.016701215666666665,0.03312030066666667,0.022879974,0.024681341666666665,0.02525697466666666,0.02550673,0.015454530666666666,0.028214456666666665,0.020146721666666666,0.029001722666666667,0.023937388,0.030905604666666666,0.025108853333333334,0.026104766666666668,0.012618161999999999,0.030889004666666664,0.023614710666666667,0.025717721333333332,0.024653558000000002,0.02664516766666667,0.02399391266666667,0.022826032,0.020727414666666662,0.019316516000000002,0.02628454466666667,0.026676599333333335,0.025694707666666667,0.031142449333333332,0.016701215666666665,0.021220667999999998,0.018862618666666667,0.016810514666666665,0.022639461333333333,0.020565182,0.03312030066666667,0.02768832833333333,0.024410965333333333,0.025357453,0.009832799333333335,0.02852730933333333,0.023902164,0.025532351000000002,0.019926113000000002,0.024581562666666668,0.021498398,0.02759571666666667,0.022879974,0.021280594666666666,0.024889618,0.023461242333333333,0.0,0.024681341666666665,0.02645430166666667,0.02525697466666666,0.023612374,0.02550673,0.015454530666666666,0.020729577666666665,0.016797345666666668,0.028214456666666665,0.023372318333333333,0.021812768333333333,0.020312618,0.028386687666666667,0.02055659933333333,0.029182221333333334,0.020146721666666666,0.028822985333333332,0.024332488,0.025474708000000002,0.028120126333333332,0.029001722666666667,0.023937388,0.021837111333333332,0.02943326833333333,0.0243185,0.027500963333333333,0.029449151333333333,0.02099185166666667,0.030905604666666666,0.02342321866666667,0.025078479333333334,0.026393778666666666,0.030100997333333334,0.02986521333333333,0.025108853333333334,0.026104766666666668,0.02694084433333333,0.025841514333333333,0.027757778666666667,0.024290860666666667,0.012618161999999999,0.023968597,0.030889004666666664,0.023614710666666667,0.025717721333333332,0.02399391266666667,0.019316516000000002,0.018862618666666667,0.016810514666666665,0.024410965333333333,0.025532351000000002,0.024581562666666668,0.021498398,0.024889618,0.023461242333333333,0.02645430166666667,0.023372318333333333,0.021812768333333333,0.02055659933333333,0.024332488,0.02342321866666667,0.025078479333333334,0.024290860666666667
10,0.0052137753333333335,0.03754757833333334,0.015090493333333335,0.019208061666666665,0.008725855666666667,0.02387531,0.020985587333333333,0.015901818,0.008952724900000002,0.020729577666666665,1.9868214999999996e-09,0.022937786666666668,0.038454592333333336,0.007107982933333334,0.007352548833333333,0.013837246333333332,0.013050077333333332,0.0141245162,0.01039146133333333,0.009392485866666666,0.007583663766666667,0.015659936666666666,0.011356339999999998,0.0054589052,0.012490117466666667,0.025156541666666664,0.0074477612999999995,0.009913102866666667,0.015450956666666666,0.014189660333333331,0.008288089333333333,0.019815799000000002,0.007656490666666667,0.007152346666666667,0.010885860533333335,0.009912580333333334,0.011307303333333333,0.013758663333333334,0.004649631233333334,0.013812533999999998,0.038045083333333334,0.013694097666666665,0.015574017999999999,0.011423087,0.012273301666666665,0.013186156333333332,0.008362573466666667,0.0045392850000000005,0.018781562666666664,0.008464354333333335,0.013766509333333335,0.020619340666666666,0.013401801999999999,0.009120237666666666,0.011431346433333333,0.012782279666666667,0.014762063666666665,0.010344072000000001,0.014597455666666669,0.010302976600000001,0.004649631233333334,0.0052137753333333335,0.014244899866666667,0.013812533999999998,0.038045083333333334,0.015632186333333332,0.009392485866666666,0.013694097666666665,0.007583663766666667,0.015659936666666666,0.015574017999999999,0.03754757833333334,0.012499904666666667,0.027578368,0.015090493333333335,0.019208061666666665,0.011423087,0.011356339999999998,0.012145344666666667,0.008725855666666667,0.02387531,0.020985587333333333,0.0054589052,0.013783012333333334,0.015901818,0.012243960433333333,0.013516501666666668,0.008952724900000002,0.012273301666666665,0.012490117466666667,0.013110987466666668,0.015150532999999999,0.020729577666666665,0.013186156333333332,0.016127683666666667,0.008362573466666667,0.025156541666666664,0.0045392850000000005,0.018781562666666664,1.9868214999999996e-09,0.022937786666666668,0.008464354333333335,0.014401904866666667,0.012539994666666667,0.038454592333333336,0.0074477612999999995,0.010811356666666667,0.009913102866666667,0.013766509333333335,0.015450956666666666,0.013280155166666667,0.007107982933333334,0.007352548833333333,0.020619340666666666,0.013401801999999999,0.013837246333333332,0.014189660333333331,0.013050077333333332,0.008288089333333333,0.019815799000000002,0.0141245162,0.009120237666666666,0.02370739966666667,0.012994472,0.01039146133333333,0.007656490666666667,0.007152346666666667,0.011431346433333333,0.012782279666666667,0.010885860533333335,0.009912580333333334,0.011307303333333333,0.013512196533333331,0.014762063666666665,0.013758663333333334,0.010344072000000001,0.014597455666666669,0.010302976600000001,0.014244899866666667,0.015632186333333332,0.012499904666666667,0.027578368,0.012145344666666667,0.013783012333333334,0.012243960433333333,0.013516501666666668,0.013110987466666668,0.015150532999999999,0.016127683666666667,0.014401904866666667,0.012539994666666667,0.010811356666666667,0.013280155166666667,0.02370739966666667,0.012994472,0.013512196533333331
11,0.021820340333333334,0.026700137333333332,0.029031321,0.023358297333333333,0.023854881333333335,0.013698023333333335,0.019752904,0.026109896,0.033199861000000004,0.016797345666666668,0.022937786666666668,3.973642999999999e-09,0.026063535000000002,0.028287486333333334,0.03114086333333333,0.022907916666666663,0.029453634666666662,0.030455937,0.033464536999999996,0.03140285933333333,0.027278151333333334,0.03426539533333333,0.016643033333333335,0.020407054666666664,0.026879604666666668,0.013202609666666667,0.023169748,0.033150885666666664,0.03592466133333334,0.015058616666666665,0.03241022666666667,0.029375591,0.033486826666666664,0.03211001,0.03428556333333333,0.031840054,0.035703382666666665,0.030606643333333333,0.024454692999999996,0.03292412733333334,0.026317811,0.03625090266666667,0.023469770000000004,0.033249345,0.02849641266666667,0.033194665,0.032418496000000005,0.028624050666666668,0.02284630533333333,0.03133452266666666,0.03191209666666666,0.029568290666666667,0.03285975666666666,0.03268333666666667,0.029564561666666666,0.034291825666666664,0.021695536666666668,0.032464611,0.027258597666666665,0.029248744666666663,0.024454692999999996,0.021820340333333334,0.03276346533333334,0.03292412733333334,0.026317811,0.024706345999999997,0.03140285933333333,0.03625090266666667,0.027278151333333334,0.03426539533333333,0.023469770000000004,0.026700137333333332,0.027702971333333333,0.006747515999999999,0.029031321,0.023358297333333333,0.033249345,0.016643033333333335,0.02630873766666667,0.023854881333333335,0.013698023333333335,0.019752904,0.020407054666666664,0.03569400666666667,0.026109896,0.03047150933333333,0.03243891,0.033199861000000004,0.02849641266666667,0.026879604666666668,0.030552598333333333,0.029364844666666667,0.016797345666666668,0.033194665,0.011607640999999998,0.032418496000000005,0.013202609666666667,0.028624050666666668,0.02284630533333333,0.022937786666666668,3.973642999999999e-09,0.03133452266666666,0.03323215333333333,0.013295688,0.026063535000000002,0.023169748,0.028761635333333334,0.033150885666666664,0.03191209666666666,0.03592466133333334,0.03162956233333334,0.028287486333333334,0.03114086333333333,0.029568290666666667,0.03285975666666666,0.022907916666666663,0.015058616666666665,0.029453634666666662,0.03241022666666667,0.029375591,0.030455937,0.03268333666666667,0.020338678333333336,0.029578447666666667,0.033464536999999996,0.033486826666666664,0.03211001,0.029564561666666666,0.034291825666666664,0.03428556333333333,0.031840054,0.035703382666666665,0.030044833666666666,0.021695536666666668,0.030606643333333333,0.032464611,0.027258597666666665,0.029248744666666663,0.03276346533333334,0.024706345999999997,0.027702971333333333,0.006747515999999999,0.02630873766666667,0.03569400666666667,0.03047150933333333,0.03243891,0.030552598333333333,0.029364844666666667,0.011607640999999998,0.03323215333333333,0.013295688,0.028761635333333334,0.03162956233333334,0.020338678333333336,0.029578447666666667,0.030044833666666666
