,omer_02.jpg,tal_05.jpg,omer_07.jpg,tal_06.jpg,omer_06.jpg,omer_08.jpg,tal_01.jpg,omer_03.jpg,tal_07.jpg,tal_03.jpg,omer_04.jpg,omer_10.jpg,tal_09.jpg,tal_02.jpg,tal_08.jpg,omer_09.jpg,tal_10.jpg,omer_05.jpg,tal_04.jpg,matt_04.jpg,dom_10.jpg,dom_05.jpg,matt_08.jpg,dom_04.jpg,matt_02.jpg,matt_07.jpg,matt_06.jpg,matt_05.jpg,dom_07.jpg,dom_03.jpg,matt_03.jpg,matt_01.jpg,dom_06.jpg,matt_10.jpg,dom_01.jpg,dom_09.jpg,matt_09.jpg,dom_02.jpg,tess_03.jpg,taz_06.jpg,taz_04.jpg,taz_03.jpg,tess_01.jpg,tess_07.jpg,tess_05.jpg,taz_05.jpg,tess_02.jpg,tess_09.jpg,tess_06.jpg,taz_07.jpg,taz_02.jpg,tess_04.jpg,taz_09.jpg,tess_08.jpg,taz_08.jpg,taz_01.jpg,tess_10.jpg,taz_10.jpg,marina_07.jpg,tamar_04.jpg,tess_03.jpg.1,omer_02.jpg.1,marina_04.jpg,taz_06.jpg.1,taz_04.jpg.1,marina_01.jpg,matt_04.jpg.1,taz_03.jpg.1,dom_10.jpg.1,dom_05.jpg.1,tess_01.jpg.1,tal_05.jpg.1,marina_06.jpg,tamar_09.jpg,omer_07.jpg.1,tal_06.jpg.1,tess_07.jpg.1,matt_08.jpg.1,marina_08.jpg,omer_06.jpg.1,omer_08.jpg.1,tal_01.jpg.1,dom_04.jpg.1,tamar_10.jpg,omer_03.jpg.1,tamar_02.jpg,tamar_05.jpg,tal_07.jpg.1,tess_05.jpg.1,matt_02.jpg.1,tamar_07.jpg,tamar_03.jpg,tal_03.jpg.1,taz_05.jpg.1,marina_09.jpg,tess_02.jpg.1,matt_07.jpg.1,tess_09.jpg.1,tess_06.jpg.1,omer_04.jpg.1,omer_10.jpg.1,taz_07.jpg.1,tamar_01.jpg,marina_10.jpg,tal_09.jpg.1,matt_06.jpg.1,tamar_06.jpg,matt_05.jpg.1,taz_02.jpg.1,dom_07.jpg.1,marina_05.jpg,tal_02.jpg.1,tal_08.jpg.1,tess_04.jpg.1,taz_09.jpg.1,omer_09.jpg.1,dom_03.jpg.1,tal_10.jpg.1,matt_03.jpg.1,matt_01.jpg.1,omer_05.jpg.1,tess_08.jpg.1,marina_02.jpg,marina_03.jpg,tal_04.jpg.1,dom_06.jpg.1,matt_10.jpg.1,taz_08.jpg.1,taz_01.jpg.1,dom_01.jpg.1,dom_09.jpg.1,matt_09.jpg.1,tamar_08.jpg,tess_10.jpg.1,dom_02.jpg.1,taz_10.jpg.1,marina_07.jpg.1,tamar_04.jpg.1,marina_04.jpg.1,marina_01.jpg.1,marina_06.jpg.1,tamar_09.jpg.1,marina_08.jpg.1,tamar_10.jpg.1,tamar_02.jpg.1,tamar_05.jpg.1,tamar_07.jpg.1,tamar_03.jpg.1,marina_09.jpg.1,tamar_01.jpg.1,marina_10.jpg.1,tamar_06.jpg.1,marina_05.jpg.1,marina_02.jpg.1,marina_03.jpg.1,tamar_08.jpg.1
0,0.0,0.025413793333333334,0.021232143999999998,0.031444134666666665,0.022287456666666663,0.012308395000000001,0.021584540666666666,0.015677915333333334,0.023075251,0.022081035333333332,0.013225625,0.019415642666666667,0.01983016766666667,0.021860186,0.04109898,0.021578894,0.033187917666666664,0.019057059333333334,0.039029188000000006,0.036821922,0.04099716,0.026085375000000004,0.04890358000000001,0.03267024566666667,0.03550216366666667,0.032778990333333334,0.022885892333333335,0.035449770000000005,0.026371513333333332,0.03109393133333333,0.040498966666666664,0.03613815166666667,0.029639204666666665,0.028560042000000004,0.029935260666666668,0.028784908666666668,0.03732128333333334,0.029052058333333332,0.04437486,0.05348282866666666,0.055103482,0.0562617,0.05476821,0.05072112866666667,0.05832612733333333,0.05597093,0.05561951433333333,0.05067994333333334,0.04967629566666667,0.038217045,0.04868689366666667,0.05607408866666666,0.05601495166666667,0.054857569999999994,0.049308692333333334,0.053915698,0.057333904666666664,0.04669324533333333,0.05196958333333333,0.052228446666666664,0.04437486,0.0,0.050755575666666664,0.05348282866666666,0.055103482,0.057987376,0.036821922,0.0562617,0.04099716,0.026085375000000004,0.05476821,0.025413793333333334,0.04837645166666667,0.04825070833333333,0.021232143999999998,0.031444134666666665,0.05072112866666667,0.04890358000000001,0.055556250999999994,0.022287456666666663,0.012308395000000001,0.021584540666666666,0.03267024566666667,0.05096062866666666,0.015677915333333334,0.05201051233333333,0.04950913333333333,0.023075251,0.05832612733333333,0.03550216366666667,0.052695449000000005,0.052880130000000004,0.022081035333333332,0.05597093,0.05572928666666667,0.05561951433333333,0.032778990333333334,0.05067994333333334,0.04967629566666667,0.013225625,0.019415642666666667,0.038217045,0.046172265000000004,0.04967020933333333,0.01983016766666667,0.022885892333333335,0.049413246,0.035449770000000005,0.04868689366666667,0.026371513333333332,0.05233539166666667,0.021860186,0.04109898,0.05607408866666666,0.05601495166666667,0.021578894,0.03109393133333333,0.033187917666666664,0.040498966666666664,0.03613815166666667,0.019057059333333334,0.054857569999999994,0.05748301866666667,0.0418613,0.039029188000000006,0.029639204666666665,0.028560042000000004,0.049308692333333334,0.053915698,0.029935260666666668,0.028784908666666668,0.03732128333333334,0.048126872333333334,0.057333904666666664,0.029052058333333332,0.04669324533333333,0.05196958333333333,0.052228446666666664,0.050755575666666664,0.057987376,0.04837645166666667,0.04825070833333333,0.055556250999999994,0.05096062866666666,0.05201051233333333,0.04950913333333333,0.052695449000000005,0.052880130000000004,0.05572928666666667,0.046172265000000004,0.04967020933333333,0.049413246,0.05233539166666667,0.05748301866666667,0.0418613,0.048126872333333334
1,0.025413793333333334,1.9868214999999996e-09,0.029088975000000003,0.026174468,0.033682008666666666,0.022316453666666666,0.025990177666666666,0.019642279999999998,0.035524099999999996,0.015317177666666666,0.020398259,0.021543201,0.017541512,0.035573298999999996,0.04909098333333333,0.021058999999999998,0.028912941666666667,0.03500622866666667,0.04627348333333334,0.048048658,0.041742322666666665,0.04219498333333333,0.052240803333333335,0.029656962666666665,0.04500876066666667,0.033416055,0.029191017,0.04927758966666666,0.04122692333333333,0.042669512,0.054056926666666665,0.04879464333333334,0.04488048866666667,0.048337690999999995,0.04032248,0.041492288,0.05279354333333333,0.03830100300000001,0.03882195,0.04824895666666666,0.051560622333333334,0.051438486666666665,0.053143234666666664,0.04696637766666667,0.053689850000000004,0.054533838666666674,0.05530260333333333,0.04834011666666667,0.041002441666666674,0.03183215066666667,0.03888546333333333,0.05025189333333334,0.052080964666666674,0.054993005,0.051343115,0.048796572333333336,0.05621137166666667,0.04472502666666666,0.04769839233333333,0.05419285333333333,0.03882195,0.025413793333333334,0.043257478333333335,0.04824895666666666,0.051560622333333334,0.05070030666666667,0.048048658,0.051438486666666665,0.041742322666666665,0.04219498333333333,0.053143234666666664,1.9868214999999996e-09,0.046289832,0.04128404133333333,0.029088975000000003,0.026174468,0.04696637766666667,0.052240803333333335,0.050731326666666667,0.033682008666666666,0.022316453666666666,0.025990177666666666,0.029656962666666665,0.04366353733333333,0.019642279999999998,0.05202269,0.045171335333333326,0.035524099999999996,0.053689850000000004,0.04500876066666667,0.05378936333333333,0.053044806666666666,0.015317177666666666,0.054533838666666674,0.04741607166666666,0.05530260333333333,0.033416055,0.04834011666666667,0.041002441666666674,0.020398259,0.021543201,0.03183215066666667,0.04745574833333333,0.04648361166666667,0.017541512,0.029191017,0.048924441,0.04927758966666666,0.03888546333333333,0.04122692333333333,0.04688157,0.035573298999999996,0.04909098333333333,0.05025189333333334,0.052080964666666674,0.021058999999999998,0.042669512,0.028912941666666667,0.054056926666666665,0.04879464333333334,0.03500622866666667,0.054993005,0.05078943966666667,0.04026332999999999,0.04627348333333334,0.04488048866666667,0.048337690999999995,0.051343115,0.048796572333333336,0.04032248,0.041492288,0.05279354333333333,0.047197123333333334,0.05621137166666667,0.03830100300000001,0.04472502666666666,0.04769839233333333,0.05419285333333333,0.043257478333333335,0.05070030666666667,0.046289832,0.04128404133333333,0.050731326666666667,0.04366353733333333,0.05202269,0.045171335333333326,0.05378936333333333,0.053044806666666666,0.04741607166666666,0.04745574833333333,0.04648361166666667,0.048924441,0.04688157,0.05078943966666667,0.04026332999999999,0.047197123333333334
2,0.021232143999999998,0.029088975000000003,0.0,0.03246774266666667,0.023171296,0.020334309333333335,0.018743937999999998,0.020892383666666667,0.018943047666666664,0.02561754566666667,0.02143797266666667,0.02766064,0.027574296666666668,0.025832939333333336,0.03458496,0.02106683,0.027138018666666666,0.02301666566666667,0.035384949,0.0433129,0.03600358466666667,0.025071271000000003,0.052146849999999995,0.028419772666666666,0.036982731333333324,0.03858781,0.02312674733333333,0.038092435333333334,0.030099938333333333,0.032234669,0.04285768433333333,0.041049901666666666,0.026548698,0.03515534133333333,0.03216305966666667,0.028065687333333332,0.04155846166666667,0.025308436666666666,0.04148106900000001,0.04920352000000001,0.05180941333333333,0.05187803533333333,0.049753415,0.04553467666666666,0.053690068333333334,0.05058397,0.051339655000000005,0.04757056233333333,0.045084722,0.03647860866666667,0.04523282333333333,0.05067730766666667,0.05184773333333334,0.049388923333333334,0.04492990233333334,0.051223453333333335,0.052319566666666664,0.043076192000000006,0.049167708333333324,0.05327217333333333,0.04148106900000001,0.021232143999999998,0.04661446666666667,0.04920352000000001,0.05180941333333333,0.05240915666666667,0.0433129,0.05187803533333333,0.03600358466666667,0.025071271000000003,0.049753415,0.029088975000000003,0.042968528666666665,0.045591676000000005,0.0,0.03246774266666667,0.04553467666666666,0.052146849999999995,0.049154503333333335,0.023171296,0.020334309333333335,0.018743937999999998,0.028419772666666666,0.048956242,0.020892383666666667,0.04729422333333333,0.04414084,0.018943047666666664,0.053690068333333334,0.036982731333333324,0.05048781333333333,0.048220068666666664,0.02561754566666667,0.05058397,0.048735861666666665,0.051339655000000005,0.03858781,0.04757056233333333,0.045084722,0.02143797266666667,0.02766064,0.03647860866666667,0.04151700666666667,0.042953759999999994,0.027574296666666668,0.02312674733333333,0.04663518666666667,0.038092435333333334,0.04523282333333333,0.030099938333333333,0.045420734666666664,0.025832939333333336,0.03458496,0.05067730766666667,0.05184773333333334,0.02106683,0.032234669,0.027138018666666666,0.04285768433333333,0.041049901666666666,0.02301666566666667,0.049388923333333334,0.052292005,0.02939238766666667,0.035384949,0.026548698,0.03515534133333333,0.04492990233333334,0.051223453333333335,0.03216305966666667,0.028065687333333332,0.04155846166666667,0.044927209999999995,0.052319566666666664,0.025308436666666666,0.043076192000000006,0.049167708333333324,0.05327217333333333,0.04661446666666667,0.05240915666666667,0.042968528666666665,0.045591676000000005,0.049154503333333335,0.048956242,0.04729422333333333,0.04414084,0.05048781333333333,0.048220068666666664,0.048735861666666665,0.04151700666666667,0.042953759999999994,0.04663518666666667,0.045420734666666664,0.052292005,0.02939238766666667,0.044927209999999995
3,0.031444134666666665,0.026174468,0.03246774266666667,1.9868214999999996e-09,0.030534002999999997,0.033448972333333334,0.026756058333333336,0.02678890633333333,0.03863220033333333,0.019532650666666665,0.031070915666666664,0.026136019,0.03176499033333333,0.03789691666666666,0.046856427666666665,0.03161558133333334,0.033950070000000006,0.039592278666666675,0.03945079333333334,0.04001324666666666,0.03391830133333333,0.04040342966666667,0.05002238999999999,0.03236872233333333,0.042773733333333334,0.04208057666666667,0.030273718333333335,0.0423293,0.037907032,0.037157859999999994,0.04861082633333333,0.043312519,0.041500321666666666,0.043984539999999996,0.029836048333333334,0.035742148999999994,0.04721685766666666,0.030208081333333334,0.04219770666666666,0.048856116666666664,0.055217938333333334,0.05220469666666667,0.05740492666666666,0.048611207999999996,0.053546647333333336,0.05540400733333333,0.05278161666666666,0.052559658,0.05209778866666667,0.029399362999999998,0.04581780466666666,0.056610049999999995,0.05364942233333333,0.055770096666666664,0.04690692333333333,0.04743266000000001,0.050369254999999995,0.045953313333333336,0.03923989366666667,0.038021119,0.04219770666666666,0.031444134666666665,0.024660661000000004,0.048856116666666664,0.055217938333333334,0.04811397333333333,0.04001324666666666,0.05220469666666667,0.03391830133333333,0.04040342966666667,0.05740492666666666,0.026174468,0.04676068,0.037385665666666665,0.03246774266666667,1.9868214999999996e-09,0.048611207999999996,0.05002238999999999,0.04802623400000001,0.030534002999999997,0.033448972333333334,0.026756058333333336,0.03236872233333333,0.030820999666666668,0.02678890633333333,0.04544960233333333,0.03748677566666667,0.03863220033333333,0.053546647333333336,0.042773733333333334,0.03892651166666667,0.04534515166666666,0.019532650666666665,0.05540400733333333,0.04811830933333334,0.05278161666666666,0.04208057666666667,0.052559658,0.05209778866666667,0.031070915666666664,0.026136019,0.029399362999999998,0.035899651666666664,0.048914478666666664,0.03176499033333333,0.030273718333333335,0.04513529,0.0423293,0.04581780466666666,0.037907032,0.04160807833333333,0.03789691666666666,0.046856427666666665,0.056610049999999995,0.05364942233333333,0.03161558133333334,0.037157859999999994,0.033950070000000006,0.04861082633333333,0.043312519,0.039592278666666675,0.055770096666666664,0.05628171,0.03680811333333334,0.03945079333333334,0.041500321666666666,0.043984539999999996,0.04690692333333333,0.04743266000000001,0.029836048333333334,0.035742148999999994,0.04721685766666666,0.03839225333333333,0.050369254999999995,0.030208081333333334,0.045953313333333336,0.03923989366666667,0.038021119,0.024660661000000004,0.04811397333333333,0.04676068,0.037385665666666665,0.04802623400000001,0.030820999666666668,0.04544960233333333,0.03748677566666667,0.03892651166666667,0.04534515166666666,0.04811830933333334,0.035899651666666664,0.048914478666666664,0.04513529,0.04160807833333333,0.05628171,0.03680811333333334,0.03839225333333333
4,0.022287456666666663,0.033682008666666666,0.023171296,0.030534002999999997,0.0,0.023192621333333333,0.014700410666666667,0.023676854666666667,0.017086996666666666,0.025268459333333333,0.023828065333333332,0.029252447666666667,0.02740106133333333,0.01898364233333333,0.030558482,0.02762872566666667,0.028976057333333336,0.028281228,0.02570232133333333,0.029032514333333332,0.031135087999999998,0.033183751,0.04743719,0.031028542666666666,0.025732125666666664,0.03944757566666667,0.028688381333333336,0.031105929666666667,0.03172300866666667,0.027246683666666667,0.034137086000000004,0.034801896666666665,0.031575219,0.03541056733333334,0.025573986666666666,0.03085656,0.03809808666666667,0.017075762666666668,0.04026965133333334,0.04662421866666667,0.05140090333333333,0.048604470000000004,0.051969315,0.047862347000000006,0.050080458,0.04892721533333333,0.04739715666666666,0.045662368,0.049199510999999994,0.037873113333333326,0.044919930000000004,0.05555545333333333,0.04788232333333333,0.04735864166666667,0.042472474333333336,0.047560335333333335,0.049101682,0.04018665866666667,0.04768866833333333,0.044235113333333326,0.04026965133333334,0.022287456666666663,0.04420808333333334,0.04662421866666667,0.05140090333333333,0.05543778666666666,0.029032514333333332,0.048604470000000004,0.031135087999999998,0.033183751,0.051969315,0.033682008666666666,0.04118397233333333,0.03860351333333333,0.023171296,0.030534002999999997,0.047862347000000006,0.04743719,0.045918059000000004,0.0,0.023192621333333333,0.014700410666666667,0.031028542666666666,0.04519156566666667,0.023676854666666667,0.044729562333333334,0.04207296333333333,0.017086996666666666,0.050080458,0.025732125666666664,0.04521052999999999,0.048119808666666666,0.025268459333333333,0.04892721533333333,0.04855581933333333,0.04739715666666666,0.03944757566666667,0.045662368,0.049199510999999994,0.023828065333333332,0.029252447666666667,0.037873113333333326,0.039374113,0.04176909233333334,0.02740106133333333,0.028688381333333336,0.04347799333333333,0.031105929666666667,0.044919930000000004,0.03172300866666667,0.04654914,0.01898364233333333,0.030558482,0.05555545333333333,0.04788232333333333,0.02762872566666667,0.027246683666666667,0.028976057333333336,0.034137086000000004,0.034801896666666665,0.028281228,0.04735864166666667,0.05271220466666667,0.029540328,0.02570232133333333,0.031575219,0.03541056733333334,0.042472474333333336,0.047560335333333335,0.025573986666666666,0.03085656,0.03809808666666667,0.039622098,0.049101682,0.017075762666666668,0.04018665866666667,0.04768866833333333,0.044235113333333326,0.04420808333333334,0.05543778666666666,0.04118397233333333,0.03860351333333333,0.045918059000000004,0.04519156566666667,0.044729562333333334,0.04207296333333333,0.04521052999999999,0.048119808666666666,0.04855581933333333,0.039374113,0.04176909233333334,0.04347799333333333,0.04654914,0.05271220466666667,0.029540328,0.039622098
5,0.012308395000000001,0.022316453666666666,0.020334309333333335,0.033448972333333334,0.023192621333333333,0.0,0.022569896666666665,0.011045376333333332,0.023839933,0.023289605333333335,0.007330443333333334,0.016404046666666665,0.017002590333333335,0.027132567666666666,0.047163688,0.014743371666666668,0.03164444366666667,0.018715435333333332,0.04624391333333334,0.040719653333333335,0.044486613333333334,0.03393893666666667,0.05424775,0.03631041,0.03848058433333333,0.032475906666666665,0.025637585,0.043733654999999996,0.034755460333333335,0.033772974666666664,0.04646104366666667,0.04336150766666666,0.03672040133333333,0.039296714333333344,0.037235162,0.032901784999999996,0.04679302166666666,0.03241407466666667,0.045561972,0.05523826666666667,0.05730460333333333,0.05744564133333333,0.05574605266666667,0.05381397,0.05902241233333334,0.05715453,0.05834343333333334,0.052350051,0.04983852333333334,0.0414833,0.04974229533333333,0.057169113333333334,0.05612952333333333,0.056657355666666666,0.05428721533333333,0.055387428333333336,0.058164265666666666,0.050120032,0.053511771666666666,0.056798933333333336,0.045561972,0.012308395000000001,0.05182402333333333,0.05523826666666667,0.05730460333333333,0.05680987866666666,0.040719653333333335,0.05744564133333333,0.044486613333333334,0.03393893666666667,0.05574605266666667,0.022316453666666666,0.04755560966666666,0.05001919666666667,0.020334309333333335,0.033448972333333334,0.05381397,0.05424775,0.054398741333333334,0.023192621333333333,0.0,0.022569896666666665,0.03631041,0.052047458666666664,0.011045376333333332,0.053662098,0.051271559999999994,0.023839933,0.05902241233333334,0.03848058433333333,0.05664668,0.05715597666666667,0.023289605333333335,0.05715453,0.05339446266666667,0.05834343333333334,0.032475906666666665,0.052350051,0.04983852333333334,0.007330443333333334,0.016404046666666665,0.0414833,0.05168322733333333,0.04890971366666667,0.017002590333333335,0.025637585,0.051415362,0.043733654999999996,0.04974229533333333,0.034755460333333335,0.05206142666666667,0.027132567666666666,0.047163688,0.057169113333333334,0.05612952333333333,0.014743371666666668,0.033772974666666664,0.03164444366666667,0.04646104366666667,0.04336150766666666,0.018715435333333332,0.056657355666666666,0.05740423133333334,0.041507431000000004,0.04624391333333334,0.03672040133333333,0.039296714333333344,0.05428721533333333,0.055387428333333336,0.037235162,0.032901784999999996,0.04679302166666666,0.04996866233333333,0.058164265666666666,0.03241407466666667,0.050120032,0.053511771666666666,0.056798933333333336,0.05182402333333333,0.05680987866666666,0.04755560966666666,0.05001919666666667,0.054398741333333334,0.052047458666666664,0.053662098,0.051271559999999994,0.05664668,0.05715597666666667,0.05339446266666667,0.05168322733333333,0.04890971366666667,0.051415362,0.05206142666666667,0.05740423133333334,0.041507431000000004,0.04996866233333333
6,0.021584540666666666,0.025990177666666666,0.018743937999999998,0.026756058333333336,0.014700410666666667,0.022569896666666665,3.973642999999999e-09,0.025262179,0.018534078333333332,0.016966152,0.02541419266666667,0.02960286433333333,0.023863357333333335,0.019111124666666666,0.029986393999999996,0.02735607433333333,0.029381496000000003,0.028861878999999997,0.028978272333333336,0.035546336666666664,0.038611309999999996,0.02338853,0.045842954666666665,0.026429283333333334,0.027744577333333333,0.032666909333333334,0.023958549666666665,0.031454042333333335,0.02435850466666667,0.023029169999999998,0.03703832333333333,0.033346481666666664,0.025078588999999995,0.03240161166666666,0.025546562333333335,0.03107424,0.036681159000000005,0.018518515333333332,0.03822498466666667,0.044851722,0.049988135,0.049099631000000005,0.050553959999999995,0.04392185,0.050296665,0.049163791666666665,0.04864300233333333,0.04513239333333333,0.045182833333333325,0.03148624866666667,0.04164051233333333,0.05188114666666667,0.05009545666666667,0.047338465,0.04478914466666666,0.047301739999999995,0.048534828,0.039208178333333336,0.05229378766666667,0.05201691666666666,0.03822498466666667,0.021584540666666666,0.046292595666666665,0.044851722,0.049988135,0.05628542866666666,0.035546336666666664,0.049099631000000005,0.038611309999999996,0.02338853,0.050553959999999995,0.025990177666666666,0.04299665,0.03618235333333333,0.018743937999999998,0.026756058333333336,0.04392185,0.045842954666666665,0.050573270000000003,0.014700410666666667,0.022569896666666665,3.973642999999999e-09,0.026429283333333334,0.047551296666666666,0.025262179,0.05105830233333333,0.04238766633333334,0.018534078333333332,0.050296665,0.027744577333333333,0.04946779833333334,0.04947629833333333,0.016966152,0.049163791666666665,0.047599506666666666,0.04864300233333333,0.032666909333333334,0.04513239333333333,0.045182833333333325,0.02541419266666667,0.02960286433333333,0.03148624866666667,0.03841213666666666,0.043394263333333336,0.023863357333333335,0.023958549666666665,0.048715690666666665,0.031454042333333335,0.04164051233333333,0.02435850466666667,0.04996427566666666,0.019111124666666666,0.029986393999999996,0.05188114666666667,0.05009545666666667,0.02735607433333333,0.023029169999999998,0.029381496000000003,0.03703832333333333,0.033346481666666664,0.028861878999999997,0.047338465,0.051016446666666666,0.029921436333333332,0.028978272333333336,0.025078588999999995,0.03240161166666666,0.04478914466666666,0.047301739999999995,0.025546562333333335,0.03107424,0.036681159000000005,0.04454145,0.048534828,0.018518515333333332,0.039208178333333336,0.05229378766666667,0.05201691666666666,0.046292595666666665,0.05628542866666666,0.04299665,0.03618235333333333,0.050573270000000003,0.047551296666666666,0.05105830233333333,0.04238766633333334,0.04946779833333334,0.04947629833333333,0.047599506666666666,0.03841213666666666,0.043394263333333336,0.048715690666666665,0.04996427566666666,0.051016446666666666,0.029921436333333332,0.04454145
7,0.015677915333333334,0.019642279999999998,0.020892383666666667,0.02678890633333333,0.023676854666666667,0.011045376333333332,0.025262179,0.0,0.027930390000000003,0.02064853733333333,0.006162095,0.011227357666666667,0.014413096333333335,0.03493032066666667,0.050220056666666665,0.008904733333333333,0.027376328,0.023574054333333334,0.04610724666666667,0.039279967666666665,0.03696476833333333,0.03823767433333334,0.05146419,0.033387714666666665,0.03995675233333333,0.030996643333333334,0.025440231666666667,0.04413439633333334,0.037081666666666666,0.038425911,0.048405456666666666,0.042615549999999995,0.04146571666666666,0.042162090000000006,0.035909306999999994,0.034764432,0.04987524466666667,0.030318431333333333,0.044604703333333336,0.05213596633333333,0.05659725666666667,0.05561384566666667,0.056888064333333335,0.05375816466666666,0.057503385000000004,0.05662723,0.05829940466666666,0.05229482566666667,0.048062841333333335,0.03906377333333333,0.04578362166666667,0.05654699033333333,0.054871436666666655,0.05813119199999999,0.05161553133333333,0.05393449333333333,0.05865430433333333,0.047398222,0.04690896566666667,0.05072454566666666,0.044604703333333336,0.015677915333333334,0.04348373866666667,0.05213596633333333,0.05659725666666667,0.05370336466666667,0.039279967666666665,0.05561384566666667,0.03696476833333333,0.03823767433333334,0.056888064333333335,0.019642279999999998,0.04369087633333334,0.046447543333333334,0.020892383666666667,0.02678890633333333,0.05375816466666666,0.05146419,0.04878408666666667,0.023676854666666667,0.011045376333333332,0.025262179,0.033387714666666665,0.04381397866666667,0.0,0.048735543000000006,0.04458434466666668,0.027930390000000003,0.057503385000000004,0.03995675233333333,0.05251577466666667,0.054155588,0.02064853733333333,0.05662723,0.048298430333333336,0.05829940466666666,0.030996643333333334,0.05229482566666667,0.048062841333333335,0.006162095,0.011227357666666667,0.03906377333333333,0.048660014,0.045297566666666664,0.014413096333333335,0.025440231666666667,0.046050681,0.04413439633333334,0.04578362166666667,0.037081666666666666,0.045200884666666656,0.03493032066666667,0.050220056666666665,0.05654699033333333,0.054871436666666655,0.008904733333333333,0.038425911,0.027376328,0.048405456666666666,0.042615549999999995,0.023574054333333334,0.05813119199999999,0.05482761666666667,0.03768435133333334,0.04610724666666667,0.04146571666666666,0.042162090000000006,0.05161553133333333,0.05393449333333333,0.035909306999999994,0.034764432,0.04987524466666667,0.045916028666666664,0.05865430433333333,0.030318431333333333,0.047398222,0.04690896566666667,0.05072454566666666,0.04348373866666667,0.05370336466666667,0.04369087633333334,0.046447543333333334,0.04878408666666667,0.04381397866666667,0.048735543000000006,0.04458434466666668,0.05251577466666667,0.054155588,0.048298430333333336,0.048660014,0.045297566666666664,0.046050681,0.045200884666666656,0.05482761666666667,0.03768435133333334,0.045916028666666664
8,0.023075251,0.035524099999999996,0.018943047666666664,0.03863220033333333,0.017086996666666666,0.023839933,0.018534078333333332,0.027930390000000003,0.0,0.032403515333333334,0.027443396666666665,0.035626635,0.028154967333333333,0.017206730666666666,0.032963840333333334,0.027763617,0.03519715866666666,0.02262183,0.028389346666666666,0.03739180833333333,0.035161592666666665,0.027996915333333334,0.04761021466666667,0.03126907933333333,0.03131909966666667,0.036588003,0.032192419,0.027948987333333335,0.02857968266666667,0.027748363333333338,0.03589577766666666,0.03521103833333334,0.025946613,0.03693133566666666,0.030977101666666666,0.027571968666666665,0.036255519,0.016747470666666667,0.047063435,0.050625742,0.053795137,0.051794472,0.05210147799999999,0.051240980000000005,0.052273771000000004,0.052256079999999996,0.04815009533333334,0.05043590333333333,0.04912365666666667,0.04613864,0.04868665999999999,0.05502538466666666,0.05339083866666667,0.050442451000000006,0.04841730166666666,0.05451036,0.04888768,0.04559338666666667,0.05207881,0.049379905666666675,0.047063435,0.023075251,0.04771681666666667,0.050625742,0.053795137,0.055341579999999994,0.03739180833333333,0.051794472,0.035161592666666665,0.027996915333333334,0.05210147799999999,0.035524099999999996,0.03646956666666667,0.045163390000000005,0.018943047666666664,0.03863220033333333,0.051240980000000005,0.04761021466666667,0.04733778166666667,0.017086996666666666,0.023839933,0.018534078333333332,0.03126907933333333,0.05089196666666667,0.027930390000000003,0.04471329,0.04329926366666667,0.0,0.052273771000000004,0.03131909966666667,0.04838097866666667,0.05036798533333333,0.032403515333333334,0.052256079999999996,0.047412579999999996,0.04815009533333334,0.036588003,0.05043590333333333,0.04912365666666667,0.027443396666666665,0.035626635,0.04613864,0.040292030666666666,0.037062988000000005,0.028154967333333333,0.032192419,0.04896444666666667,0.027948987333333335,0.04868665999999999,0.02857968266666667,0.04438172333333333,0.017206730666666666,0.032963840333333334,0.05502538466666666,0.05339083866666667,0.027763617,0.027748363333333338,0.03519715866666666,0.03589577766666666,0.03521103833333334,0.02262183,0.050442451000000006,0.05138140766666666,0.028511317666666664,0.028389346666666666,0.025946613,0.03693133566666666,0.04841730166666666,0.05451036,0.030977101666666666,0.027571968666666665,0.036255519,0.042123636666666665,0.04888768,0.016747470666666667,0.04559338666666667,0.05207881,0.049379905666666675,0.04771681666666667,0.055341579999999994,0.03646956666666667,0.045163390000000005,0.04733778166666667,0.05089196666666667,0.04471329,0.04329926366666667,0.04838097866666667,0.05036798533333333,0.047412579999999996,0.040292030666666666,0.037062988000000005,0.04896444666666667,0.04438172333333333,0.05138140766666666,0.028511317666666664,0.042123636666666665
9,0.022081035333333332,0.015317177666666666,0.02561754566666667,0.019532650666666665,0.025268459333333333,0.023289605333333335,0.016966152,0.02064853733333333,0.032403515333333334,0.0,0.022544531333333333,0.022282119666666666,0.01933697466666667,0.0303662,0.041880428000000004,0.026542224333333333,0.025766537666666665,0.033222909,0.03881043666666666,0.03942140733333333,0.040731700333333336,0.03572012,0.04712856666666667,0.028744701333333334,0.03444975333333333,0.03178571,0.023888751,0.041874299999999996,0.034229179,0.03260963333333334,0.047285183333333335,0.04018513766666666,0.03742559000000001,0.04156065766666666,0.03031290666666667,0.036787448333333334,0.04719267566666666,0.031410584666666665,0.030431544333333335,0.04226229,0.046858625,0.04655288333333333,0.04987745233333333,0.04082872433333333,0.04953594866666666,0.04983792333333333,0.05201048433333333,0.042694108333333335,0.03779035433333333,0.024572801333333335,0.03262132433333333,0.0484269,0.04828580666666667,0.04979928,0.04319997666666667,0.04103928899999999,0.05366474166666667,0.03644985433333334,0.04647734433333333,0.05198773533333334,0.030431544333333335,0.022081035333333332,0.043838915666666665,0.04226229,0.046858625,0.05265264333333333,0.03942140733333333,0.04655288333333333,0.040731700333333336,0.03572012,0.04987745233333333,0.015317177666666666,0.046269818,0.03194167833333333,0.02561754566666667,0.019532650666666665,0.04082872433333333,0.04712856666666667,0.051737904666666674,0.025268459333333333,0.023289605333333335,0.016966152,0.028744701333333334,0.04035292866666666,0.02064853733333333,0.05079777,0.04092233966666667,0.032403515333333334,0.04953594866666666,0.03444975333333333,0.049771479,0.046728738,0.0,0.04983792333333333,0.047506654666666676,0.05201048433333333,0.03178571,0.042694108333333335,0.03779035433333333,0.022544531333333333,0.022282119666666666,0.024572801333333335,0.03875302166666666,0.047501035,0.01933697466666667,0.023888751,0.04438900999999999,0.041874299999999996,0.03262132433333333,0.034229179,0.049119544333333334,0.0303662,0.041880428000000004,0.0484269,0.04828580666666667,0.026542224333333333,0.03260963333333334,0.025766537666666665,0.047285183333333335,0.04018513766666666,0.033222909,0.04979928,0.04988386666666666,0.03715890066666667,0.03881043666666666,0.03742559000000001,0.04156065766666666,0.04319997666666667,0.04103928899999999,0.03031290666666667,0.036787448333333334,0.04719267566666666,0.04286795333333333,0.05366474166666667,0.031410584666666665,0.03644985433333334,0.04647734433333333,0.05198773533333334,0.043838915666666665,0.05265264333333333,0.046269818,0.03194167833333333,0.051737904666666674,0.04035292866666666,0.05079777,0.04092233966666667,0.049771479,0.046728738,0.047506654666666676,0.03875302166666666,0.047501035,0.04438900999999999,0.049119544333333334,0.04988386666666666,0.03715890066666667,0.04286795333333333
10,0.013225625,0.020398259,0.02143797266666667,0.031070915666666664,0.023828065333333332,0.007330443333333334,0.02541419266666667,0.006162095,0.027443396666666665,0.022544531333333333,1.9868214999999996e-09,0.010900549,0.017341482666666668,0.03311255333333333,0.049001945,0.006858285166666667,0.029551397333333333,0.026282718,0.04731396433333333,0.037913252333333335,0.03986171000000001,0.03509560566666667,0.051373,0.03205878733333333,0.03952249333333334,0.032053441333333335,0.024593666666666666,0.04375929,0.034438772,0.037625791666666665,0.04589658566666667,0.04324226,0.039682269000000006,0.03950135166666667,0.035778479,0.032401695,0.047536997000000004,0.03366109666666666,0.04474140166666666,0.0526941,0.055748994666666676,0.055836848333333335,0.056014259999999996,0.051983867333333336,0.058151093333333334,0.055664676333333336,0.05806174333333334,0.05157131866666666,0.04759413,0.03861142666666668,0.04781065333333333,0.055628050000000005,0.054430896666666666,0.05714470233333334,0.051810506666666666,0.05394872133333333,0.05919563133333334,0.046657332333333336,0.049844695,0.05263003333333334,0.04474140166666666,0.013225625,0.047655525666666664,0.0526941,0.055748994666666676,0.054990385,0.037913252333333335,0.055836848333333335,0.03986171000000001,0.03509560566666667,0.056014259999999996,0.020398259,0.047285153333333343,0.04901387666666667,0.02143797266666667,0.031070915666666664,0.051983867333333336,0.051373,0.051261036666666676,0.023828065333333332,0.007330443333333334,0.02541419266666667,0.03205878733333333,0.04661951766666667,0.006162095,0.051005844333333335,0.048978749999999995,0.027443396666666665,0.058151093333333334,0.03952249333333334,0.054875181333333335,0.05572738333333334,0.022544531333333333,0.055664676333333336,0.049703728333333336,0.05806174333333334,0.032053441333333335,0.05157131866666666,0.04759413,1.9868214999999996e-09,0.010900549,0.03861142666666668,0.051770544999999994,0.04944003333333334,0.017341482666666668,0.024593666666666666,0.049468276666666665,0.04375929,0.04781065333333333,0.034438772,0.048448336,0.03311255333333333,0.049001945,0.055628050000000005,0.054430896666666666,0.006858285166666667,0.037625791666666665,0.029551397333333333,0.04589658566666667,0.04324226,0.026282718,0.05714470233333334,0.05586015566666667,0.03908404733333334,0.04731396433333333,0.039682269000000006,0.03950135166666667,0.051810506666666666,0.05394872133333333,0.035778479,0.032401695,0.047536997000000004,0.04914164666666667,0.05919563133333334,0.03366109666666666,0.046657332333333336,0.049844695,0.05263003333333334,0.047655525666666664,0.054990385,0.047285153333333343,0.04901387666666667,0.051261036666666676,0.04661951766666667,0.051005844333333335,0.048978749999999995,0.054875181333333335,0.05572738333333334,0.049703728333333336,0.051770544999999994,0.04944003333333334,0.049468276666666665,0.048448336,0.05586015566666667,0.03908404733333334,0.04914164666666667
11,0.019415642666666667,0.021543201,0.02766064,0.026136019,0.029252447666666667,0.016404046666666665,0.02960286433333333,0.011227357666666667,0.035626635,0.022282119666666666,0.010900549,3.973642999999999e-09,0.018830518333333334,0.039291419666666674,0.05327959066666667,0.013161462666666669,0.032198199999999996,0.032121198999999996,0.04921026233333333,0.03669213,0.042621059999999995,0.040671429,0.05066740533333334,0.035991699999999995,0.04169345166666667,0.034180407,0.021515031,0.04550604533333333,0.039602524666666666,0.042013992,0.048815381666666664,0.04434739766666666,0.044179684000000004,0.038802918666666665,0.03483834266666667,0.035236654666666666,0.049261943333333336,0.03935780566666667,0.043864576,0.049213218,0.05530754433333333,0.055150858,0.056716431666666664,0.05021904533333333,0.05731690333333333,0.054501600000000004,0.058911429,0.05135414,0.047571372333333334,0.03456109500000001,0.04618851233333333,0.05410117766666667,0.053570346666666664,0.057989543333333324,0.050067759,0.051943757666666666,0.058779429999999994,0.04632559333333333,0.046811528,0.05056928333333333,0.043864576,0.019415642666666667,0.04317206866666667,0.049213218,0.05530754433333333,0.05102346533333333,0.03669213,0.055150858,0.042621059999999995,0.040671429,0.056716431666666664,0.021543201,0.047814164666666666,0.04757265,0.02766064,0.026136019,0.05021904533333333,0.05066740533333334,0.050945175333333335,0.029252447666666667,0.016404046666666665,0.02960286433333333,0.035991699999999995,0.04318618233333334,0.011227357666666667,0.05272510466666667,0.04569301,0.035626635,0.05731690333333333,0.04169345166666667,0.05260016,0.053209183666666666,0.022282119666666666,0.054501600000000004,0.04904075533333333,0.058911429,0.034180407,0.05135414,0.047571372333333334,0.010900549,3.973642999999999e-09,0.03456109500000001,0.050141506666666676,0.051038066666666666,0.018830518333333334,0.021515031,0.04652728566666666,0.04550604533333333,0.04618851233333333,0.039602524666666666,0.048316959,0.039291419666666674,0.05327959066666667,0.05410117766666667,0.053570346666666664,0.013161462666666669,0.042013992,0.032198199999999996,0.048815381666666664,0.04434739766666666,0.032121198999999996,0.057989543333333324,0.05513698333333334,0.04143268666666667,0.04921026233333333,0.044179684000000004,0.038802918666666665,0.050067759,0.051943757666666666,0.03483834266666667,0.035236654666666666,0.049261943333333336,0.04906744766666667,0.058779429999999994,0.03935780566666667,0.04632559333333333,0.046811528,0.05056928333333333,0.04317206866666667,0.05102346533333333,0.047814164666666666,0.04757265,0.050945175333333335,0.04318618233333334,0.05272510466666667,0.04569301,0.05260016,0.053209183666666666,0.04904075533333333,0.050141506666666676,0.051038066666666666,0.04652728566666666,0.048316959,0.05513698333333334,0.04143268666666667,0.04906744766666667
12,0.01983016766666667,0.017541512,0.027574296666666668,0.03176499033333333,0.02740106133333333,0.017002590333333335,0.023863357333333335,0.014413096333333335,0.028154967333333333,0.01933697466666667,0.017341482666666668,0.018830518333333334,0.0,0.030631369000000002,0.048626779999999994,0.020516582000000002,0.02654834966666667,0.020124632,0.04383776133333333,0.043276571666666666,0.04230123533333333,0.04252833166666667,0.05207680666666667,0.03423321433333334,0.034395639000000006,0.023990994333333335,0.027748313333333333,0.042940570000000004,0.04076819533333333,0.04011331566666666,0.05009703766666667,0.042179712,0.04180162833333334,0.045523452,0.04096983066666667,0.04232435166666667,0.04921413266666666,0.031566275,0.04184093133333333,0.051584736666666665,0.05492501266666667,0.053179993333333335,0.05379665833333334,0.05257762333333334,0.05527103766666667,0.05480035566666667,0.056076842333333335,0.049119024666666664,0.04421443,0.041546183333333334,0.04144778066666667,0.05522790833333333,0.05264740666666667,0.056630280000000005,0.05247905033333334,0.052336928,0.056227766666666665,0.045384678,0.05019284,0.055465780000000006,0.04184093133333333,0.01983016766666667,0.04802486466666667,0.051584736666666665,0.05492501266666667,0.05121502999999999,0.043276571666666666,0.053179993333333335,0.04230123533333333,0.04252833166666667,0.05379665833333334,0.017541512,0.04133022833333334,0.04039620333333334,0.027574296666666668,0.03176499033333333,0.05257762333333334,0.05207680666666667,0.050025233333333335,0.02740106133333333,0.017002590333333335,0.023863357333333335,0.03423321433333334,0.04540953666666667,0.014413096333333335,0.04958078166666667,0.04438114433333333,0.028154967333333333,0.05527103766666667,0.034395639000000006,0.05472852666666667,0.05415509366666667,0.01933697466666667,0.05480035566666667,0.04752754833333334,0.056076842333333335,0.023990994333333335,0.049119024666666664,0.04421443,0.017341482666666668,0.018830518333333334,0.041546183333333334,0.04659334,0.04035130333333334,0.0,0.027748313333333333,0.04541050333333333,0.042940570000000004,0.04144778066666667,0.04076819533333333,0.04824616466666666,0.030631369000000002,0.048626779999999994,0.05522790833333333,0.05264740666666667,0.020516582000000002,0.04011331566666666,0.02654834966666667,0.05009703766666667,0.042179712,0.020124632,0.056630280000000005,0.05250731166666667,0.041394635666666665,0.04383776133333333,0.04180162833333334,0.045523452,0.05247905033333334,0.052336928,0.04096983066666667,0.04232435166666667,0.04921413266666666,0.04481532566666667,0.056227766666666665,0.031566275,0.045384678,0.05019284,0.055465780000000006,0.04802486466666667,0.05121502999999999,0.04133022833333334,0.04039620333333334,0.050025233333333335,0.04540953666666667,0.04958078166666667,0.04438114433333333,0.05472852666666667,0.05415509366666667,0.04752754833333334,0.04659334,0.04035130333333334,0.04541050333333333,0.04824616466666666,0.05250731166666667,0.041394635666666665,0.04481532566666667
