,omer_02.jpg,tal_05.jpg,omer_07.jpg,tal_06.jpg,omer_06.jpg,omer_08.jpg,tal_01.jpg,omer_03.jpg,tal_07.jpg,tal_03.jpg,omer_04.jpg,omer_10.jpg,tal_09.jpg,tal_02.jpg,tal_08.jpg,omer_09.jpg,tal_10.jpg,omer_05.jpg,tal_04.jpg,matt_04.jpg,dom_10.jpg,dom_05.jpg,matt_08.jpg,dom_04.jpg,matt_02.jpg,matt_07.jpg,matt_06.jpg,matt_05.jpg,dom_07.jpg,dom_03.jpg,matt_03.jpg,matt_01.jpg,dom_06.jpg,matt_10.jpg,dom_01.jpg,dom_09.jpg,matt_09.jpg,dom_02.jpg,tess_03.jpg,taz_06.jpg,taz_04.jpg,taz_03.jpg,tess_01.jpg,tess_07.jpg,tess_05.jpg,taz_05.jpg,tess_02.jpg,tess_09.jpg,tess_06.jpg,taz_07.jpg,taz_02.jpg,tess_04.jpg,taz_09.jpg,tess_08.jpg,taz_08.jpg,taz_01.jpg,tess_10.jpg,taz_10.jpg,marina_07.jpg,tamar_04.jpg,tess_03.jpg.1,omer_02.jpg.1,marina_04.jpg,taz_06.jpg.1,taz_04.jpg.1,marina_01.jpg,matt_04.jpg.1,taz_03.jpg.1,dom_10.jpg.1,dom_05.jpg.1,tess_01.jpg.1,tal_05.jpg.1,marina_06.jpg,tamar_09.jpg,omer_07.jpg.1,tal_06.jpg.1,tess_07.jpg.1,matt_08.jpg.1,marina_08.jpg,omer_06.jpg.1,omer_08.jpg.1,tal_01.jpg.1,dom_04.jpg.1,tamar_10.jpg,omer_03.jpg.1,tamar_02.jpg,tamar_05.jpg,tal_07.jpg.1,tess_05.jpg.1,matt_02.jpg.1,tamar_07.jpg,tamar_03.jpg,tal_03.jpg.1,taz_05.jpg.1,marina_09.jpg,tess_02.jpg.1,matt_07.jpg.1,tess_09.jpg.1,tess_06.jpg.1,omer_04.jpg.1,omer_10.jpg.1,taz_07.jpg.1,tamar_01.jpg,marina_10.jpg,tal_09.jpg.1,matt_06.jpg.1,tamar_06.jpg,matt_05.jpg.1,taz_02.jpg.1,dom_07.jpg.1,marina_05.jpg,tal_02.jpg.1,tal_08.jpg.1,tess_04.jpg.1,taz_09.jpg.1,omer_09.jpg.1,dom_03.jpg.1,tal_10.jpg.1,matt_03.jpg.1,matt_01.jpg.1,omer_05.jpg.1,tess_08.jpg.1,marina_02.jpg,marina_03.jpg,tal_04.jpg.1,dom_06.jpg.1,matt_10.jpg.1,taz_08.jpg.1,taz_01.jpg.1,dom_01.jpg.1,dom_09.jpg.1,matt_09.jpg.1,tamar_08.jpg,tess_10.jpg.1,dom_02.jpg.1,taz_10.jpg.1,marina_07.jpg.1,tamar_04.jpg.1,marina_04.jpg.1,marina_01.jpg.1,marina_06.jpg.1,tamar_09.jpg.1,marina_08.jpg.1,tamar_10.jpg.1,tamar_02.jpg.1,tamar_05.jpg.1,tamar_07.jpg.1,tamar_03.jpg.1,marina_09.jpg.1,tamar_01.jpg.1,marina_10.jpg.1,tamar_06.jpg.1,marina_05.jpg.1,marina_02.jpg.1,marina_03.jpg.1,tamar_08.jpg.1
0,3.973642999999999e-09,0.030969292,0.023314401,0.03172512833333333,0.014100593333333333,0.02752226166666667,0.028799863666666668,0.028890651666666666,0.012588439666666666,0.02995148266666667,0.015098699,0.03403087666666667,0.04024371,0.009653461133333334,0.008653114333333333,0.025652712333333334,0.026578253333333333,0.029174526333333332,0.011727863666666666,0.007179522533333334,0.017763085999999997,0.024839363333333333,0.022178513,0.020564480000000003,0.024981429,0.04302751666666667,0.018494965666666665,0.020250964333333333,0.02564401,0.026393113333333332,0.014738987,0.03142037933333333,0.021025421,0.015505818666666667,0.009073472,0.009748772666666667,0.015194614666666665,0.027258995999999997,0.021041325666666666,0.02480351133333333,0.024792220333333333,0.017646016666666667,0.022900573333333334,0.023099321,0.020396328000000002,0.023240364,0.01914177766666667,0.019109020666666667,0.026022821666666664,0.015726369666666667,0.027641826666666664,0.033786171999999996,0.021262212333333332,0.015929416666666665,0.016887633000000003,0.021757952333333334,0.034789119,0.013413804666666668,0.025014583333333333,0.017061116666666664,0.021041325666666666,3.973642999999999e-09,0.02972851,0.02480351133333333,0.024792220333333333,0.037715855666666666,0.007179522533333334,0.017646016666666667,0.017763085999999997,0.024839363333333333,0.022900573333333334,0.030969292,0.029481248333333335,0.026041682666666666,0.023314401,0.03172512833333333,0.023099321,0.022178513,0.026029974,0.014100593333333333,0.02752226166666667,0.028799863666666668,0.020564480000000003,0.0302818,0.028890651666666666,0.022103806666666666,0.029153327,0.012588439666666666,0.020396328000000002,0.024981429,0.022766803333333332,0.025132463333333337,0.02995148266666667,0.023240364,0.04334238566666667,0.01914177766666667,0.04302751666666667,0.019109020666666667,0.026022821666666664,0.015098699,0.03403087666666667,0.015726369666666667,0.0267898,0.027612761666666666,0.04024371,0.018494965666666665,0.031680568666666666,0.020250964333333333,0.027641826666666664,0.02564401,0.026278112333333332,0.009653461133333334,0.008653114333333333,0.033786171999999996,0.021262212333333332,0.025652712333333334,0.026393113333333332,0.026578253333333333,0.014738987,0.03142037933333333,0.029174526333333332,0.015929416666666665,0.03196918966666667,0.022392996333333335,0.011727863666666666,0.021025421,0.015505818666666667,0.016887633000000003,0.021757952333333334,0.009073472,0.009748772666666667,0.015194614666666665,0.021503975,0.034789119,0.027258995999999997,0.013413804666666668,0.025014583333333333,0.017061116666666664,0.02972851,0.037715855666666666,0.029481248333333335,0.026041682666666666,0.026029974,0.0302818,0.022103806666666666,0.029153327,0.022766803333333332,0.025132463333333337,0.04334238566666667,0.0267898,0.027612761666666666,0.031680568666666666,0.026278112333333332,0.03196918966666667,0.022392996333333335,0.021503975
1,0.030969292,3.973642999999999e-09,0.03456787666666667,0.033312706000000004,0.039790618333333326,0.03310444133333333,0.03261858166666667,0.03636435666666667,0.035593349999999996,0.020873187,0.029648588333333333,0.02499163166666667,0.02320829666666667,0.026415418000000003,0.03446434166666667,0.03553982866666667,0.03653441266666667,0.03443384966666666,0.029403590666666667,0.031622501666666664,0.03747854766666667,0.03927004766666666,0.029961180666666663,0.017593056,0.029117729333333335,0.03792302533333333,0.04022349166666667,0.040052455333333334,0.03605908666666667,0.03305566733333334,0.03810243,0.036680313333333325,0.036423022,0.03972735,0.028969488333333335,0.028485302333333334,0.027201358999999998,0.033397178,0.034518158666666666,0.025392812666666664,0.011767618,0.029092965666666668,0.021204844666666667,0.033368442000000005,0.028927167666666666,0.028149938666666666,0.019482491333333334,0.030164360999999997,0.01768517666666667,0.03197354833333334,0.020276270333333336,0.028160840666666666,0.03195454466666667,0.03289226133333333,0.03812609,0.032095942999999995,0.027862479333333336,0.030944754666666668,0.03931402000000001,0.03659013666666667,0.034518158666666666,0.030969292,0.030439960000000002,0.025392812666666664,0.011767618,0.02885797333333334,0.031622501666666664,0.029092965666666668,0.03747854766666667,0.03927004766666666,0.021204844666666667,3.973642999999999e-09,0.024699515000000002,0.021393144333333333,0.03456787666666667,0.033312706000000004,0.033368442000000005,0.029961180666666663,0.036155918333333335,0.039790618333333326,0.03310444133333333,0.03261858166666667,0.017593056,0.03038460166666667,0.03636435666666667,0.029693221666666665,0.026416282,0.035593349999999996,0.028927167666666666,0.029117729333333335,0.03368250133333333,0.031025781333333335,0.020873187,0.028149938666666666,0.029786491000000002,0.019482491333333334,0.03792302533333333,0.030164360999999997,0.01768517666666667,0.029648588333333333,0.02499163166666667,0.03197354833333334,0.02744595433333333,0.025771566333333336,0.02320829666666667,0.04022349166666667,0.030777299666666667,0.040052455333333334,0.020276270333333336,0.03605908666666667,0.029323600000000002,0.026415418000000003,0.03446434166666667,0.028160840666666666,0.03195454466666667,0.03553982866666667,0.03305566733333334,0.03653441266666667,0.03810243,0.036680313333333325,0.03443384966666666,0.03289226133333333,0.013057007333333334,0.03697891166666666,0.029403590666666667,0.036423022,0.03972735,0.03812609,0.032095942999999995,0.028969488333333335,0.028485302333333334,0.027201358999999998,0.031483586,0.027862479333333336,0.033397178,0.030944754666666668,0.03931402000000001,0.03659013666666667,0.030439960000000002,0.02885797333333334,0.024699515000000002,0.021393144333333333,0.036155918333333335,0.03038460166666667,0.029693221666666665,0.026416282,0.03368250133333333,0.031025781333333335,0.029786491000000002,0.02744595433333333,0.025771566333333336,0.030777299666666667,0.029323600000000002,0.013057007333333334,0.03697891166666666,0.031483586
2,0.023314401,0.03456787666666667,3.973642999999999e-09,0.011709807333333332,0.014774561,0.028917004333333333,0.02513272366666667,0.015503734333333333,0.02421662,0.0192417882,0.025756304,0.037541306,0.04158318466666667,0.024258319333333334,0.015770644,0.019283324333333338,0.015784519666666667,0.02428477,0.015615739333333333,0.02193438,0.018125993,0.030733290999999996,0.03734978533333333,0.03230077666666667,0.02727513133333333,0.04747663666666666,0.021698236333333336,0.030440078333333336,0.03653041933333333,0.030362273333333335,0.02713970766666667,0.034906474666666666,0.029527041999999996,0.027956074,0.019600139000000003,0.025428052333333333,0.02924563066666667,0.017160133333333334,0.018580634,0.019168931,0.027127659333333335,0.012544101666666667,0.016514084666666665,0.030749549666666664,0.012027605333333333,0.012893391,0.02285566333333333,0.017445207,0.01792976866666667,0.016856972333333334,0.019471256,0.037475505,0.009209498000000002,0.01951618,0.010420036333333334,0.011758273833333333,0.020995722333333335,0.021218302,0.009605650333333333,0.015090457666666668,0.018580634,0.023314401,0.017228190333333334,0.019168931,0.027127659333333335,0.026025394666666667,0.02193438,0.012544101666666667,0.018125993,0.030733290999999996,0.016514084666666665,0.03456787666666667,0.026863946666666663,0.020609248000000004,3.973642999999999e-09,0.011709807333333332,0.030749549666666664,0.03734978533333333,0.01773508,0.014774561,0.028917004333333333,0.02513272366666667,0.03230077666666667,0.017844521999999998,0.015503734333333333,0.016870775,0.019239195,0.02421662,0.012027605333333333,0.02727513133333333,0.012725699,0.012935230999999998,0.0192417882,0.012893391,0.03535669266666666,0.02285566333333333,0.04747663666666666,0.017445207,0.01792976866666667,0.025756304,0.037541306,0.016856972333333334,0.016474835,0.027168923666666667,0.04158318466666667,0.021698236333333336,0.014927182666666669,0.030440078333333336,0.019471256,0.03653041933333333,0.016806645999999998,0.024258319333333334,0.015770644,0.037475505,0.009209498000000002,0.019283324333333338,0.030362273333333335,0.015784519666666667,0.02713970766666667,0.034906474666666666,0.02428477,0.01951618,0.031445296666666664,0.006288514333333333,0.015615739333333333,0.029527041999999996,0.027956074,0.010420036333333334,0.011758273833333333,0.019600139000000003,0.025428052333333333,0.02924563066666667,0.014802767666666668,0.020995722333333335,0.017160133333333334,0.021218302,0.009605650333333333,0.015090457666666668,0.017228190333333334,0.026025394666666667,0.026863946666666663,0.020609248000000004,0.01773508,0.017844521999999998,0.016870775,0.019239195,0.012725699,0.012935230999999998,0.03535669266666666,0.016474835,0.027168923666666667,0.014927182666666669,0.016806645999999998,0.031445296666666664,0.006288514333333333,0.014802767666666668
3,0.03172512833333333,0.033312706000000004,0.011709807333333332,3.973642999999999e-09,0.024921030000000004,0.04380026666666667,0.034015735,0.018885801333333334,0.039237056666666666,0.021655808,0.038600801,0.03409968666666666,0.04184101,0.03364519666666667,0.027331114,0.029050072333333333,0.022926758,0.03132703233333333,0.022862828,0.029976812999999998,0.020625797999999997,0.04546014666666666,0.047400833333333336,0.028718392666666665,0.037299405333333334,0.05150112866666667,0.033292214,0.044354826666666666,0.047242223333333326,0.04299204333333333,0.041141458666666665,0.042637968666666665,0.045035022333333334,0.041611241666666667,0.024400426666666662,0.03249331933333333,0.036463027999999995,0.015750366333333335,0.027828481000000002,0.021952424666666668,0.03159960433333333,0.01819754633333333,0.02254946433333333,0.04196743533333334,0.015829891,0.024627872,0.020232676666666668,0.029405745,0.020245179000000002,0.025356290666666666,0.020736847333333332,0.04682473499999999,0.014619869,0.03336486733333333,0.016732664999999997,0.01925814166666667,0.009177533666666666,0.033285206666666664,0.010004441,0.015164222000000002,0.027828481000000002,0.03172512833333333,0.005609194499999999,0.021952424666666668,0.03159960433333333,0.014365412666666666,0.029976812999999998,0.01819754633333333,0.020625797999999997,0.04546014666666666,0.02254946433333333,0.033312706000000004,0.019768212,0.023436522666666668,0.011709807333333332,3.973642999999999e-09,0.04196743533333334,0.047400833333333336,0.01699160333333333,0.024921030000000004,0.04380026666666667,0.034015735,0.028718392666666665,0.011584981666666667,0.018885801333333334,0.013534963,0.012131035333333333,0.039237056666666666,0.015829891,0.037299405333333334,0.008411979666666668,0.008660513,0.021655808,0.024627872,0.03311410766666666,0.020232676666666668,0.05150112866666667,0.029405745,0.020245179000000002,0.038600801,0.03409968666666666,0.025356290666666666,0.009401883666666666,0.023553097333333335,0.04184101,0.033292214,0.010134116666666667,0.044354826666666666,0.020736847333333332,0.047242223333333326,0.010036579666666667,0.03364519666666667,0.027331114,0.04682473499999999,0.014619869,0.029050072333333333,0.04299204333333333,0.022926758,0.041141458666666665,0.042637968666666665,0.03132703233333333,0.03336486733333333,0.029903821333333337,0.016677928,0.022862828,0.045035022333333334,0.041611241666666667,0.016732664999999997,0.01925814166666667,0.024400426666666662,0.03249331933333333,0.036463027999999995,0.010631410333333332,0.009177533666666666,0.015750366333333335,0.033285206666666664,0.010004441,0.015164222000000002,0.005609194499999999,0.014365412666666666,0.019768212,0.023436522666666668,0.01699160333333333,0.011584981666666667,0.013534963,0.012131035333333333,0.008411979666666668,0.008660513,0.03311410766666666,0.009401883666666666,0.023553097333333335,0.010134116666666667,0.010036579666666667,0.029903821333333337,0.016677928,0.010631410333333332
4,0.014100593333333333,0.039790618333333326,0.014774561,0.024921030000000004,3.973642999999999e-09,0.03331329,0.022504691333333333,0.02837790633333333,0.020334831666666667,0.02423389733333333,0.024821324999999998,0.04335921833333333,0.047006735,0.020814158333333332,0.005592697666666666,0.022116554333333333,0.015031866333333333,0.03523032266666667,0.010901536333333333,0.01777397166666667,0.010703476166666667,0.02856141433333333,0.03524836933333333,0.031704105999999996,0.02887772333333333,0.04820624666666667,0.0069756865,0.026113343333333334,0.03573991133333333,0.029680343333333335,0.02305602,0.03772009166666667,0.027294061333333335,0.019252175333333333,0.01710764966666667,0.025033384666666665,0.029211000666666664,0.026880304333333334,0.007565037466666666,0.026097383,0.03226307566666667,0.013980956999999999,0.02547863566666667,0.023439644,0.012728971666666668,0.021873136666666668,0.025421568000000002,0.013087383666666667,0.027203594,0.008141841333333334,0.028734221,0.039150287666666665,0.013477021333333332,0.013680482,0.008479843466666666,0.011976390800000002,0.035267089333333335,0.014785692999999999,0.013087280666666668,0.012348856666666666,0.007565037466666666,0.014100593333333333,0.028355459333333333,0.026097383,0.03226307566666667,0.036902650333333335,0.01777397166666667,0.013980956999999999,0.010703476166666667,0.02856141433333333,0.02547863566666667,0.039790618333333326,0.03681976,0.022848028000000003,0.014774561,0.024921030000000004,0.023439644,0.03524836933333333,0.01999796,3.973642999999999e-09,0.03331329,0.022504691333333333,0.031704105999999996,0.02800621333333333,0.02837790633333333,0.022830140000000002,0.030193663333333332,0.020334831666666667,0.012728971666666668,0.02887772333333333,0.020290655,0.023930042999999998,0.02423389733333333,0.021873136666666668,0.04302088333333333,0.025421568000000002,0.04820624666666667,0.013087383666666667,0.027203594,0.024821324999999998,0.04335921833333333,0.008141841333333334,0.028291666333333333,0.031352701,0.047006735,0.0069756865,0.02973674333333333,0.026113343333333334,0.028734221,0.03573991133333333,0.025576842,0.020814158333333332,0.005592697666666666,0.039150287666666665,0.013477021333333332,0.022116554333333333,0.029680343333333335,0.015031866333333333,0.02305602,0.03772009166666667,0.03523032266666667,0.013680482,0.0409664,0.010726434,0.010901536333333333,0.027294061333333335,0.019252175333333333,0.008479843466666666,0.011976390800000002,0.01710764966666667,0.025033384666666665,0.029211000666666664,0.020235949999999996,0.035267089333333335,0.026880304333333334,0.014785692999999999,0.013087280666666668,0.012348856666666666,0.028355459333333333,0.036902650333333335,0.03681976,0.022848028000000003,0.01999796,0.02800621333333333,0.022830140000000002,0.030193663333333332,0.020290655,0.023930042999999998,0.04302088333333333,0.028291666333333333,0.031352701,0.02973674333333333,0.025576842,0.0409664,0.010726434,0.020235949999999996
5,0.02752226166666667,0.03310444133333333,0.028917004333333333,0.04380026666666667,0.03331329,3.973642999999999e-09,0.020267912,0.026874208666666666,0.013082369333333333,0.029050119666666666,0.014048171,0.03392271,0.026307428000000004,0.020604215333333335,0.027043339,0.026073376,0.034336423666666664,0.015630268666666666,0.029462386999999996,0.025911534,0.042297506666666665,0.011458548,0.012178317666666667,0.03880409,0.014412240333333333,0.024748420666666666,0.03014103,0.011959433333333332,0.012660368333333333,0.009183967,0.014440316,0.012382274666666667,0.007956975666666668,0.018882717666666667,0.030968453666666666,0.023305819000000002,0.02215080666666667,0.029218725,0.03223908733333333,0.026421592666666667,0.023135435333333332,0.032275476,0.024097597333333335,0.019741513333333332,0.03494595666666667,0.016269964,0.03718278333333333,0.024277409000000003,0.029064338,0.031502959999999997,0.029529484333333335,0.015241293,0.034090036000000004,0.01966494566666667,0.03815996133333333,0.031120846666666663,0.03767319300000001,0.021136705,0.042946403333333334,0.042830538,0.03223908733333333,0.02752226166666667,0.044957119999999996,0.026421592666666667,0.023135435333333332,0.04795055333333333,0.025911534,0.032275476,0.042297506666666665,0.011458548,0.024097597333333335,0.03310444133333333,0.03598373333333334,0.02762498066666667,0.028917004333333333,0.04380026666666667,0.019741513333333332,0.012178317666666667,0.04060845833333333,0.03331329,3.973642999999999e-09,0.020267912,0.03880409,0.03821629133333333,0.026874208666666666,0.04237386,0.03777658933333334,0.013082369333333333,0.03494595666666667,0.014412240333333333,0.04260153233333333,0.042049777999999996,0.029050119666666666,0.016269964,0.034719473333333334,0.03718278333333333,0.024748420666666666,0.024277409000000003,0.029064338,0.014048171,0.03392271,0.031502959999999997,0.04004699333333333,0.039418845,0.026307428000000004,0.03014103,0.03813175,0.011959433333333332,0.029529484333333335,0.012660368333333333,0.04380843,0.020604215333333335,0.027043339,0.015241293,0.034090036000000004,0.026073376,0.009183967,0.034336423666666664,0.014440316,0.012382274666666667,0.015630268666666666,0.01966494566666667,0.027429701666666664,0.028354903,0.029462386999999996,0.007956975666666668,0.018882717666666667,0.03815996133333333,0.031120846666666663,0.030968453666666666,0.023305819000000002,0.02215080666666667,0.042911016999999996,0.03767319300000001,0.029218725,0.021136705,0.042946403333333334,0.042830538,0.044957119999999996,0.04795055333333333,0.03598373333333334,0.02762498066666667,0.04060845833333333,0.03821629133333333,0.04237386,0.03777658933333334,0.04260153233333333,0.042049777999999996,0.034719473333333334,0.04004699333333333,0.039418845,0.03813175,0.04380843,0.027429701666666664,0.028354903,0.042911016999999996
6,0.028799863666666668,0.03261858166666667,0.02513272366666667,0.034015735,0.022504691333333333,0.020267912,5.960464333333333e-09,0.025395908000000002,0.022967251000000004,0.022030728999999995,0.025336620666666664,0.038643859999999995,0.03254698733333333,0.025044085666666663,0.024812597000000002,0.022895826999999997,0.022886463,0.02688644533333333,0.026807803,0.03055419733333333,0.032215581,0.018477406666666665,0.025583688333333333,0.034890421,0.016974826666666668,0.033907735333333335,0.016192362666666668,0.018980177333333334,0.027599742333333333,0.013961649,0.024973563333333334,0.020781678,0.019398028,0.022589993666666666,0.033227063333333334,0.03170117866666667,0.031248805666666667,0.025714322,0.018559682666666667,0.025301484,0.025742215000000002,0.02999660333333333,0.02940389333333333,0.014978881666666666,0.029148745666666667,0.018610539,0.034784633333333335,0.01944189666666667,0.030928426666666665,0.024875919,0.027411437333333333,0.020959882,0.02986236033333333,0.018827551333333338,0.03503110666666667,0.024167742000000002,0.03283020266666667,0.020442138000000002,0.034136698666666666,0.03674120533333333,0.018559682666666667,0.028799863666666668,0.03835271466666667,0.025301484,0.025742215000000002,0.04271340966666667,0.03055419733333333,0.02999660333333333,0.032215581,0.018477406666666665,0.02940389333333333,0.03261858166666667,0.037669391999999996,0.018936955333333335,0.02513272366666667,0.034015735,0.014978881666666666,0.025583688333333333,0.03245646766666667,0.022504691333333333,0.020267912,5.960464333333333e-09,0.034890421,0.030430471999999997,0.025395908000000002,0.039872493333333335,0.03267806966666667,0.022967251000000004,0.029148745666666667,0.016974826666666668,0.03989881666666666,0.041956798,0.022030728999999995,0.018610539,0.025910632,0.034784633333333335,0.033907735333333335,0.01944189666666667,0.030928426666666665,0.025336620666666664,0.038643859999999995,0.024875919,0.03847811466666666,0.03423972333333333,0.03254698733333333,0.016192362666666668,0.032881733333333336,0.018980177333333334,0.027411437333333333,0.027599742333333333,0.039688309,0.025044085666666663,0.024812597000000002,0.020959882,0.02986236033333333,0.022895826999999997,0.013961649,0.022886463,0.024973563333333334,0.020781678,0.02688644533333333,0.018827551333333338,0.03335660666666666,0.018236363,0.026807803,0.019398028,0.022589993666666666,0.03503110666666667,0.024167742000000002,0.033227063333333334,0.03170117866666667,0.031248805666666667,0.039849047000000005,0.03283020266666667,0.025714322,0.020442138000000002,0.034136698666666666,0.03674120533333333,0.03835271466666667,0.04271340966666667,0.037669391999999996,0.018936955333333335,0.03245646766666667,0.030430471999999997,0.039872493333333335,0.03267806966666667,0.03989881666666666,0.041956798,0.025910632,0.03847811466666666,0.03423972333333333,0.032881733333333336,0.039688309,0.03335660666666666,0.018236363,0.039849047000000005
7,0.028890651666666666,0.03636435666666667,0.015503734333333333,0.018885801333333334,0.02837790633333333,0.026874208666666666,0.025395908000000002,0.0,0.024926364333333336,0.027322892333333335,0.022895143333333333,0.026360010666666666,0.03314381066666667,0.029223321333333333,0.028582288666666667,0.018762278666666667,0.023017885666666665,0.013247303333333333,0.023401461000000002,0.023499357666666665,0.027125892666666665,0.027823919333333332,0.03386676233333333,0.030953695,0.021843479000000002,0.038477826666666666,0.032130404333333334,0.025494313333333334,0.029873232333333336,0.029926210666666668,0.022711191333333332,0.020571875666666666,0.028046307666666666,0.026670166,0.024526749,0.024012361,0.02355887466666667,0.008680315999999999,0.033514694,0.019441392,0.029552849,0.025209502666666668,0.028340314000000002,0.033266955333333334,0.027415108666666667,0.020497063666666666,0.026943004333333336,0.030921002666666662,0.029842869666666667,0.030726509999999995,0.021324857333333336,0.034615282000000004,0.02433377333333333,0.030507693666666665,0.028386761666666663,0.025704908333333335,0.016095228666666666,0.02766750466666667,0.02546149866666667,0.024915821999999997,0.033514694,0.028890651666666666,0.019365392000000002,0.019441392,0.029552849,0.030675081333333337,0.023499357666666665,0.025209502666666668,0.027125892666666665,0.027823919333333332,0.028340314000000002,0.03636435666666667,0.02004172766666667,0.02496649833333333,0.015503734333333333,0.018885801333333334,0.033266955333333334,0.03386676233333333,0.02203246366666667,0.02837790633333333,0.026874208666666666,0.025395908000000002,0.030953695,0.013349960333333332,0.0,0.024448808333333336,0.014901391666666668,0.024926364333333336,0.027415108666666667,0.021843479000000002,0.022499398333333333,0.026430171666666665,0.027322892333333335,0.020497063666666666,0.031642196666666664,0.026943004333333336,0.038477826666666666,0.030921002666666662,0.029842869666666667,0.022895143333333333,0.026360010666666666,0.030726509999999995,0.02065603933333333,0.028415708,0.03314381066666667,0.032130404333333334,0.012931833666666667,0.025494313333333334,0.021324857333333336,0.029873232333333336,0.023175649,0.029223321333333333,0.028582288666666667,0.034615282000000004,0.02433377333333333,0.018762278666666667,0.029926210666666668,0.023017885666666665,0.022711191333333332,0.020571875666666666,0.013247303333333333,0.030507693666666665,0.028619627333333335,0.019107874333333334,0.023401461000000002,0.028046307666666666,0.026670166,0.028386761666666663,0.025704908333333335,0.024526749,0.024012361,0.02355887466666667,0.024236925666666666,0.016095228666666666,0.008680315999999999,0.02766750466666667,0.02546149866666667,0.024915821999999997,0.019365392000000002,0.030675081333333337,0.02004172766666667,0.02496649833333333,0.02203246366666667,0.013349960333333332,0.024448808333333336,0.014901391666666668,0.022499398333333333,0.026430171666666665,0.031642196666666664,0.02065603933333333,0.028415708,0.012931833666666667,0.023175649,0.028619627333333335,0.019107874333333334,0.024236925666666666
8,0.012588439666666666,0.035593349999999996,0.02421662,0.039237056666666666,0.020334831666666667,0.013082369333333333,0.022967251000000004,0.024926364333333336,3.973642999999999e-09,0.029871519333333332,0.006393525999999999,0.03662714366666667,0.03477592066666667,0.009438389666666666,0.012450270000000001,0.022907938999999995,0.029528859999999997,0.018639407333333337,0.013378808666666667,0.010128144533333333,0.028602252333333335,0.008505950533333332,0.014218860666666666,0.03079408,0.011687310333333334,0.03511912433333333,0.023241885333333333,0.005286475,0.010686425666666667,0.01781716133333333,0.0030833483000000006,0.018724141333333333,0.005025398666666667,0.008753238,0.014727145666666667,0.010044858999999998,0.010053803333333333,0.02222627,0.026663031,0.021960695666666665,0.022886759,0.020386280666666663,0.022551639999999998,0.016102778666666664,0.026301622333333333,0.014551963666666666,0.025551569333333336,0.018914164666666667,0.027668472,0.021346781666666665,0.026926003333333334,0.023571723666666666,0.025852279,0.011258759333333333,0.025464298,0.023356790000000002,0.03676105733333333,0.010585673666666667,0.03459381866666667,0.027831021666666667,0.026663031,0.012588439666666666,0.03675120666666666,0.021960695666666665,0.022886759,0.04532372666666667,0.010128144533333333,0.020386280666666663,0.028602252333333335,0.008505950533333332,0.022551639999999998,0.035593349999999996,0.030326402333333332,0.025143933,0.02421662,0.039237056666666666,0.016102778666666664,0.014218860666666666,0.03177849666666667,0.020334831666666667,0.013082369333333333,0.022967251000000004,0.03079408,0.031289422666666664,0.024926364333333336,0.031579508,0.030704526,3.973642999999999e-09,0.026301622333333333,0.011687310333333334,0.03130012766666667,0.03410771933333333,0.029871519333333332,0.014551963666666666,0.04209873,0.025551569333333336,0.03511912433333333,0.018914164666666667,0.027668472,0.006393525999999999,0.03662714366666667,0.021346781666666665,0.03213445933333334,0.032738144000000004,0.03477592066666667,0.023241885333333333,0.034965614666666665,0.005286475,0.026926003333333334,0.010686425666666667,0.033987446666666664,0.009438389666666666,0.012450270000000001,0.023571723666666666,0.025852279,0.022907938999999995,0.01781716133333333,0.029528859999999997,0.0030833483000000006,0.018724141333333333,0.018639407333333337,0.011258759333333333,0.031670614666666666,0.022531336333333332,0.013378808666666667,0.005025398666666667,0.008753238,0.025464298,0.023356790000000002,0.014727145666666667,0.010044858999999998,0.010053803333333333,0.031024172,0.03676105733333333,0.02222627,0.010585673666666667,0.03459381866666667,0.027831021666666667,0.03675120666666666,0.04532372666666667,0.030326402333333332,0.025143933,0.03177849666666667,0.031289422666666664,0.031579508,0.030704526,0.03130012766666667,0.03410771933333333,0.04209873,0.03213445933333334,0.032738144000000004,0.034965614666666665,0.033987446666666664,0.031670614666666666,0.022531336333333332,0.031024172
9,0.02995148266666667,0.020873187,0.0192417882,0.021655808,0.02423389733333333,0.029050119666666666,0.022030728999999995,0.027322892333333335,0.029871519333333332,7.947285833333332e-09,0.025705105000000002,0.035570077,0.03512358333333333,0.026834649,0.021757883,0.028827041333333338,0.023887636333333333,0.033632187,0.018139424,0.027236928,0.02767084533333333,0.033927164333333336,0.034213351999999995,0.02901161433333333,0.01993918366666667,0.04549275133333333,0.028949646,0.03544461166666667,0.03583881,0.028119025333333332,0.033312728666666666,0.03617526333333334,0.03003775666666667,0.03376109000000001,0.023463187666666666,0.030136376333333333,0.030896458333333335,0.022954068666666667,0.016053426666666665,0.011331389333333334,0.011391435,0.012553957833333332,0.013227918000000002,0.023536733666666664,0.010849984333333333,0.013303637666666668,0.019021330333333333,0.012075316666666667,0.008684792,0.016670980000000002,0.007456998,0.027001790333333334,0.017896528666666668,0.020822813,0.024231229000000003,0.011858095666666667,0.022595713333333333,0.02049614,0.02577227766666667,0.026209656333333334,0.016053426666666665,0.02995148266666667,0.023399672333333333,0.011331389333333334,0.011391435,0.030219093333333336,0.027236928,0.012553957833333332,0.02767084533333333,0.033927164333333336,0.013227918000000002,0.020873187,0.028003374666666667,0.0045690417333333335,0.0192417882,0.021655808,0.023536733666666664,0.034213351999999995,0.027894669666666667,0.02423389733333333,0.029050119666666666,0.022030728999999995,0.02901161433333333,0.019464277999999998,0.027322892333333335,0.025078764666666666,0.019511548666666666,0.029871519333333332,0.010849984333333333,0.01993918366666667,0.024459499000000003,0.023811576333333338,7.947285833333332e-09,0.013303637666666668,0.03146616233333333,0.019021330333333333,0.04549275133333333,0.012075316666666667,0.008684792,0.025705105000000002,0.035570077,0.016670980000000002,0.021248771666666666,0.027800790333333335,0.03512358333333333,0.028949646,0.021897959666666668,0.03544461166666667,0.007456998,0.03583881,0.023462491333333335,0.026834649,0.021757883,0.027001790333333334,0.017896528666666668,0.028827041333333338,0.028119025333333332,0.023887636333333333,0.033312728666666666,0.03617526333333334,0.033632187,0.020822813,0.022781265,0.022054155666666665,0.018139424,0.03003775666666667,0.03376109000000001,0.024231229000000003,0.011858095666666667,0.023463187666666666,0.030136376333333333,0.030896458333333335,0.023771071166666664,0.022595713333333333,0.022954068666666667,0.02049614,0.02577227766666667,0.026209656333333334,0.023399672333333333,0.030219093333333336,0.028003374666666667,0.0045690417333333335,0.027894669666666667,0.019464277999999998,0.025078764666666666,0.019511548666666666,0.024459499000000003,0.023811576333333338,0.03146616233333333,0.021248771666666666,0.027800790333333335,0.021897959666666668,0.023462491333333335,0.022781265,0.022054155666666665,0.023771071166666664
10,0.015098699,0.029648588333333333,0.025756304,0.038600801,0.024821324999999998,0.014048171,0.025336620666666664,0.022895143333333333,0.006393525999999999,0.025705105000000002,1.9868214999999996e-09,0.032100423333333336,0.032900889,0.017027799333333333,0.015889072666666667,0.027562799333333332,0.03251387066666667,0.021887491333333335,0.015372244333333333,0.012603144,0.03306166,0.010755169333333333,0.012827304666666667,0.031449003999999996,0.012043992666666666,0.038145950000000005,0.027332296,0.010688344333333332,0.008662653,0.021874280666666666,0.007031309466666667,0.017475307000000002,0.007284132666666667,0.008686065666666666,0.013966928,0.011804072333333334,0.009581390999999998,0.02368320466666667,0.025931495333333335,0.015267257000000001,0.01601555333333333,0.019489189,0.01802792333333333,0.015363965666666667,0.025037634333333333,0.014454327,0.022254079666666666,0.017150644333333333,0.023481007333333335,0.019192486999999998,0.020631186000000003,0.018098350333333336,0.028573884333333334,0.012667519,0.027732503333333332,0.020516159,0.035042536666666665,0.008792281,0.03776031466666666,0.029705764666666665,0.025931495333333335,0.015098699,0.035326859999999995,0.015267257000000001,0.01601555333333333,0.04594126166666667,0.012603144,0.019489189,0.03306166,0.010755169333333333,0.01802792333333333,0.029648588333333333,0.028807052,0.021565900333333332,0.025756304,0.038600801,0.015363965666666667,0.012827304666666667,0.036335886666666664,0.024821324999999998,0.014048171,0.025336620666666664,0.031449003999999996,0.029266788333333335,0.022895143333333333,0.032360860000000005,0.027699275333333332,0.006393525999999999,0.025037634333333333,0.012043992666666666,0.030592405666666666,0.03299967833333333,0.025705105000000002,0.014454327,0.044259107000000006,0.022254079666666666,0.038145950000000005,0.017150644333333333,0.023481007333333335,1.9868214999999996e-09,0.032100423333333336,0.019192486999999998,0.027728494,0.036472704333333335,0.032900889,0.027332296,0.03260878666666667,0.010688344333333332,0.020631186000000003,0.008662653,0.03391291833333333,0.017027799333333333,0.015889072666666667,0.018098350333333336,0.028573884333333334,0.027562799333333332,0.021874280666666666,0.03251387066666667,0.007031309466666667,0.017475307000000002,0.021887491333333335,0.012667519,0.025015721333333334,0.028346274666666667,0.015372244333333333,0.007284132666666667,0.008686065666666666,0.027732503333333332,0.020516159,0.013966928,0.011804072333333334,0.009581390999999998,0.031103897666666665,0.035042536666666665,0.02368320466666667,0.008792281,0.03776031466666666,0.029705764666666665,0.035326859999999995,0.04594126166666667,0.028807052,0.021565900333333332,0.036335886666666664,0.029266788333333335,0.032360860000000005,0.027699275333333332,0.030592405666666666,0.03299967833333333,0.044259107000000006,0.027728494,0.036472704333333335,0.03260878666666667,0.03391291833333333,0.025015721333333334,0.028346274666666667,0.031103897666666665
11,0.03403087666666667,0.02499163166666667,0.037541306,0.03409968666666666,0.04335921833333333,0.03392271,0.038643859999999995,0.026360010666666666,0.03662714366666667,0.035570077,0.032100423333333336,1.9868214999999996e-09,0.018991456333333333,0.03343746,0.04190304433333334,0.029014293333333333,0.03635990633333333,0.023379223333333334,0.035896001,0.03106923866666667,0.03684685766666666,0.04178731333333333,0.033193362000000004,0.022588489333333336,0.03211119566666667,0.028969099333333338,0.04445031333333334,0.03731099833333333,0.03503784566666667,0.036199133333333335,0.03462575,0.027816246,0.039497498666666665,0.03943239,0.03243536366666667,0.027400883,0.027558878666666668,0.02801808166666667,0.04576917999999999,0.03254082666666667,0.029341618333333333,0.03812992766666667,0.035320761,0.04370076233333333,0.03935378333333334,0.03718003566666667,0.029633691000000004,0.04301510333333334,0.03341200566666667,0.042843729000000004,0.029414509,0.03789990533333333,0.036819586999999994,0.04389175999999999,0.04211012433333334,0.042375583333333335,0.02616037133333333,0.04003403333333333,0.039477442,0.036581608,0.04576917999999999,0.03403087666666667,0.028261641666666667,0.03254082666666667,0.029341618333333333,0.027097906666666668,0.03106923866666667,0.03812992766666667,0.03684685766666666,0.04178731333333333,0.035320761,0.02499163166666667,0.017425010666666668,0.03325559933333333,0.037541306,0.03409968666666666,0.04370076233333333,0.033193362000000004,0.031505829,0.04335921833333333,0.03392271,0.038643859999999995,0.022588489333333336,0.026333248333333333,0.026360010666666666,0.028713782666666667,0.023865304333333334,0.03662714366666667,0.03935378333333334,0.03211119566666667,0.033520841,0.03438038200000001,0.035570077,0.03718003566666667,0.029266325666666666,0.029633691000000004,0.028969099333333338,0.04301510333333334,0.03341200566666667,0.032100423333333336,1.9868214999999996e-09,0.042843729000000004,0.029592251999999996,0.02700948466666667,0.018991456333333333,0.04445031333333334,0.025388832666666663,0.03731099833333333,0.029414509,0.03503784566666667,0.029439612,0.03343746,0.04190304433333334,0.03789990533333333,0.036819586999999994,0.029014293333333333,0.036199133333333335,0.03635990633333333,0.03462575,0.027816246,0.023379223333333334,0.04389175999999999,0.019959812,0.03895218833333334,0.035896001,0.039497498666666665,0.03943239,0.04211012433333334,0.042375583333333335,0.03243536366666667,0.027400883,0.027558878666666668,0.032388245,0.02616037133333333,0.02801808166666667,0.04003403333333333,0.039477442,0.036581608,0.028261641666666667,0.027097906666666668,0.017425010666666668,0.03325559933333333,0.031505829,0.026333248333333333,0.028713782666666667,0.023865304333333334,0.033520841,0.03438038200000001,0.029266325666666666,0.029592251999999996,0.02700948466666667,0.025388832666666663,0.029439612,0.019959812,0.03895218833333334,0.032388245
