,omer_02.jpg,tal_05.jpg,omer_07.jpg,tal_06.jpg,omer_06.jpg,omer_08.jpg,tal_01.jpg,omer_03.jpg,tal_07.jpg,tal_03.jpg,omer_04.jpg,omer_10.jpg,tal_09.jpg,tal_02.jpg,tal_08.jpg,omer_09.jpg,tal_10.jpg,omer_05.jpg,tal_04.jpg,matt_04.jpg,dom_10.jpg,dom_05.jpg,matt_08.jpg,dom_04.jpg,matt_02.jpg,matt_07.jpg,matt_06.jpg,matt_05.jpg,dom_07.jpg,dom_03.jpg,matt_03.jpg,matt_01.jpg,dom_06.jpg,matt_10.jpg,dom_01.jpg,dom_09.jpg,matt_09.jpg,dom_02.jpg,tess_03.jpg,taz_06.jpg,taz_04.jpg,taz_03.jpg,tess_01.jpg,tess_07.jpg,tess_05.jpg,taz_05.jpg,tess_02.jpg,tess_09.jpg,tess_06.jpg,taz_07.jpg,taz_02.jpg,tess_04.jpg,taz_09.jpg,tess_08.jpg,taz_08.jpg,taz_01.jpg,tess_10.jpg,taz_10.jpg,marina_07.jpg,tamar_04.jpg,tess_03.jpg.1,omer_02.jpg.1,marina_04.jpg,taz_06.jpg.1,taz_04.jpg.1,marina_01.jpg,matt_04.jpg.1,taz_03.jpg.1,dom_10.jpg.1,dom_05.jpg.1,tess_01.jpg.1,tal_05.jpg.1,marina_06.jpg,tamar_09.jpg,omer_07.jpg.1,tal_06.jpg.1,tess_07.jpg.1,matt_08.jpg.1,marina_08.jpg,omer_06.jpg.1,omer_08.jpg.1,tal_01.jpg.1,dom_04.jpg.1,tamar_10.jpg,omer_03.jpg.1,tamar_02.jpg,tamar_05.jpg,tal_07.jpg.1,tess_05.jpg.1,matt_02.jpg.1,tamar_07.jpg,tamar_03.jpg,tal_03.jpg.1,taz_05.jpg.1,marina_09.jpg,tess_02.jpg.1,matt_07.jpg.1,tess_09.jpg.1,tess_06.jpg.1,omer_04.jpg.1,omer_10.jpg.1,taz_07.jpg.1,tamar_01.jpg,marina_10.jpg,tal_09.jpg.1,matt_06.jpg.1,tamar_06.jpg,matt_05.jpg.1,taz_02.jpg.1,dom_07.jpg.1,marina_05.jpg,tal_02.jpg.1,tal_08.jpg.1,tess_04.jpg.1,taz_09.jpg.1,omer_09.jpg.1,dom_03.jpg.1,tal_10.jpg.1,matt_03.jpg.1,matt_01.jpg.1,omer_05.jpg.1,tess_08.jpg.1,marina_02.jpg,marina_03.jpg,tal_04.jpg.1,dom_06.jpg.1,matt_10.jpg.1,taz_08.jpg.1,taz_01.jpg.1,dom_01.jpg.1,dom_09.jpg.1,matt_09.jpg.1,tamar_08.jpg,tess_10.jpg.1,dom_02.jpg.1,taz_10.jpg.1,marina_07.jpg.1,tamar_04.jpg.1,marina_04.jpg.1,marina_01.jpg.1,marina_06.jpg.1,tamar_09.jpg.1,marina_08.jpg.1,tamar_10.jpg.1,tamar_02.jpg.1,tamar_05.jpg.1,tamar_07.jpg.1,tamar_03.jpg.1,marina_09.jpg.1,tamar_01.jpg.1,marina_10.jpg.1,tamar_06.jpg.1,marina_05.jpg.1,marina_02.jpg.1,marina_03.jpg.1,tamar_08.jpg.1
0,3.973642999999999e-09,0.023371639,0.023734070666666666,0.022494753333333336,0.014111314333333331,0.014275708,0.016929974000000004,0.017772476,0.020468090333333334,0.018182516,0.015684869,0.021563264000000002,0.020053029,0.022107944666666667,0.020104966000000002,0.01906284233333333,0.028880533333333337,0.020380115333333334,0.022662234333333333,0.019049213333333332,0.02376612566666667,0.022748615000000003,0.031129740000000003,0.021746416666666664,0.022386860666666668,0.021025477,0.022501069333333335,0.023751145333333334,0.018790451333333333,0.017562473000000002,0.025097772,0.027320716999999998,0.021717194333333335,0.026074497,0.01804623,0.020767244,0.028529948000000003,0.018607806999999997,0.03382495666666667,0.03929737333333334,0.04135018966666667,0.04471599433333333,0.045755426,0.039060975000000005,0.039303329,0.04571626133333333,0.04101571333333333,0.04057125066666667,0.03601521666666666,0.035188294333333335,0.035313038,0.03738451,0.043103648666666675,0.044721088333333325,0.039875277,0.03601586333333333,0.04150663833333333,0.040523902333333334,0.041413123333333336,0.03370223633333334,0.03382495666666667,3.973642999999999e-09,0.036414251333333335,0.03929737333333334,0.04135018966666667,0.042498434333333335,0.019049213333333332,0.04471599433333333,0.02376612566666667,0.022748615000000003,0.045755426,0.023371639,0.039766691,0.03840567466666666,0.023734070666666666,0.022494753333333336,0.039060975000000005,0.031129740000000003,0.03871148166666667,0.014111314333333331,0.014275708,0.016929974000000004,0.021746416666666664,0.033522539999999997,0.017772476,0.04165355166666666,0.04050451,0.020468090333333334,0.039303329,0.022386860666666668,0.043174159,0.044105986666666666,0.018182516,0.04571626133333333,0.03609256366666667,0.04101571333333333,0.021025477,0.04057125066666667,0.03601521666666666,0.015684869,0.021563264000000002,0.035188294333333335,0.042359440000000005,0.030640671666666664,0.020053029,0.022501069333333335,0.04349860999999999,0.023751145333333334,0.035313038,0.018790451333333333,0.04126489433333334,0.022107944666666667,0.020104966000000002,0.03738451,0.043103648666666675,0.01906284233333333,0.017562473000000002,0.028880533333333337,0.025097772,0.027320716999999998,0.020380115333333334,0.044721088333333325,0.04323374333333333,0.029498336666666666,0.022662234333333333,0.021717194333333335,0.026074497,0.039875277,0.03601586333333333,0.01804623,0.020767244,0.028529948000000003,0.04099444133333333,0.04150663833333333,0.018607806999999997,0.040523902333333334,0.041413123333333336,0.03370223633333334,0.036414251333333335,0.042498434333333335,0.039766691,0.03840567466666666,0.03871148166666667,0.033522539999999997,0.04165355166666666,0.04050451,0.043174159,0.044105986666666666,0.03609256366666667,0.042359440000000005,0.030640671666666664,0.04349860999999999,0.04126489433333334,0.04323374333333333,0.029498336666666666,0.04099444133333333
1,0.023371639,3.973642999999999e-09,0.032637339333333334,0.017106616666666668,0.026191917999999998,0.01602686433333333,0.022544024333333336,0.017815176666666665,0.03267382966666667,0.013210193333333333,0.017854438333333333,0.014179217666666665,0.014916493666666667,0.03081514466666667,0.03528023533333333,0.018336587999999997,0.029704581666666667,0.031512264666666664,0.035194043333333334,0.03156364133333333,0.031819466666666664,0.036812651,0.038490251,0.024001610666666666,0.03401475966666667,0.02361362366666667,0.03389093,0.039742115,0.032177206666666666,0.031241119333333334,0.04047757666666667,0.041223418666666664,0.03840023666666667,0.044015355,0.029748938666666665,0.03561069466666667,0.04052633666666667,0.027928759666666667,0.03546946666666666,0.042993406666666664,0.044344423,0.045882726666666665,0.046052573333333326,0.047894603333333334,0.04034781533333333,0.04944361233333334,0.044421089,0.045696455,0.036880715,0.04291288333333333,0.036708076666666666,0.045014627999999994,0.046057475333333334,0.04786415866666667,0.049295238666666664,0.03927398333333333,0.04436597333333333,0.04522445,0.043867268333333334,0.039261695666666666,0.03546946666666666,0.023371639,0.038686924666666664,0.042993406666666664,0.044344423,0.04178850233333333,0.03156364133333333,0.045882726666666665,0.031819466666666664,0.036812651,0.046052573333333326,3.973642999999999e-09,0.040858938666666664,0.04127081666666667,0.032637339333333334,0.017106616666666668,0.047894603333333334,0.038490251,0.042429166666666664,0.026191917999999998,0.01602686433333333,0.022544024333333336,0.024001610666666666,0.036215328000000005,0.017815176666666665,0.040505775,0.04368313,0.03267382966666667,0.04034781533333333,0.03401475966666667,0.04541884266666667,0.045776528,0.013210193333333333,0.04944361233333334,0.038872508666666666,0.044421089,0.02361362366666667,0.045696455,0.036880715,0.017854438333333333,0.014179217666666665,0.04291288333333333,0.04541859,0.037975561,0.014916493666666667,0.03389093,0.044886346666666674,0.039742115,0.036708076666666666,0.032177206666666666,0.042361840000000005,0.03081514466666667,0.03528023533333333,0.045014627999999994,0.046057475333333334,0.018336587999999997,0.031241119333333334,0.029704581666666667,0.04047757666666667,0.041223418666666664,0.031512264666666664,0.04786415866666667,0.0427429,0.041746610999999996,0.035194043333333334,0.03840023666666667,0.044015355,0.049295238666666664,0.03927398333333333,0.029748938666666665,0.03561069466666667,0.04052633666666667,0.04024969999999999,0.04436597333333333,0.027928759666666667,0.04522445,0.043867268333333334,0.039261695666666666,0.038686924666666664,0.04178850233333333,0.040858938666666664,0.04127081666666667,0.042429166666666664,0.036215328000000005,0.040505775,0.04368313,0.04541884266666667,0.045776528,0.038872508666666666,0.04541859,0.037975561,0.044886346666666674,0.042361840000000005,0.0427429,0.041746610999999996,0.04024969999999999
2,0.023734070666666666,0.032637339333333334,0.0,0.029090845333333334,0.02160662,0.022411295,0.023078034333333334,0.024151824,0.023433388999999995,0.028567892666666667,0.021719736,0.027279396666666667,0.02819205866666667,0.028973903333333332,0.027821896333333332,0.022686265,0.027072950666666668,0.021977732666666663,0.025379147333333334,0.021962338999999997,0.021038639999999997,0.02326331533333333,0.030981819000000004,0.02326668733333333,0.023014621000000002,0.023229607,0.024414438,0.020041233333333335,0.02224079,0.021047417333333332,0.02398907166666667,0.024636175,0.020668927666666666,0.026656428666666666,0.023255958,0.023658366666666666,0.02648236533333333,0.020508486333333336,0.03138679233333333,0.031719797333333334,0.036427112000000005,0.03657260733333333,0.039969486666666665,0.032846544,0.033686293333333325,0.03638289366666667,0.03489680666666666,0.03358780533333334,0.032213336,0.03130550666666666,0.032440694000000006,0.027380875333333332,0.03385072766666666,0.037889932333333334,0.03176612266666667,0.034106463999999996,0.03151329566666667,0.030947067666666668,0.033974663333333335,0.029926959666666666,0.03138679233333333,0.023734070666666666,0.024484139666666665,0.031719797333333334,0.036427112000000005,0.03654469666666667,0.021962338999999997,0.03657260733333333,0.021038639999999997,0.02326331533333333,0.039969486666666665,0.032637339333333334,0.03208374,0.030598745666666663,0.0,0.029090845333333334,0.032846544,0.030981819000000004,0.02788060933333333,0.02160662,0.022411295,0.023078034333333334,0.02326668733333333,0.021407051666666666,0.024151824,0.03173128966666667,0.030471426333333333,0.023433388999999995,0.033686293333333325,0.023014621000000002,0.033007395,0.036445969333333335,0.028567892666666667,0.03638289366666667,0.022395954,0.03489680666666666,0.023229607,0.03358780533333334,0.032213336,0.021719736,0.027279396666666667,0.03130550666666666,0.03350251233333334,0.025492054333333333,0.02819205866666667,0.024414438,0.034662187,0.020041233333333335,0.032440694000000006,0.02224079,0.030226496666666665,0.028973903333333332,0.027821896333333332,0.027380875333333332,0.03385072766666666,0.022686265,0.021047417333333332,0.027072950666666668,0.02398907166666667,0.024636175,0.021977732666666663,0.037889932333333334,0.03459973933333333,0.015455317666666668,0.025379147333333334,0.020668927666666666,0.026656428666666666,0.03176612266666667,0.034106463999999996,0.023255958,0.023658366666666666,0.02648236533333333,0.035816843333333334,0.03151329566666667,0.020508486333333336,0.030947067666666668,0.033974663333333335,0.029926959666666666,0.024484139666666665,0.03654469666666667,0.03208374,0.030598745666666663,0.02788060933333333,0.021407051666666666,0.03173128966666667,0.030471426333333333,0.033007395,0.036445969333333335,0.022395954,0.03350251233333334,0.025492054333333333,0.034662187,0.030226496666666665,0.03459973933333333,0.015455317666666668,0.035816843333333334
3,0.022494753333333336,0.017106616666666668,0.029090845333333334,0.0,0.02105522766666667,0.013790249666666667,0.018480052333333333,0.011961639,0.03027461366666667,0.010334453666666667,0.017132365666666666,0.014056801666666667,0.016788882,0.03340608333333333,0.03224543733333333,0.017933348666666668,0.029262218333333333,0.02801768,0.031439265333333334,0.027508459333333332,0.029000743333333336,0.033889762000000004,0.03758562466666667,0.027538846000000002,0.02845822333333333,0.022902934,0.03483579999999999,0.036065311999999995,0.028755863333333333,0.024491041666666668,0.03970891000000001,0.037043480000000004,0.03436964766666666,0.04105511466666667,0.025297074,0.03380929033333333,0.041926632,0.018341813333333335,0.03571027166666666,0.04084126,0.046620152333333324,0.04694320366666667,0.04785040200000001,0.049174018666666666,0.04054909666666666,0.05068128,0.045691794333333334,0.046579889666666666,0.038366323333333334,0.04220983200000001,0.03492465866666667,0.046759303333333335,0.046776021333333334,0.050461818000000006,0.04861579133333334,0.037836732000000005,0.040014898,0.04401164266666666,0.039277903999999995,0.035089787666666664,0.03571027166666666,0.022494753333333336,0.030096826666666666,0.04084126,0.046620152333333324,0.04186931266666667,0.027508459333333332,0.04694320366666667,0.029000743333333336,0.033889762000000004,0.04785040200000001,0.017106616666666668,0.037337702333333334,0.038709768000000006,0.029090845333333334,0.0,0.049174018666666666,0.03758562466666667,0.03788443,0.02105522766666667,0.013790249666666667,0.018480052333333333,0.027538846000000002,0.029308975000000004,0.011961639,0.03908792333333334,0.039525130666666665,0.03027461366666667,0.04054909666666666,0.02845822333333333,0.04182811,0.04386001,0.010334453666666667,0.05068128,0.03370453933333333,0.045691794333333334,0.022902934,0.046579889666666666,0.038366323333333334,0.017132365666666666,0.014056801666666667,0.04220983200000001,0.04118247033333333,0.034101079,0.016788882,0.03483579999999999,0.043031143333333334,0.036065311999999995,0.03492465866666667,0.028755863333333333,0.03824001233333333,0.03340608333333333,0.03224543733333333,0.046759303333333335,0.046776021333333334,0.017933348666666668,0.024491041666666668,0.029262218333333333,0.03970891000000001,0.037043480000000004,0.02801768,0.050461818000000006,0.04397098,0.037591808,0.031439265333333334,0.03436964766666666,0.04105511466666667,0.04861579133333334,0.037836732000000005,0.025297074,0.03380929033333333,0.041926632,0.038704003333333334,0.040014898,0.018341813333333335,0.04401164266666666,0.039277903999999995,0.035089787666666664,0.030096826666666666,0.04186931266666667,0.037337702333333334,0.038709768000000006,0.03788443,0.029308975000000004,0.03908792333333334,0.039525130666666665,0.04182811,0.04386001,0.03370453933333333,0.04118247033333333,0.034101079,0.043031143333333334,0.03824001233333333,0.04397098,0.037591808,0.038704003333333334
4,0.014111314333333331,0.026191917999999998,0.02160662,0.02105522766666667,1.9868214999999996e-09,0.018225954333333332,0.014912839666666667,0.018514434333333333,0.019199977,0.019913556,0.019006870333333332,0.024596586,0.02099701166666667,0.021563287666666667,0.01776235166666667,0.022019988333333334,0.028503497666666665,0.019568197000000002,0.015778098333333334,0.013926357,0.020135524,0.023528297666666663,0.031002431666666667,0.023391820666666667,0.015680626666666666,0.020550193333333338,0.026269485666666665,0.020677413333333332,0.018477127666666666,0.016843237666666667,0.022126241333333335,0.024104181333333332,0.021343924666666667,0.02693765133333333,0.017683524,0.023599519333333333,0.027355040666666667,0.013486216666666667,0.03462388000000001,0.03699726666666667,0.04087924866666667,0.043463097666666665,0.045424251,0.039644313333333334,0.03853553666666666,0.045200306333333336,0.038349695333333336,0.04025399799999999,0.03845228333333333,0.03385153466666667,0.035288754666666665,0.037207156666666664,0.04256140966666666,0.04464124999999999,0.0390485,0.036808749333333335,0.038343131333333336,0.03692254133333333,0.03851114766666666,0.026925937333333334,0.03462388000000001,0.014111314333333331,0.029999691,0.03699726666666667,0.04087924866666667,0.04159146833333334,0.013926357,0.043463097666666665,0.020135524,0.023528297666666663,0.045424251,0.026191917999999998,0.0345363,0.035106905333333334,0.02160662,0.02105522766666667,0.039644313333333334,0.031002431666666667,0.032556166000000004,1.9868214999999996e-09,0.018225954333333332,0.014912839666666667,0.023391820666666667,0.028437395666666664,0.018514434333333333,0.037827966666666664,0.03514332933333333,0.019199977,0.03853553666666666,0.015680626666666666,0.038372645000000004,0.04153211133333334,0.019913556,0.045200306333333336,0.03318195733333333,0.038349695333333336,0.020550193333333338,0.04025399799999999,0.03845228333333333,0.019006870333333332,0.024596586,0.03385153466666667,0.036888181666666665,0.027032420666666668,0.02099701166666667,0.026269485666666665,0.041699271,0.020677413333333332,0.035288754666666665,0.018477127666666666,0.03712447666666666,0.021563287666666667,0.01776235166666667,0.037207156666666664,0.04256140966666666,0.022019988333333334,0.016843237666666667,0.028503497666666665,0.022126241333333335,0.024104181333333332,0.019568197000000002,0.04464124999999999,0.04162650833333334,0.026622202333333334,0.015778098333333334,0.021343924666666667,0.02693765133333333,0.0390485,0.036808749333333335,0.017683524,0.023599519333333333,0.027355040666666667,0.037145653333333334,0.038343131333333336,0.013486216666666667,0.03692254133333333,0.03851114766666666,0.026925937333333334,0.029999691,0.04159146833333334,0.0345363,0.035106905333333334,0.032556166000000004,0.028437395666666664,0.037827966666666664,0.03514332933333333,0.038372645000000004,0.04153211133333334,0.03318195733333333,0.036888181666666665,0.027032420666666668,0.041699271,0.03712447666666666,0.04162650833333334,0.026622202333333334,0.037145653333333334
5,0.014275708,0.01602686433333333,0.022411295,0.013790249666666667,0.018225954333333332,0.0,0.014420386,0.0082846522,0.02555789966666667,0.012080027666666666,0.005406497,0.014619535,0.016931631,0.029828179000000003,0.028365816666666665,0.008545450333333334,0.027350811333333332,0.024112915999999998,0.030249501999999998,0.024113462333333335,0.025820036666666667,0.027050066666666667,0.03423156166666667,0.021673705666666664,0.027251589333333333,0.02192118133333333,0.029290239,0.031493052,0.022347788333333334,0.019632240333333335,0.033421490000000005,0.033190848333333335,0.028832449666666666,0.03535744933333333,0.022571848333333328,0.027684446333333335,0.036740451,0.01835564,0.033680890666666664,0.04065288333333334,0.04363345666666666,0.046305087999999994,0.047799699,0.04429777333333333,0.039539083333333336,0.048305854999999995,0.04514374533333333,0.043219527666666674,0.035096716,0.04032411166666667,0.03585578166666667,0.040005725666666665,0.044434306666666666,0.048460075000000005,0.046460595,0.03555709166666667,0.042116321666666665,0.04350061833333333,0.044286370000000005,0.03777497333333333,0.033680890666666664,0.014275708,0.035247646,0.04065288333333334,0.04363345666666666,0.04373966466666667,0.024113462333333335,0.046305087999999994,0.025820036666666667,0.027050066666666667,0.047799699,0.01602686433333333,0.04217643133333334,0.040036489,0.022411295,0.013790249666666667,0.04429777333333333,0.03423156166666667,0.03952014633333333,0.018225954333333332,0.0,0.014420386,0.021673705666666664,0.03189594,0.0082846522,0.04222512466666666,0.04394125433333333,0.02555789966666667,0.039539083333333336,0.027251589333333333,0.04578655133333333,0.047640496666666664,0.012080027666666666,0.048305854999999995,0.035233249333333334,0.04514374533333333,0.02192118133333333,0.043219527666666674,0.035096716,0.005406497,0.014619535,0.04032411166666667,0.04594602233333333,0.034445474000000004,0.016931631,0.029290239,0.045540911,0.031493052,0.03585578166666667,0.022347788333333334,0.042419314666666666,0.029828179000000003,0.028365816666666665,0.040005725666666665,0.044434306666666666,0.008545450333333334,0.019632240333333335,0.027350811333333332,0.033421490000000005,0.033190848333333335,0.024112915999999998,0.048460075000000005,0.04432683566666666,0.03318814433333333,0.030249501999999998,0.028832449666666666,0.03535744933333333,0.046460595,0.03555709166666667,0.022571848333333328,0.027684446333333335,0.036740451,0.04325696133333333,0.042116321666666665,0.01835564,0.04350061833333333,0.044286370000000005,0.03777497333333333,0.035247646,0.04373966466666667,0.04217643133333334,0.040036489,0.03952014633333333,0.03189594,0.04222512466666666,0.04394125433333333,0.04578655133333333,0.047640496666666664,0.035233249333333334,0.04594602233333333,0.034445474000000004,0.045540911,0.042419314666666666,0.04432683566666666,0.03318814433333333,0.04325696133333333
6,0.016929974000000004,0.022544024333333336,0.023078034333333334,0.018480052333333333,0.014912839666666667,0.014420386,0.0,0.017957530666666666,0.024177752,0.015415527333333335,0.017979675666666663,0.021238990666666666,0.019462521666666666,0.024409267999999998,0.021751994,0.01865539533333333,0.030397351666666666,0.023450042999999997,0.023069135333333334,0.01695595733333333,0.027478926666666667,0.022571069333333336,0.029411369,0.023314239333333334,0.01873957333333333,0.018462109666666667,0.025794716666666665,0.021865167,0.017636286999999997,0.013987123999999998,0.027542243333333334,0.022370465333333332,0.02301698933333333,0.026736307,0.018948934333333334,0.02715979266666667,0.029943293333333332,0.016454054666666666,0.03235328766666667,0.036476440000000006,0.03980759833333333,0.04534075266666667,0.045682647666666666,0.03852471,0.03657686866666667,0.04724458333333333,0.040548603333333336,0.03988872533333333,0.03591110766666667,0.03389732633333333,0.034972934,0.037449954666666674,0.04409464133333333,0.04421912333333333,0.04121523333333333,0.031602908,0.03863261133333333,0.041408164666666664,0.043112743333333335,0.03354317366666667,0.03235328766666667,0.016929974000000004,0.03431251233333333,0.036476440000000006,0.03980759833333333,0.04449504333333333,0.01695595733333333,0.04534075266666667,0.027478926666666667,0.022571069333333336,0.045682647666666666,0.022544024333333336,0.039617641999999995,0.034229068,0.023078034333333334,0.018480052333333333,0.03852471,0.029411369,0.041489088333333334,0.014912839666666667,0.014420386,0.0,0.023314239333333334,0.031704507,0.017957530666666666,0.042689215999999995,0.04034033833333333,0.024177752,0.03657686866666667,0.01873957333333333,0.04439885166666667,0.046024951,0.015415527333333335,0.04724458333333333,0.034233437000000005,0.040548603333333336,0.018462109666666667,0.03988872533333333,0.03591110766666667,0.017979675666666663,0.021238990666666666,0.03389732633333333,0.04094515466666667,0.03211253866666667,0.019462521666666666,0.025794716666666665,0.04556279666666666,0.021865167,0.034972934,0.017636286999999997,0.043245048333333334,0.024409267999999998,0.021751994,0.037449954666666674,0.04409464133333333,0.01865539533333333,0.013987123999999998,0.030397351666666666,0.027542243333333334,0.022370465333333332,0.023450042999999997,0.04421912333333333,0.042343163333333336,0.030156008666666668,0.023069135333333334,0.02301698933333333,0.026736307,0.04121523333333333,0.031602908,0.018948934333333334,0.02715979266666667,0.029943293333333332,0.04241198666666667,0.03863261133333333,0.016454054666666666,0.041408164666666664,0.043112743333333335,0.03354317366666667,0.03431251233333333,0.04449504333333333,0.039617641999999995,0.034229068,0.041489088333333334,0.031704507,0.042689215999999995,0.04034033833333333,0.04439885166666667,0.046024951,0.034233437000000005,0.04094515466666667,0.03211253866666667,0.04556279666666666,0.043245048333333334,0.042343163333333336,0.030156008666666668,0.04241198666666667
7,0.017772476,0.017815176666666665,0.024151824,0.011961639,0.018514434333333333,0.0082846522,0.017957530666666666,7.947285999999998e-09,0.027572653666666665,0.012055732666666668,0.006647698,0.012490610333333334,0.012431266,0.033663044333333336,0.03163271066666667,0.005955723999999999,0.022923968000000003,0.024247559,0.03190762,0.026517812666666665,0.024758986666666663,0.03333045833333333,0.038689096666666666,0.025002825333333333,0.028518884666666668,0.020602416999999998,0.03262824633333333,0.03564193666666667,0.028684328,0.026162924333333334,0.03721419,0.03829137333333334,0.03474097633333333,0.04189891999999999,0.027253958000000002,0.032502812,0.04151286333333334,0.020128409,0.033857280999999996,0.04112845333333334,0.04586476666666666,0.04585309,0.04888749566666666,0.047693278,0.04002402033333333,0.049301081,0.045991793333333336,0.04443483166666667,0.035076419666666664,0.042029142,0.03495317766666666,0.04230698933333333,0.04373189533333333,0.05053403666666667,0.048000943333333344,0.03736366333333333,0.04265078833333333,0.042963093333333334,0.039043668999999996,0.03400186,0.033857280999999996,0.017772476,0.03097037866666667,0.04112845333333334,0.04586476666666666,0.04182503266666667,0.026517812666666665,0.04585309,0.024758986666666663,0.03333045833333333,0.04888749566666666,0.017815176666666665,0.03972854199999999,0.039035892333333336,0.024151824,0.011961639,0.047693278,0.038689096666666666,0.035142415999999996,0.018514434333333333,0.0082846522,0.017957530666666666,0.025002825333333333,0.028352268666666666,7.947285999999998e-09,0.03879108266666667,0.04151846199999999,0.027572653666666665,0.04002402033333333,0.028518884666666668,0.043138916666666666,0.047355149000000006,0.012055732666666668,0.049301081,0.033514913,0.045991793333333336,0.020602416999999998,0.04443483166666667,0.035076419666666664,0.006647698,0.012490610333333334,0.042029142,0.045139662,0.031123493000000002,0.012431266,0.03262824633333333,0.043316788,0.03564193666666667,0.03495317766666666,0.028684328,0.038958578,0.033663044333333336,0.03163271066666667,0.04230698933333333,0.04373189533333333,0.005955723999999999,0.026162924333333334,0.022923968000000003,0.03721419,0.03829137333333334,0.024247559,0.05053403666666667,0.04417209166666667,0.03514175466666667,0.03190762,0.03474097633333333,0.04189891999999999,0.048000943333333344,0.03736366333333333,0.027253958000000002,0.032502812,0.04151286333333334,0.039551006666666666,0.04265078833333333,0.020128409,0.042963093333333334,0.039043668999999996,0.03400186,0.03097037866666667,0.04182503266666667,0.03972854199999999,0.039035892333333336,0.035142415999999996,0.028352268666666666,0.03879108266666667,0.04151846199999999,0.043138916666666666,0.047355149000000006,0.033514913,0.045139662,0.031123493000000002,0.043316788,0.038958578,0.04417209166666667,0.03514175466666667,0.039551006666666666
8,0.020468090333333334,0.03267382966666667,0.023433388999999995,0.03027461366666667,0.019199977,0.02555789966666667,0.024177752,0.027572653666666665,0.0,0.0292042,0.028125627666666667,0.03406133833333334,0.024162922,0.012178598,0.017272625666666666,0.02801140133333334,0.032643054,0.017756974666666665,0.02154621866666667,0.02309268133333333,0.025720465666666668,0.025735341000000002,0.029120083333333335,0.02728739566666667,0.022692151666666664,0.021301340999999998,0.027489664,0.019623808,0.023641489333333335,0.021937392,0.018223089,0.026828506666666665,0.022385948666666666,0.026608254333333334,0.02662221,0.024961243333333334,0.026096445333333333,0.018972937000000002,0.023550277999999997,0.02556420733333333,0.026615403333333336,0.028568076666666668,0.02960615766666667,0.02809647733333333,0.024854974,0.029865302,0.023878556666666665,0.026198458666666664,0.027096324,0.020276602333333334,0.026568064666666665,0.027715463333333332,0.026928979333333335,0.027747034000000004,0.026766159333333334,0.024098268666666665,0.024276976,0.023286773666666663,0.03585539666666667,0.03097125066666667,0.023550277999999997,0.020468090333333334,0.026950018333333332,0.02556420733333333,0.026615403333333336,0.032308401666666674,0.02309268133333333,0.028568076666666668,0.025720465666666668,0.025735341000000002,0.02960615766666667,0.03267382966666667,0.025767199333333334,0.024665584666666667,0.023433388999999995,0.03027461366666667,0.02809647733333333,0.029120083333333335,0.027458239000000002,0.019199977,0.02555789966666667,0.024177752,0.02728739566666667,0.029704076333333333,0.027572653666666665,0.0286652,0.030577846333333332,0.0,0.024854974,0.022692151666666664,0.02877420333333334,0.030958338,0.0292042,0.029865302,0.024210614,0.023878556666666665,0.021301340999999998,0.026198458666666664,0.027096324,0.028125627666666667,0.03406133833333334,0.020276602333333334,0.027772438,0.022982453666666666,0.024162922,0.027489664,0.038391458,0.019623808,0.026568064666666665,0.023641489333333335,0.02687926866666667,0.012178598,0.017272625666666666,0.027715463333333332,0.026928979333333335,0.02801140133333334,0.021937392,0.032643054,0.018223089,0.026828506666666665,0.017756974666666665,0.027747034000000004,0.026885962666666662,0.017507261,0.02154621866666667,0.022385948666666666,0.026608254333333334,0.026766159333333334,0.024098268666666665,0.02662221,0.024961243333333334,0.026096445333333333,0.030482159999999998,0.024276976,0.018972937000000002,0.023286773666666663,0.03585539666666667,0.03097125066666667,0.026950018333333332,0.032308401666666674,0.025767199333333334,0.024665584666666667,0.027458239000000002,0.029704076333333333,0.0286652,0.030577846333333332,0.02877420333333334,0.030958338,0.024210614,0.027772438,0.022982453666666666,0.038391458,0.02687926866666667,0.026885962666666662,0.017507261,0.030482159999999998
9,0.018182516,0.013210193333333333,0.028567892666666667,0.010334453666666667,0.019913556,0.012080027666666666,0.015415527333333335,0.012055732666666668,0.0292042,1.9868214999999996e-09,0.014778864333333334,0.013979335666666667,0.014770673000000002,0.02923851833333333,0.027569688,0.015869635333333333,0.025369564333333334,0.026963376666666667,0.027875616,0.02631516266666667,0.030014201,0.03180536033333333,0.03568601166666666,0.024586083333333335,0.025905712000000004,0.018358973666666667,0.02975742166666667,0.034897351666666666,0.026332816,0.02347222566666667,0.037805490000000004,0.03583979333333333,0.03148093833333333,0.03841384266666667,0.023214141666666667,0.03134591866666667,0.03908570466666667,0.021750340666666666,0.03039581566666667,0.037804011666666665,0.04220507933333333,0.04337725866666666,0.045142048,0.04403620866666667,0.03604221566666667,0.048535381,0.04417142166666667,0.04140796666666667,0.033191176333333336,0.038092641,0.030594778333333333,0.043030639999999995,0.04447143333333334,0.04682440333333334,0.04582183166666667,0.03339245666666667,0.042786000000000005,0.042059557666666664,0.039006858000000005,0.03642398733333333,0.03039581566666667,0.018182516,0.034130138666666664,0.037804011666666665,0.04220507933333333,0.04235291766666667,0.02631516266666667,0.04337725866666666,0.030014201,0.03180536033333333,0.045142048,0.013210193333333333,0.03851800066666667,0.03592156166666667,0.028567892666666667,0.010334453666666667,0.04403620866666667,0.03568601166666666,0.03946407666666667,0.019913556,0.012080027666666666,0.015415527333333335,0.024586083333333335,0.032382134,0.012055732666666668,0.039670455666666674,0.038996312,0.0292042,0.03604221566666667,0.025905712000000004,0.04373541266666667,0.04400508833333334,1.9868214999999996e-09,0.048535381,0.036059721333333336,0.04417142166666667,0.018358973666666667,0.04140796666666667,0.033191176333333336,0.014778864333333334,0.013979335666666667,0.038092641,0.04187447033333333,0.03276088666666667,0.014770673000000002,0.02975742166666667,0.04283443666666667,0.034897351666666666,0.030594778333333333,0.026332816,0.041186887,0.02923851833333333,0.027569688,0.043030639999999995,0.04447143333333334,0.015869635333333333,0.02347222566666667,0.025369564333333334,0.037805490000000004,0.03583979333333333,0.026963376666666667,0.04682440333333334,0.041340087000000005,0.03721997666666666,0.027875616,0.03148093833333333,0.03841384266666667,0.04582183166666667,0.03339245666666667,0.023214141666666667,0.03134591866666667,0.03908570466666667,0.038235059,0.042786000000000005,0.021750340666666666,0.042059557666666664,0.039006858000000005,0.03642398733333333,0.034130138666666664,0.04235291766666667,0.03851800066666667,0.03592156166666667,0.03946407666666667,0.032382134,0.039670455666666674,0.038996312,0.04373541266666667,0.04400508833333334,0.036059721333333336,0.04187447033333333,0.03276088666666667,0.04283443666666667,0.041186887,0.041340087000000005,0.03721997666666666,0.038235059
10,0.015684869,0.017854438333333333,0.021719736,0.017132365666666666,0.019006870333333332,0.005406497,0.017979675666666663,0.006647698,0.028125627666666667,0.014778864333333334,0.0,0.014007224666666667,0.017467318000000003,0.033302186666666664,0.030864843333333333,0.005475866833333333,0.026680177333333333,0.028293486333333333,0.03209818,0.025620115333333335,0.024409105333333334,0.02795360466666667,0.03590346433333334,0.020513787000000002,0.02992696566666667,0.0240363,0.030641416666666664,0.033207372666666665,0.024295258,0.024459248666666666,0.03407443833333333,0.03633604666666666,0.031375185666666666,0.037804921000000005,0.024428251999999998,0.028717344666666665,0.03800447866666667,0.02165540666666667,0.03529466566666666,0.04155234333333334,0.04545414666666667,0.04689250333333333,0.05006045866666667,0.04456672666666666,0.04162641,0.049583343333333335,0.04608358233333334,0.044639005,0.03466982666666666,0.04128197433333334,0.037906216666666666,0.03926845999999999,0.04522260866666667,0.050380441000000005,0.046789663333333335,0.03836208366666667,0.04491500433333333,0.04361949,0.04444398066666667,0.037057743666666663,0.03529466566666666,0.015684869,0.033672613000000004,0.04155234333333334,0.04545414666666667,0.043865299,0.025620115333333335,0.04689250333333333,0.024409105333333334,0.02795360466666667,0.05006045866666667,0.017854438333333333,0.043945609999999996,0.04268681666666666,0.021719736,0.017132365666666666,0.04456672666666666,0.03590346433333334,0.038312791,0.019006870333333332,0.005406497,0.017979675666666663,0.020513787000000002,0.030363224,0.006647698,0.04215791233333333,0.04438469333333333,0.028125627666666667,0.04162641,0.02992696566666667,0.04655211833333333,0.048935938666666665,0.014778864333333334,0.049583343333333335,0.035734028,0.04608358233333334,0.0240363,0.044639005,0.03466982666666666,0.0,0.014007224666666667,0.04128197433333334,0.04796159666666666,0.03580659466666667,0.017467318000000003,0.030641416666666664,0.045845520666666674,0.033207372666666665,0.037906216666666666,0.024295258,0.04155342766666667,0.033302186666666664,0.030864843333333333,0.03926845999999999,0.04522260866666667,0.005475866833333333,0.024459248666666666,0.026680177333333333,0.03407443833333333,0.03633604666666666,0.028293486333333333,0.050380441000000005,0.04570544866666667,0.03375212366666667,0.03209818,0.031375185666666666,0.037804921000000005,0.046789663333333335,0.03836208366666667,0.024428251999999998,0.028717344666666665,0.03800447866666667,0.043960935,0.04491500433333333,0.02165540666666667,0.04361949,0.04444398066666667,0.037057743666666663,0.033672613000000004,0.043865299,0.043945609999999996,0.04268681666666666,0.038312791,0.030363224,0.04215791233333333,0.04438469333333333,0.04655211833333333,0.048935938666666665,0.035734028,0.04796159666666666,0.03580659466666667,0.045845520666666674,0.04155342766666667,0.04570544866666667,0.03375212366666667,0.043960935
11,0.021563264000000002,0.014179217666666665,0.027279396666666667,0.014056801666666667,0.024596586,0.014619535,0.021238990666666666,0.012490610333333334,0.03406133833333334,0.013979335666666667,0.014007224666666667,3.973642999999999e-09,0.015459076666666667,0.034490371,0.035265605,0.013564848666666665,0.025752369333333334,0.029925990999999996,0.033658241000000005,0.027943349000000003,0.029404998,0.034561214666666666,0.037379292,0.02301835433333333,0.031445492,0.022672281333333332,0.03017838,0.03672096666666667,0.030263163666666665,0.029387486,0.03910645666666667,0.038093919999999996,0.036182226666666664,0.04187273133333333,0.026193762000000002,0.032251786666666664,0.039672593,0.025857823999999998,0.03668731866666666,0.040871065666666664,0.04522195566666666,0.04548377,0.047327063333333336,0.046642720666666665,0.04130786333333334,0.04960507533333334,0.04563704833333334,0.04610868333333333,0.035386333666666665,0.042304409999999994,0.03620776,0.042377726666666664,0.045003758666666664,0.04949041533333333,0.046801332,0.03942738166666667,0.04323294466666667,0.04334699,0.03905912166666667,0.03430101666666666,0.03668731866666666,0.021563264000000002,0.031515914,0.040871065666666664,0.04522195566666666,0.038515935333333334,0.027943349000000003,0.04548377,0.029404998,0.034561214666666666,0.047327063333333336,0.014179217666666665,0.03808547333333333,0.04185196133333333,0.027279396666666667,0.014056801666666667,0.046642720666666665,0.037379292,0.037675759999999996,0.024596586,0.014619535,0.021238990666666666,0.02301835433333333,0.026946290666666664,0.012490610333333334,0.038423029666666664,0.03849215999999999,0.03406133833333334,0.04130786333333334,0.031445492,0.04280473566666667,0.043467415,0.013979335666666667,0.04960507533333334,0.03456268666666666,0.04563704833333334,0.022672281333333332,0.04610868333333333,0.035386333666666665,0.014007224666666667,3.973642999999999e-09,0.042304409999999994,0.04366557333333333,0.036229078,0.015459076666666667,0.03017838,0.04075364,0.03672096666666667,0.03620776,0.030263163666666665,0.038078433333333335,0.034490371,0.035265605,0.042377726666666664,0.045003758666666664,0.013564848666666665,0.029387486,0.025752369333333334,0.03910645666666667,0.038093919999999996,0.029925990999999996,0.04949041533333333,0.04311412566666666,0.03890835166666667,0.033658241000000005,0.036182226666666664,0.04187273133333333,0.046801332,0.03942738166666667,0.026193762000000002,0.032251786666666664,0.039672593,0.038638605666666666,0.04323294466666667,0.025857823999999998,0.04334699,0.03905912166666667,0.03430101666666666,0.031515914,0.038515935333333334,0.03808547333333333,0.04185196133333333,0.037675759999999996,0.026946290666666664,0.038423029666666664,0.03849215999999999,0.04280473566666667,0.043467415,0.03456268666666666,0.04366557333333333,0.036229078,0.04075364,0.038078433333333335,0.04311412566666666,0.03890835166666667,0.038638605666666666
12,0.020053029,0.014916493666666667,0.02819205866666667,0.016788882,0.02099701166666667,0.016931631,0.019462521666666666,0.012431266,0.024162922,0.014770673000000002,0.017467318000000003,0.015459076666666667,1.9868214999999996e-09,0.027367347666666667,0.033410154000000004,0.015105543333333332,0.025714129,0.024711382333333334,0.032538984,0.028531857333333334,0.028640304000000002,0.03908805433333333,0.03997057833333333,0.026719733000000002,0.030720780000000003,0.017204070000000002,0.030113853333333333,0.036357891999999996,0.03387532833333333,0.030274074999999998,0.03755255933333334,0.040592729999999994,0.03834120333333334,0.04285536,0.03138145233333333,0.03692210766666667,0.04187115333333334,0.02628078866666667,0.028213423666666668,0.03804006233333333,0.041162700999999996,0.040441386,0.04253936866666666,0.04464343433333333,0.03431852666666667,0.046730476666666666,0.03959892166666667,0.03887050733333333,0.030657247666666665,0.03670421766666667,0.031455425333333335,0.04100417133333334,0.03960657733333333,0.04381281333333333,0.04400456666666666,0.03387584666666667,0.03850257,0.03883214,0.03555347533333333,0.03233075666666666,0.028213423666666668,0.020053029,0.030085769999999998,0.03804006233333333,0.041162700999999996,0.037128171999999994,0.028531857333333334,0.040441386,0.028640304000000002,0.03908805433333333,0.04253936866666666,0.014916493666666667,0.03268692333333333,0.03303968666666667,0.02819205866666667,0.016788882,0.04464343433333333,0.03997057833333333,0.03556069866666666,0.02099701166666667,0.016931631,0.019462521666666666,0.026719733000000002,0.02756225266666667,0.012431266,0.03341920566666667,0.03781687833333334,0.024162922,0.03431852666666667,0.030720780000000003,0.03857788666666666,0.04218291666666666,0.014770673000000002,0.046730476666666666,0.028832253,0.03959892166666667,0.017204070000000002,0.03887050733333333,0.030657247666666665,0.017467318000000003,0.015459076666666667,0.03670421766666667,0.039034898666666665,0.028933862666666664,1.9868214999999996e-09,0.030113853333333333,0.042164723333333334,0.036357891999999996,0.031455425333333335,0.03387532833333333,0.034364923000000006,0.027367347666666667,0.033410154000000004,0.04100417133333334,0.03960657733333333,0.015105543333333332,0.030274074999999998,0.025714129,0.03755255933333334,0.040592729999999994,0.024711382333333334,0.04381281333333333,0.037144076666666664,0.034578240999999996,0.032538984,0.03834120333333334,0.04285536,0.04400456666666666,0.03387584666666667,0.03138145233333333,0.03692210766666667,0.04187115333333334,0.032877014,0.03850257,0.02628078866666667,0.03883214,0.03555347533333333,0.03233075666666666,0.030085769999999998,0.037128171999999994,0.03268692333333333,0.03303968666666667,0.03556069866666666,0.02756225266666667,0.03341920566666667,0.03781687833333334,0.03857788666666666,0.04218291666666666,0.028832253,0.039034898666666665,0.028933862666666664,0.042164723333333334,0.034364923000000006,0.037144076666666664,0.034578240999999996,0.032877014
