,omer_02.jpg,tal_05.jpg,omer_07.jpg,tal_06.jpg,omer_06.jpg,omer_08.jpg,tal_01.jpg,omer_03.jpg,tal_07.jpg,tal_03.jpg,omer_04.jpg,omer_10.jpg,tal_09.jpg,tal_02.jpg,tal_08.jpg,omer_09.jpg,tal_10.jpg,omer_05.jpg,tal_04.jpg,matt_04.jpg,dom_10.jpg,dom_05.jpg,matt_08.jpg,dom_04.jpg,matt_02.jpg,matt_07.jpg,matt_06.jpg,matt_05.jpg,dom_07.jpg,dom_03.jpg,matt_03.jpg,matt_01.jpg,dom_06.jpg,matt_10.jpg,dom_01.jpg,dom_09.jpg,matt_09.jpg,dom_02.jpg,tess_03.jpg,taz_06.jpg,taz_04.jpg,taz_03.jpg,tess_01.jpg,tess_07.jpg,tess_05.jpg,taz_05.jpg,tess_02.jpg,tess_09.jpg,tess_06.jpg,taz_07.jpg,taz_02.jpg,tess_04.jpg,taz_09.jpg,tess_08.jpg,taz_08.jpg,taz_01.jpg,tess_10.jpg,taz_10.jpg,marina_07.jpg,tamar_04.jpg,tess_03.jpg.1,omer_02.jpg.1,marina_04.jpg,taz_06.jpg.1,taz_04.jpg.1,marina_01.jpg,matt_04.jpg.1,taz_03.jpg.1,dom_10.jpg.1,dom_05.jpg.1,tess_01.jpg.1,tal_05.jpg.1,marina_06.jpg,tamar_09.jpg,omer_07.jpg.1,tal_06.jpg.1,tess_07.jpg.1,matt_08.jpg.1,marina_08.jpg,omer_06.jpg.1,omer_08.jpg.1,tal_01.jpg.1,dom_04.jpg.1,tamar_10.jpg,omer_03.jpg.1,tamar_02.jpg,tamar_05.jpg,tal_07.jpg.1,tess_05.jpg.1,matt_02.jpg.1,tamar_07.jpg,tamar_03.jpg,tal_03.jpg.1,taz_05.jpg.1,marina_09.jpg,tess_02.jpg.1,matt_07.jpg.1,tess_09.jpg.1,tess_06.jpg.1,omer_04.jpg.1,omer_10.jpg.1,taz_07.jpg.1,tamar_01.jpg,marina_10.jpg,tal_09.jpg.1,matt_06.jpg.1,tamar_06.jpg,matt_05.jpg.1,taz_02.jpg.1,dom_07.jpg.1,marina_05.jpg,tal_02.jpg.1,tal_08.jpg.1,tess_04.jpg.1,taz_09.jpg.1,omer_09.jpg.1,dom_03.jpg.1,tal_10.jpg.1,matt_03.jpg.1,matt_01.jpg.1,omer_05.jpg.1,tess_08.jpg.1,marina_02.jpg,marina_03.jpg,tal_04.jpg.1,dom_06.jpg.1,matt_10.jpg.1,taz_08.jpg.1,taz_01.jpg.1,dom_01.jpg.1,dom_09.jpg.1,matt_09.jpg.1,tamar_08.jpg,tess_10.jpg.1,dom_02.jpg.1,taz_10.jpg.1,marina_07.jpg.1,tamar_04.jpg.1,marina_04.jpg.1,marina_01.jpg.1,marina_06.jpg.1,tamar_09.jpg.1,marina_08.jpg.1,tamar_10.jpg.1,tamar_02.jpg.1,tamar_05.jpg.1,tamar_07.jpg.1,tamar_03.jpg.1,marina_09.jpg.1,tamar_01.jpg.1,marina_10.jpg.1,tamar_06.jpg.1,marina_05.jpg.1,marina_02.jpg.1,marina_03.jpg.1,tamar_08.jpg.1
0,0.0,0.0013997793166666667,0.00542000129,0.006875232866666667,0.00430354286,0.0029334545166666668,0.005684310033333333,0.0048815271499999995,0.001556734233333333,0.004995028266666667,0.0010576387333333334,0.004081551266666666,0.002883545533333333,0.0021719932666666667,0.0044538258166666655,0.003961877076666667,0.005474674606666666,0.004841361433333333,0.002623856023333334,0.0012846747933333335,0.005738747186666667,0.0024940251466666666,0.0010618905100000001,0.00203067268,0.0044401089,0.002653417993333333,0.003409707603333333,0.002901647446666667,0.0013456920833333334,0.004164000333333333,0.00204738776,0.004120107533333333,0.0029200255,0.0019016801999999998,0.0013897220233333334,0.0008744438566666666,0.00137379566,0.005665189033333334,0.0062953234466666666,0.004920119063333334,0.0015279352599999998,0.0034198623,0.0030240992766666667,0.0043896356866666665,0.0043144148833333335,0.00482613241,0.002588820456666667,0.004828268233333333,0.0030632556233333333,0.003327759066666666,0.004383893816666666,0.0019586284999999998,0.004939393393333334,0.0026056211066666666,0.0033527114999999997,0.004171140873333334,0.006410714023333333,0.0023623724633333332,0.00600215594,0.00418662435,0.0062953234466666666,0.0,0.005494032276666667,0.004920119063333334,0.0015279352599999998,0.00499500819,0.0012846747933333335,0.0034198623,0.005738747186666667,0.0024940251466666666,0.0030240992766666667,0.0013997793166666667,0.003964825473333333,0.00491043337,0.00542000129,0.006875232866666667,0.0043896356866666665,0.0010618905100000001,0.005595076199999999,0.00430354286,0.0029334545166666668,0.005684310033333333,0.00203067268,0.00606578002,0.0048815271499999995,0.003330520783333333,0.0047437509866666665,0.001556734233333333,0.0043144148833333335,0.0044401089,0.0045769036866666665,0.004348133066666667,0.004995028266666667,0.00482613241,0.005846222179999999,0.002588820456666667,0.002653417993333333,0.004828268233333333,0.0030632556233333333,0.0010576387333333334,0.004081551266666666,0.003327759066666666,0.0044082800200000005,0.004310808776666666,0.002883545533333333,0.003409707603333333,0.005761694833333333,0.002901647446666667,0.004383893816666666,0.0013456920833333334,0.003974262873333333,0.0021719932666666667,0.0044538258166666655,0.0019586284999999998,0.004939393393333334,0.003961877076666667,0.004164000333333333,0.005474674606666666,0.00204738776,0.004120107533333333,0.004841361433333333,0.0026056211066666666,0.00232033929,0.0057797649,0.002623856023333334,0.0029200255,0.0019016801999999998,0.0033527114999999997,0.004171140873333334,0.0013897220233333334,0.0008744438566666666,0.00137379566,0.0033851841000000003,0.006410714023333333,0.005665189033333334,0.0023623724633333332,0.00600215594,0.00418662435,0.005494032276666667,0.00499500819,0.003964825473333333,0.00491043337,0.005595076199999999,0.00606578002,0.003330520783333333,0.0047437509866666665,0.0045769036866666665,0.004348133066666667,0.005846222179999999,0.0044082800200000005,0.004310808776666666,0.005761694833333333,0.003974262873333333,0.00232033929,0.0057797649,0.0033851841000000003
1,0.0013997793166666667,1.9868214999999996e-09,0.0056561469233333325,0.00554272136,0.005011232566666666,0.00377711841,0.005051724123333334,0.004510849746666668,0.0017893056033333333,0.004610456973333333,0.0017928461133333332,0.0031710107233333335,0.00190180537,0.002134283393333333,0.0051525750666666665,0.003423130626666667,0.004576913486666667,0.0042089720433333335,0.00182732143,0.0014470497866666669,0.005015452853333334,0.0028463681933333334,0.00207251711,0.00100262164,0.0043993653166666665,0.0025266946166666664,0.00414091946,0.0030633786333333335,0.0019532521633333333,0.004232690733333333,0.002662245366666667,0.004048500443333334,0.003705841346666667,0.003301511133333333,0.0010446349933333334,0.0010484735333333333,0.0007673283433333333,0.00475962177,0.007025764483333333,0.004452051803333332,0.0014044821366666666,0.0028405090666666663,0.0024924893266666664,0.004846926493333333,0.003980781533333333,0.004719263433333333,0.00139522951,0.005466522703333334,0.0025275608299999996,0.0033010383566666667,0.003914670146666667,0.002283543356666667,0.00424466332,0.0024628759333333327,0.0031004806233333334,0.004101884466666666,0.0051353772433333335,0.002771071686666667,0.004880269366666666,0.0032521863566666665,0.007025764483333333,0.0013997793166666667,0.004096619313333333,0.004452051803333332,0.0014044821366666666,0.0033369183333333335,0.0014470497866666669,0.0028405090666666663,0.005015452853333334,0.0028463681933333334,0.0024924893266666664,1.9868214999999996e-09,0.00264758458,0.004672495316666667,0.0056561469233333325,0.00554272136,0.004846926493333333,0.00207251711,0.004319767053333334,0.005011232566666666,0.00377711841,0.005051724123333334,0.00100262164,0.004554225786666667,0.004510849746666668,0.0018914202733333332,0.0033419311000000003,0.0017893056033333333,0.003980781533333333,0.0043993653166666665,0.0032581289199999997,0.0028941829900000003,0.004610456973333333,0.004719263433333333,0.00452421882,0.00139522951,0.0025266946166666664,0.005466522703333334,0.0025275608299999996,0.0017928461133333332,0.0031710107233333335,0.0033010383566666667,0.003081391366666667,0.00320932071,0.00190180537,0.00414091946,0.00455970177,0.0030633786333333335,0.003914670146666667,0.0019532521633333333,0.0025633573466666668,0.002134283393333333,0.0051525750666666665,0.002283543356666667,0.00424466332,0.003423130626666667,0.004232690733333333,0.004576913486666667,0.002662245366666667,0.004048500443333334,0.0042089720433333335,0.0024628759333333327,0.0014119545766666667,0.004807337026666666,0.00182732143,0.003705841346666667,0.003301511133333333,0.0031004806233333334,0.004101884466666666,0.0010446349933333334,0.0010484735333333333,0.0007673283433333333,0.00215772392,0.0051353772433333335,0.00475962177,0.002771071686666667,0.004880269366666666,0.0032521863566666665,0.004096619313333333,0.0033369183333333335,0.00264758458,0.004672495316666667,0.004319767053333334,0.004554225786666667,0.0018914202733333332,0.0033419311000000003,0.0032581289199999997,0.0028941829900000003,0.00452421882,0.003081391366666667,0.00320932071,0.00455970177,0.0025633573466666668,0.0014119545766666667,0.004807337026666666,0.00215772392
2,0.00542000129,0.0056561469233333325,0.0,0.0033985515333333333,0.004093046976666666,0.0026544194046666664,0.0034236648566666667,0.0018992861266666668,0.004168339566666666,0.0024508217066666668,0.0035019318166666664,0.003093308156666667,0.004386226486666667,0.005236564133333333,0.0038296341433333336,0.003942239206666667,0.0051452735066666675,0.0023732126416666664,0.0051810383666666664,0.004964744923333333,0.006311822073333333,0.003029107993333333,0.0039357641333333335,0.005730440316666667,0.003604441991,0.003947508453333333,0.002974788336666667,0.0027106424500000005,0.0038288633033333333,0.0023332296833333335,0.0033380627633333338,0.0025571326433333334,0.0025297265,0.0040764372100000005,0.005401219840000001,0.005307644616666666,0.005424205416666667,0.0029827833253333333,0.0037474234666666664,0.0019002874919999998,0.004010719181,0.004308728276666667,0.0029692331900000005,0.00170598031,0.004444682626666667,0.0014096518199999998,0.005906259883333333,0.00281880508,0.003096604433333333,0.004627982913333333,0.0031359950533333333,0.002668529746666667,0.00420597408,0.003717587373333333,0.0027830202566666664,0.00271947384,0.0033376832276666665,0.00260807673,0.0033134481133333333,0.004843300576666667,0.0037474234666666664,0.00542000129,0.0037055373333333332,0.0019002874919999998,0.004010719181,0.004430025653333333,0.004964744923333333,0.004308728276666667,0.006311822073333333,0.003029107993333333,0.0029692331900000005,0.0056561469233333325,0.004022991656666666,0.0038935681233333336,0.0,0.0033985515333333333,0.00170598031,0.0039357641333333335,0.00581607814,0.004093046976666666,0.0026544194046666664,0.0034236648566666667,0.005730440316666667,0.0042371234133333335,0.0018992861266666668,0.005171992540000001,0.003995744426666667,0.004168339566666666,0.004444682626666667,0.003604441991,0.0036445119866666664,0.003993664133333333,0.0024508217066666668,0.0014096518199999998,0.003956854243333333,0.005906259883333333,0.003947508453333333,0.00281880508,0.003096604433333333,0.0035019318166666664,0.003093308156666667,0.004627982913333333,0.0035256306266666666,0.005694450843333333,0.004386226486666667,0.002974788336666667,0.0028571447366666667,0.0027106424500000005,0.0031359950533333333,0.0038288633033333333,0.004585619636666666,0.005236564133333333,0.0038296341433333336,0.002668529746666667,0.00420597408,0.003942239206666667,0.0023332296833333335,0.0051452735066666675,0.0033380627633333338,0.0025571326433333334,0.0023732126416666664,0.003717587373333333,0.00396376047,0.0037680328633333334,0.0051810383666666664,0.0025297265,0.0040764372100000005,0.0027830202566666664,0.00271947384,0.005401219840000001,0.005307644616666666,0.005424205416666667,0.00495075578,0.0033376832276666665,0.0029827833253333333,0.00260807673,0.0033134481133333333,0.004843300576666667,0.0037055373333333332,0.004430025653333333,0.004022991656666666,0.0038935681233333336,0.00581607814,0.0042371234133333335,0.005171992540000001,0.003995744426666667,0.0036445119866666664,0.003993664133333333,0.003956854243333333,0.0035256306266666666,0.005694450843333333,0.0028571447366666667,0.004585619636666666,0.00396376047,0.0037680328633333334,0.00495075578
3,0.006875232866666667,0.00554272136,0.0033985515333333333,5.960464333333333e-09,0.006859199256666667,0.005241277066666667,0.0023897290399999996,0.0014839808133333336,0.0050889095,0.0032248636100000003,0.00561744955,0.00143632888,0.003201514476666667,0.005743577133333333,0.00664248066,0.004014778203333334,0.00432053593,0.0011209686733333333,0.004981263580000001,0.005316124423333333,0.006087052956666667,0.004970039773333333,0.005721012816666667,0.005007976433333334,0.004009755423333333,0.003925710933333333,0.0056429922666666665,0.00311660371,0.005328832026666667,0.0030709784333333334,0.005673048953333332,0.0022432804533333334,0.0048554995999999994,0.006628275013333334,0.005120475956666666,0.005498691249999999,0.005562921483333334,0.0010078350533333333,0.007521841996666666,0.001983163766666667,0.005218011003333333,0.004756228203333333,0.0034740130233333333,0.00442764354,0.00476259793,0.00305887064,0.005118904533333333,0.00623217223,0.0035395880466666664,0.006251350993333333,0.0037010570333333337,0.004123979776666667,0.003960980966666666,0.004850614056666666,0.003625810256666667,0.0037968655800000002,0.00022998054666666665,0.004690408766666667,0.0010867774366666665,0.003748017576666667,0.007521841996666666,0.006875232866666667,0.0008291900000000002,0.001983163766666667,0.005218011003333333,0.0017310122666666665,0.005316124423333333,0.004756228203333333,0.006087052956666667,0.004970039773333333,0.0034740130233333333,0.00554272136,0.0016942858666666666,0.004169813806666667,0.0033985515333333333,5.960464333333333e-09,0.00442764354,0.005721012816666667,0.00334137685,0.006859199256666667,0.005241277066666667,0.0023897290399999996,0.005007976433333334,0.0009509145899999999,0.0014839808133333336,0.0031392614833333334,0.0016428411100000001,0.0050889095,0.00476259793,0.004009755423333333,0.0013417999033333333,0.0018510461266666666,0.0032248636100000003,0.00305887064,0.00179349975,0.005118904533333333,0.003925710933333333,0.00623217223,0.0035395880466666664,0.00561744955,0.00143632888,0.006251350993333333,0.00149020552,0.0043893596,0.003201514476666667,0.0056429922666666665,0.0008924941099999999,0.00311660371,0.0037010570333333337,0.005328832026666667,0.002579432733333333,0.005743577133333333,0.00664248066,0.004123979776666667,0.003960980966666666,0.004014778203333334,0.0030709784333333334,0.00432053593,0.005673048953333332,0.0022432804533333334,0.0011209686733333333,0.004850614056666666,0.0034040292233333334,0.002519589573333333,0.004981263580000001,0.0048554995999999994,0.006628275013333334,0.003625810256666667,0.0037968655800000002,0.005120475956666666,0.005498691249999999,0.005562921483333334,0.0029242494999999996,0.00022998054666666665,0.0010078350533333333,0.004690408766666667,0.0010867774366666665,0.003748017576666667,0.0008291900000000002,0.0017310122666666665,0.0016942858666666666,0.004169813806666667,0.00334137685,0.0009509145899999999,0.0031392614833333334,0.0016428411100000001,0.0013417999033333333,0.0018510461266666666,0.00179349975,0.00149020552,0.0043893596,0.0008924941099999999,0.002579432733333333,0.0034040292233333334,0.002519589573333333,0.0029242494999999996
4,0.00430354286,0.005011232566666666,0.004093046976666666,0.006859199256666667,7.947285999999998e-09,0.0037249743466666665,0.003937540486666667,0.005145126573333334,0.0025173425866666667,0.002251704643333333,0.0036063631533333335,0.005189583823333332,0.003956659633333333,0.0027497172299999996,0.002316365736666667,0.00267173051,0.003717136476666667,0.005312734733333334,0.003207059796666667,0.00363088646,0.0030177136666666663,0.004346086733333334,0.004507480300000001,0.004319411663333333,0.0020319223,0.003742402766666667,0.00269700889,0.003463226553333333,0.004763891156666667,0.003966109053333333,0.00248214996,0.004515763066666667,0.002865539066666667,0.004968222,0.004782877476666667,0.004836749966666666,0.00434313402,0.0047178804333333334,0.0025197525866666667,0.004462760726666667,0.0027752280533333337,0.0021678229833333334,0.005134799226666667,0.003987534916666667,0.0016961296366666664,0.0034408329666666664,0.004772353073333333,0.0021915257000000004,0.00300717355,0.00491952513,0.0023299176566666667,0.00398542881,0.0030372539000000005,0.004405532433333333,0.00406773288,0.0031928598066666663,0.006749862266666667,0.003832240906666667,0.0046523868999999995,0.00387097597,0.0025197525866666667,0.00430354286,0.00553434079,0.004462760726666667,0.0027752280533333337,0.00527123788,0.00363088646,0.0021678229833333334,0.0030177136666666663,0.004346086733333334,0.005134799226666667,0.005011232566666666,0.00515816799,0.002944226946666667,0.004093046976666666,0.006859199256666667,0.003987534916666667,0.004507480300000001,0.004347658016666666,7.947285999999998e-09,0.0037249743466666665,0.003937540486666667,0.004319411663333333,0.005643834573333333,0.005145126573333334,0.004826007356666666,0.00477238696,0.0025173425866666667,0.0016961296366666664,0.0020319223,0.005783651323333333,0.006507700766666667,0.002251704643333333,0.0034408329666666664,0.005040820400000001,0.004772353073333333,0.003742402766666667,0.0021915257000000004,0.00300717355,0.0036063631533333335,0.005189583823333332,0.00491952513,0.005797739823333333,0.003436656806666667,0.003956659633333333,0.00269700889,0.005507308163333333,0.003463226553333333,0.0023299176566666667,0.004763891156666667,0.004463265413333333,0.0027497172299999996,0.002316365736666667,0.00398542881,0.0030372539000000005,0.00267173051,0.003966109053333333,0.003717136476666667,0.00248214996,0.004515763066666667,0.005312734733333334,0.004405532433333333,0.004344252593333334,0.004156700796666667,0.003207059796666667,0.002865539066666667,0.004968222,0.00406773288,0.0031928598066666663,0.004782877476666667,0.004836749966666666,0.00434313402,0.004693245786666666,0.006749862266666667,0.0047178804333333334,0.003832240906666667,0.0046523868999999995,0.00387097597,0.00553434079,0.00527123788,0.00515816799,0.002944226946666667,0.004347658016666666,0.005643834573333333,0.004826007356666666,0.00477238696,0.005783651323333333,0.006507700766666667,0.005040820400000001,0.005797739823333333,0.003436656806666667,0.005507308163333333,0.004463265413333333,0.004344252593333334,0.004156700796666667,0.004693245786666666
5,0.0029334545166666668,0.00377711841,0.0026544194046666664,0.005241277066666667,0.0037249743466666665,0.0,0.0034824928399999995,0.0027096370316666662,0.0020307540799999997,0.0034754773599999997,0.0017540852233333332,0.0034505189066666663,0.0030843517299999996,0.003462948373333333,0.0026296079333333333,0.002959265316666667,0.004639353193333333,0.0028238454433333333,0.00403839738,0.002815238583333333,0.006133005959999999,0.0013297517966666668,0.0018080254466666668,0.003987226973333333,0.0032411176733333335,0.002029331573333333,0.0014877478266666667,0.00204665661,0.0018425862366666665,0.0014588435466666668,0.0014465728833333335,0.00201758341,0.0010476132366666667,0.0018695413766666666,0.0036885798000000003,0.0031235257033333332,0.003415455333333333,0.003969128911333334,0.00457705645,0.003372373073333333,0.0029441436899999996,0.0038403848100000003,0.0030199129366666666,0.0026436071733333334,0.004086053373333333,0.002469839688666667,0.004774244606666667,0.003121370073333333,0.0029201050500000003,0.00417185218,0.003674950273333333,0.001571722813333333,0.003908797086666666,0.0029431918666666668,0.0032057344833333334,0.0029312013766666666,0.004632699435333334,0.0024254878366666665,0.004653451833333334,0.0049381296,0.00457705645,0.0029334545166666668,0.004782114536666666,0.003372373073333333,0.0029441436899999996,0.004647352236666667,0.002815238583333333,0.0038403848100000003,0.006133005959999999,0.0013297517966666668,0.0030199129366666666,0.00377711841,0.0039530217700000005,0.0038424869333333334,0.0026544194046666664,0.005241277066666667,0.0026436071733333334,0.0018080254466666668,0.005315993393333333,0.0037249743466666665,0.0,0.0034824928399999995,0.003987226973333333,0.004986318113333333,0.0027096370316666662,0.004548883556666666,0.004403374533333334,0.0020307540799999997,0.004086053373333333,0.0032411176733333335,0.00460190194,0.004554808223333334,0.0034754773599999997,0.002469839688666667,0.004204936766666666,0.004774244606666667,0.002029331573333333,0.003121370073333333,0.0029201050500000003,0.0017540852233333332,0.0034505189066666663,0.00417185218,0.004282180526666666,0.00475128685,0.0030843517299999996,0.0014877478266666667,0.0042987547,0.00204665661,0.003674950273333333,0.0018425862366666665,0.0045135637400000005,0.003462948373333333,0.0026296079333333333,0.001571722813333333,0.003908797086666666,0.002959265316666667,0.0014588435466666668,0.004639353193333333,0.0014465728833333335,0.00201758341,0.0028238454433333333,0.0029431918666666668,0.0028986156633333334,0.003765688346666667,0.00403839738,0.0010476132366666667,0.0018695413766666666,0.0032057344833333334,0.0029312013766666666,0.0036885798000000003,0.0031235257033333332,0.003415455333333333,0.004449455056666667,0.004632699435333334,0.003969128911333334,0.0024254878366666665,0.004653451833333334,0.0049381296,0.004782114536666666,0.004647352236666667,0.0039530217700000005,0.0038424869333333334,0.005315993393333333,0.004986318113333333,0.004548883556666666,0.004403374533333334,0.00460190194,0.004554808223333334,0.004204936766666666,0.004282180526666666,0.00475128685,0.0042987547,0.0045135637400000005,0.0028986156633333334,0.003765688346666667,0.004449455056666667
6,0.005684310033333333,0.005051724123333334,0.0034236648566666667,0.0023897290399999996,0.003937540486666667,0.0034824928399999995,3.973642999999999e-09,0.0022832254333333335,0.00331584208,0.0017731468,0.004365396596666666,0.0018761992533333333,0.00209447544,0.004225744700000001,0.00370233262,0.0022425214400000003,0.0024778703666666667,0.0018030246166666668,0.004075463533333334,0.004073735076666666,0.0044969319133333335,0.0034992496666666666,0.00476645233,0.0043282130333333335,0.0013495226733333332,0.0024486920133333337,0.0028265457066666668,0.002477695453333333,0.004438720006666666,0.00163125191,0.003832837043333334,0.0014350692533333334,0.0027003188266666667,0.005603249713333333,0.004665569600000001,0.0048447012133333335,0.0048387527,0.0011482775233333335,0.00468874773,0.0025215268100000003,0.0040983299266666665,0.0031769791133333335,0.004029611636666667,0.00422104002,0.0025657295266666665,0.0020806550866666663,0.005004111823333334,0.0036989390933333333,0.0025755921399999997,0.005316337053333333,0.0028250753,0.0036936859833333335,0.00194309154,0.0039594829066666665,0.0030005017866666663,0.0021064023233333335,0.00232858658,0.0042709431599999995,0.0013737301000000001,0.00391700465,0.00468874773,0.005684310033333333,0.002385886523333333,0.0025215268100000003,0.0040983299266666665,0.002307303846666666,0.004073735076666666,0.0031769791133333335,0.0044969319133333335,0.0034992496666666666,0.004029611636666667,0.005051724123333334,0.00237664789,0.0017081399666666666,0.0034236648566666667,0.0023897290399999996,0.00422104002,0.00476645233,0.0021954258133333334,0.003937540486666667,0.0034824928399999995,3.973642999999999e-09,0.0043282130333333335,0.0017633279033333333,0.0022832254333333335,0.0032530546000000002,0.0022621671,0.00331584208,0.0025657295266666665,0.0013495226733333332,0.002997275266666667,0.0035932420533333334,0.0017731468,0.0020806550866666663,0.0015436271766666666,0.005004111823333334,0.0024486920133333337,0.0036989390933333333,0.0025755921399999997,0.004365396596666666,0.0018761992533333333,0.005316337053333333,0.0031773686833333334,0.0029258509400000004,0.00209447544,0.0028265457066666668,0.0024709503333333336,0.002477695453333333,0.0028250753,0.004438720006666666,0.002779996353333334,0.004225744700000001,0.00370233262,0.0036936859833333335,0.00194309154,0.0022425214400000003,0.00163125191,0.0024778703666666667,0.003832837043333334,0.0014350692533333334,0.0018030246166666668,0.0039594829066666665,0.00319713559,0.0011499245466666664,0.004075463533333334,0.0027003188266666667,0.005603249713333333,0.0030005017866666663,0.0021064023233333335,0.004665569600000001,0.0048447012133333335,0.0048387527,0.0029653947599999997,0.00232858658,0.0011482775233333335,0.0042709431599999995,0.0013737301000000001,0.00391700465,0.002385886523333333,0.002307303846666666,0.00237664789,0.0017081399666666666,0.0021954258133333334,0.0017633279033333333,0.0032530546000000002,0.0022621671,0.002997275266666667,0.0035932420533333334,0.0015436271766666666,0.0031773686833333334,0.0029258509400000004,0.0024709503333333336,0.002779996353333334,0.00319713559,0.0011499245466666664,0.0029653947599999997
7,0.0048815271499999995,0.004510849746666668,0.0018992861266666668,0.0014839808133333336,0.005145126573333334,0.0027096370316666662,0.0022832254333333335,0.0,0.00357150833,0.0026404301266666668,0.0034771045533333335,0.0014970322533333334,0.002485074543333333,0.004529452433333333,0.005159747656666667,0.0024755616933333337,0.0035459339400000004,0.00058947404,0.004354922133333333,0.0038193523666666665,0.005308085683333334,0.0031201759,0.003528173753333334,0.0041941503566666665,0.0029313365100000002,0.0021059036399999997,0.003462634493333333,0.0017416020333333334,0.00347072684,0.0015696823066666666,0.0031559010700000006,0.0008736431566666667,0.0027935067166666664,0.004007073246666667,0.00428359496,0.004157713966666667,0.004301017606666667,0.0011781911433333334,0.006232937326666666,0.0013779322333333335,0.0039035777133333335,0.00405542453,0.00278089445,0.0030009230466666666,0.004039150423333334,0.002228552036666667,0.00478631473,0.004731682913333333,0.0029373983699999997,0.0053802511666666665,0.0026361465933333337,0.0022528073100000004,0.0032834310299999997,0.0040997326366666665,0.0028825481866666665,0.00288202169,0.0012380639766666666,0.0031490445733333336,0.00156400401,0.0035058478566666667,0.006232937326666666,0.0048815271499999995,0.0016544718966666665,0.0013779322333333335,0.0039035777133333335,0.0022607565166666665,0.0038193523666666665,0.00405542453,0.005308085683333334,0.0031201759,0.00278089445,0.004510849746666668,0.0019516626466666669,0.003452344666666667,0.0018992861266666668,0.0014839808133333336,0.0030009230466666666,0.003528173753333334,0.0033995073,0.005145126573333334,0.0027096370316666662,0.0022832254333333335,0.0041941503566666665,0.0018932064533333333,0.0,0.0032424488933333333,0.0018963237486666665,0.00357150833,0.004039150423333334,0.0029313365100000002,0.0020059506,0.0025366285666666667,0.0026404301266666668,0.002228552036666667,0.0021429916066666665,0.00478631473,0.0021059036399999997,0.004731682913333333,0.0029373983699999997,0.0034771045533333335,0.0014970322533333334,0.0053802511666666665,0.0019255022233333335,0.0039619227,0.002485074543333333,0.003462634493333333,0.0011563996566666668,0.0017416020333333334,0.0026361465933333337,0.00347072684,0.0027407010733333332,0.004529452433333333,0.005159747656666667,0.0022528073100000004,0.0032834310299999997,0.0024755616933333337,0.0015696823066666666,0.0035459339400000004,0.0031559010700000006,0.0008736431566666667,0.00058947404,0.0040997326366666665,0.0025773108166666663,0.0025899866566666666,0.004354922133333333,0.0027935067166666664,0.004007073246666667,0.0028825481866666665,0.00288202169,0.00428359496,0.004157713966666667,0.004301017606666667,0.0030382712333333335,0.0012380639766666666,0.0011781911433333334,0.0031490445733333336,0.00156400401,0.0035058478566666667,0.0016544718966666665,0.0022607565166666665,0.0019516626466666669,0.003452344666666667,0.0033995073,0.0018932064533333333,0.0032424488933333333,0.0018963237486666665,0.0020059506,0.0025366285666666667,0.0021429916066666665,0.0019255022233333335,0.0039619227,0.0011563996566666668,0.0027407010733333332,0.0025773108166666663,0.0025899866566666666,0.0030382712333333335
8,0.001556734233333333,0.0017893056033333333,0.004168339566666666,0.0050889095,0.0025173425866666667,0.0020307540799999997,0.00331584208,0.00357150833,0.0,0.0026061712566666662,0.0014252622966666665,0.002787528343333333,0.0013627628566666666,0.0009458780366666667,0.0026532947900000004,0.0019947747333333337,0.003351493583333333,0.0031889716533333333,0.0013194263133333333,0.0011867602599999999,0.003708428213333333,0.0019431750000000003,0.0015941023999999997,0.0014291465033333332,0.0022975881666666667,0.0013874848533333333,0.0022051533433333336,0.0015545706366666668,0.0016181865766666666,0.002443941383333333,0.0011815845866666667,0.0026861548666666664,0.0015937368199999999,0.0026970444933333334,0.0015824397533333334,0.0014293372566666666,0.0012649337266666667,0.0035209239333333334,0.005060424496666665,0.0034586111733333337,0.0010215361866666667,0.0015805204800000002,0.0024331093466666664,0.0034192781666666666,0.00206914145,0.002996397023333333,0.0020443717399999998,0.00349553624,0.0014452914933333334,0.0036091984,0.002349694466666667,0.001540919133333333,0.00277045765,0.0021893460666666665,0.002751777553333333,0.0028816402,0.004614613533333334,0.0021743914433333335,0.00388367575,0.002597665796666667,0.005060424496666665,0.001556734233333333,0.0036335666933333334,0.0034586111733333337,0.0010215361866666667,0.003037591883333333,0.0011867602599999999,0.0015805204800000002,0.003708428213333333,0.0019431750000000003,0.0024331093466666664,0.0017893056033333333,0.0024128238233333335,0.003232987833333333,0.004168339566666666,0.0050889095,0.0034192781666666666,0.0015941023999999997,0.0033440788566666668,0.0025173425866666667,0.0020307540799999997,0.00331584208,0.0014291465033333332,0.003934562306666666,0.00357150833,0.0021604816,0.0028280576099999994,0.0,0.00206914145,0.0022975881666666667,0.0033197264200000003,0.0034021118433333335,0.0026061712566666662,0.002996397023333333,0.0034565210233333333,0.0020443717399999998,0.0013874848533333333,0.00349553624,0.0014452914933333334,0.0014252622966666665,0.002787528343333333,0.0036091984,0.0031532883833333336,0.00222073188,0.0013627628566666666,0.0022051533433333336,0.003963826066666666,0.0015545706366666668,0.002349694466666667,0.0016181865766666666,0.0022903243133333335,0.0009458780366666667,0.0026532947900000004,0.001540919133333333,0.00277045765,0.0019947747333333337,0.002443941383333333,0.003351493583333333,0.0011815845866666667,0.0026861548666666664,0.0031889716533333333,0.0021893460666666665,0.00135663151,0.00317976668,0.0013194263133333333,0.0015937368199999999,0.0026970444933333334,0.002751777553333333,0.0028816402,0.0015824397533333334,0.0014293372566666666,0.0012649337266666667,0.002200241946666667,0.004614613533333334,0.0035209239333333334,0.0021743914433333335,0.00388367575,0.002597665796666667,0.0036335666933333334,0.003037591883333333,0.0024128238233333335,0.003232987833333333,0.0033440788566666668,0.003934562306666666,0.0021604816,0.0028280576099999994,0.0033197264200000003,0.0034021118433333335,0.0034565210233333333,0.0031532883833333336,0.00222073188,0.003963826066666666,0.0022903243133333335,0.00135663151,0.00317976668,0.002200241946666667
9,0.004995028266666667,0.004610456973333333,0.0024508217066666668,0.0032248636100000003,0.002251704643333333,0.0034754773599999997,0.0017731468,0.0026404301266666668,0.0026061712566666662,0.0,0.0035394410166666667,0.002254954893333333,0.0023061672799999998,0.002962215656666667,0.0033419190933333333,0.0020142157933333332,0.002717288343333333,0.00246928335,0.00269877722,0.00349709584,0.0032845955,0.0035339096133333333,0.004393281493333333,0.0036936025366666667,0.0013044079099999999,0.0027342935366666665,0.0027857383033333336,0.0021739582233333333,0.0042375943,0.00217564504,0.0027226467966666667,0.0025332946599999997,0.00251256237,0.005495913860000001,0.00400550564,0.00436042955,0.003972879933333334,0.0017595509266666665,0.0035531898533333332,0.0019639452766666665,0.00269737245,0.0015417675213333334,0.0033225496533333333,0.0030530412,0.001320409812,0.0015080054566666667,0.0038984456766666667,0.00275671891,0.0013560374466666666,0.004774564606666667,0.0011815250033333333,0.00311538771,0.0021349906833333333,0.003574140836666667,0.0024155278799999997,0.0020295560233333336,0.00320626101,0.0031513312733333332,0.0017474253900000001,0.0025614042866666663,0.0035531898533333332,0.004995028266666667,0.0022892217533333334,0.0019639452766666665,0.00269737245,0.0023141781366666663,0.00349709584,0.0015417675213333334,0.0032845955,0.0035339096133333333,0.0033225496533333333,0.004610456973333333,0.002331193276666666,0.0020424604046666668,0.0024508217066666668,0.0032248636100000003,0.0030530412,0.004393281493333333,0.0027070085333333336,0.002251704643333333,0.0034754773599999997,0.0017731468,0.0036936025366666667,0.002434893463333333,0.0026404301266666668,0.0028069873100000004,0.00200141468,0.0026061712566666662,0.001320409812,0.0013044079099999999,0.0026616553566666664,0.0033146181666666667,0.0,0.0015080054566666667,0.0021280050733333334,0.0038984456766666667,0.0027342935366666665,0.00275671891,0.0013560374466666666,0.0035394410166666667,0.002254954893333333,0.004774564606666667,0.002704785303333333,0.0024557193566666666,0.0023061672799999998,0.0027857383033333336,0.002316524563333333,0.0021739582233333333,0.0011815250033333333,0.0042375943,0.0021998207366666664,0.002962215656666667,0.0033419190933333333,0.00311538771,0.0021349906833333333,0.0020142157933333332,0.00217564504,0.002717288343333333,0.0027226467966666667,0.0025332946599999997,0.00246928335,0.003574140836666667,0.0026667256633333336,0.0017649868766666666,0.00269877722,0.00251256237,0.005495913860000001,0.0024155278799999997,0.0020295560233333336,0.00400550564,0.00436042955,0.003972879933333334,0.0026190062266666665,0.00320626101,0.0017595509266666665,0.0031513312733333332,0.0017474253900000001,0.0025614042866666663,0.0022892217533333334,0.0023141781366666663,0.002331193276666666,0.0020424604046666668,0.0027070085333333336,0.002434893463333333,0.0028069873100000004,0.00200141468,0.0026616553566666664,0.0033146181666666667,0.0021280050733333334,0.002704785303333333,0.0024557193566666666,0.002316524563333333,0.0021998207366666664,0.0026667256633333336,0.0017649868766666666,0.0026190062266666665
10,0.0010576387333333334,0.0017928461133333332,0.0035019318166666664,0.00561744955,0.0036063631533333335,0.0017540852233333332,0.004365396596666666,0.0034771045533333335,0.0014252622966666665,0.0035394410166666667,0.0,0.002971891523333333,0.0022995154100000003,0.002658440643333334,0.0036989132399999998,0.0030701676233333337,0.004646281576666666,0.0036612788713333336,0.002574056453333333,0.0018136044933333333,0.005523097439999999,0.0013957321533333332,0.0012041926333333335,0.0023687084366666666,0.003518257577666667,0.002314969,0.0022673586033333335,0.0023518880433333333,0.0007715701946666668,0.00290426815,0.0014329910166666665,0.0030230423233333337,0.0018481393633333334,0.00144315558,0.0016983250666666666,0.0014595349633333336,0.0017983794133333332,0.00442586148,0.004889098806666667,0.00340753596,0.0011488040746666665,0.002735944593333333,0.00170696574,0.00300729082,0.0035591682166666665,0.0031250715533333332,0.0027791101633333334,0.003369746592,0.0019691864683333334,0.0022771756233333335,0.0032866717466666666,0.0012050211566666667,0.0038470825783333334,0.0014746904333333333,0.00207523905,0.0024887939499999997,0.005179353338000001,0.001113647236666667,0.004697899146666667,0.00378524265,0.004889098806666667,0.0010576387333333334,0.004393937143333334,0.00340753596,0.0011488040746666665,0.004057780909999999,0.0018136044933333333,0.002735944593333333,0.005523097439999999,0.0013957321533333332,0.00170696574,0.0017928461133333332,0.003202537708,0.0036005418366666666,0.0035019318166666664,0.00561744955,0.00300729082,0.0012041926333333335,0.005009686786666667,0.0036063631533333335,0.0017540852233333332,0.004365396596666666,0.0023687084366666666,0.004907798626666667,0.0034771045533333335,0.00301802956,0.0037300448166666667,0.0014252622966666665,0.0035591682166666665,0.003518257577666667,0.003573200983333334,0.00341289839,0.0035394410166666667,0.0031250715533333332,0.00467645526,0.0027791101633333334,0.002314969,0.003369746592,0.0019691864683333334,0.0,0.002971891523333333,0.0022771756233333335,0.0033442259,0.004076109224333334,0.0022995154100000003,0.0022673586033333335,0.00451396123,0.0023518880433333333,0.0032866717466666666,0.0007715701946666668,0.0033079881366666667,0.002658440643333334,0.0036989132399999998,0.0012050211566666667,0.0038470825783333334,0.0030701676233333337,0.00290426815,0.004646281576666666,0.0014329910166666665,0.0030230423233333337,0.0036612788713333336,0.0014746904333333333,0.00175786416,0.004453068736666666,0.002574056453333333,0.0018481393633333334,0.00144315558,0.00207523905,0.0024887939499999997,0.0016983250666666666,0.0014595349633333336,0.0017983794133333332,0.002998383813333333,0.005179353338000001,0.00442586148,0.001113647236666667,0.004697899146666667,0.00378524265,0.004393937143333334,0.004057780909999999,0.003202537708,0.0036005418366666666,0.005009686786666667,0.004907798626666667,0.00301802956,0.0037300448166666667,0.003573200983333334,0.00341289839,0.00467645526,0.0033442259,0.004076109224333334,0.00451396123,0.0033079881366666667,0.00175786416,0.004453068736666666,0.002998383813333333
11,0.004081551266666666,0.0031710107233333335,0.003093308156666667,0.00143632888,0.005189583823333332,0.0034505189066666663,0.0018761992533333333,0.0014970322533333334,0.002787528343333333,0.002254954893333333,0.002971891523333333,3.973642999999999e-09,0.0014243980166666669,0.003626102206666667,0.005138947583333333,0.002461258586666667,0.0033045133100000003,0.0009430011166666666,0.0031391600666666663,0.0029596130466666665,0.004935046073333334,0.0028656264,0.00333093406,0.002851895446666667,0.0026558261266666663,0.0020197312333333334,0.0036255816200000002,0.0018856485699999999,0.0028905510533333337,0.001985879733333333,0.00333491962,0.0014962832,0.0030404350366666664,0.00443341332,0.0028705757,0.003025239623333333,0.0031552592233333333,0.0011663873899999998,0.006343360756666666,0.0018994072733333335,0.0028893191666666666,0.00297719047,0.0021566668366666667,0.0037331899,0.0033193150666666667,0.0022164303933333335,0.0032434602666666663,0.0047976493033333335,0.0017609357766666669,0.004393333166666667,0.00270164798,0.0022735694866666666,0.00279225698,0.0028673529199999995,0.00224989255,0.00256434472,0.0012654264766666667,0.002907884133333333,0.0012689749333333333,0.0029301047766666665,0.006343360756666666,0.004081551266666666,0.0010010322,0.0018994072733333335,0.0028893191666666666,0.0010389129299999999,0.0029596130466666665,0.00297719047,0.004935046073333334,0.0028656264,0.0021566668366666667,0.0031710107233333335,0.0007278939200000001,0.0030099432666666668,0.003093308156666667,0.00143632888,0.0037331899,0.00333093406,0.002627511843333333,0.005189583823333332,0.0034505189066666663,0.0018761992533333333,0.002851895446666667,0.0011019230033333335,0.0014970322533333334,0.0015246828833333332,0.0011206726033333335,0.002787528343333333,0.0033193150666666667,0.0026558261266666663,0.0009473264133333333,0.00119287968,0.002254954893333333,0.0022164303933333335,0.0013540605566666664,0.0032434602666666663,0.0020197312333333334,0.0047976493033333335,0.0017609357766666669,0.002971891523333333,3.973642999999999e-09,0.004393333166666667,0.0010697762233333333,0.00290795358,0.0014243980166666669,0.0036255816200000002,0.0011532743633333334,0.0018856485699999999,0.00270164798,0.0028905510533333337,0.0013791402200000003,0.003626102206666667,0.005138947583333333,0.0022735694866666666,0.00279225698,0.002461258586666667,0.001985879733333333,0.0033045133100000003,0.00333491962,0.0014962832,0.0009430011166666666,0.0028673529199999995,0.0016405344100000002,0.0019493043333333334,0.0031391600666666663,0.0030404350366666664,0.00443341332,0.00224989255,0.00256434472,0.0028705757,0.003025239623333333,0.0031552592233333333,0.00162385901,0.0012654264766666667,0.0011663873899999998,0.002907884133333333,0.0012689749333333333,0.0029301047766666665,0.0010010322,0.0010389129299999999,0.0007278939200000001,0.0030099432666666668,0.002627511843333333,0.0011019230033333335,0.0015246828833333332,0.0011206726033333335,0.0009473264133333333,0.00119287968,0.0013540605566666664,0.0010697762233333333,0.00290795358,0.0011532743633333334,0.0013791402200000003,0.0016405344100000002,0.0019493043333333334,0.00162385901
