,omer_02.jpg,tal_05.jpg,omer_07.jpg,tal_06.jpg,omer_06.jpg,omer_08.jpg,tal_01.jpg,omer_03.jpg,tal_07.jpg,tal_03.jpg,omer_04.jpg,omer_10.jpg,tal_09.jpg,tal_02.jpg,tal_08.jpg,omer_09.jpg,tal_10.jpg,omer_05.jpg,tal_04.jpg,matt_04.jpg,dom_10.jpg,dom_05.jpg,matt_08.jpg,dom_04.jpg,matt_02.jpg,matt_07.jpg,matt_06.jpg,matt_05.jpg,dom_07.jpg,dom_03.jpg,matt_03.jpg,matt_01.jpg,dom_06.jpg,matt_10.jpg,dom_01.jpg,dom_09.jpg,matt_09.jpg,dom_02.jpg,tess_03.jpg,taz_06.jpg,taz_04.jpg,taz_03.jpg,tess_01.jpg,tess_07.jpg,tess_05.jpg,taz_05.jpg,tess_02.jpg,tess_09.jpg,tess_06.jpg,taz_07.jpg,taz_02.jpg,tess_04.jpg,taz_09.jpg,tess_08.jpg,taz_08.jpg,taz_01.jpg,tess_10.jpg,taz_10.jpg,marina_07.jpg,tamar_04.jpg,tess_03.jpg.1,omer_02.jpg.1,marina_04.jpg,taz_06.jpg.1,taz_04.jpg.1,marina_01.jpg,matt_04.jpg.1,taz_03.jpg.1,dom_10.jpg.1,dom_05.jpg.1,tess_01.jpg.1,tal_05.jpg.1,marina_06.jpg,tamar_09.jpg,omer_07.jpg.1,tal_06.jpg.1,tess_07.jpg.1,matt_08.jpg.1,marina_08.jpg,omer_06.jpg.1,omer_08.jpg.1,tal_01.jpg.1,dom_04.jpg.1,tamar_10.jpg,omer_03.jpg.1,tamar_02.jpg,tamar_05.jpg,tal_07.jpg.1,tess_05.jpg.1,matt_02.jpg.1,tamar_07.jpg,tamar_03.jpg,tal_03.jpg.1,taz_05.jpg.1,marina_09.jpg,tess_02.jpg.1,matt_07.jpg.1,tess_09.jpg.1,tess_06.jpg.1,omer_04.jpg.1,omer_10.jpg.1,taz_07.jpg.1,tamar_01.jpg,marina_10.jpg,tal_09.jpg.1,matt_06.jpg.1,tamar_06.jpg,matt_05.jpg.1,taz_02.jpg.1,dom_07.jpg.1,marina_05.jpg,tal_02.jpg.1,tal_08.jpg.1,tess_04.jpg.1,taz_09.jpg.1,omer_09.jpg.1,dom_03.jpg.1,tal_10.jpg.1,matt_03.jpg.1,matt_01.jpg.1,omer_05.jpg.1,tess_08.jpg.1,marina_02.jpg,marina_03.jpg,tal_04.jpg.1,dom_06.jpg.1,matt_10.jpg.1,taz_08.jpg.1,taz_01.jpg.1,dom_01.jpg.1,dom_09.jpg.1,matt_09.jpg.1,tamar_08.jpg,tess_10.jpg.1,dom_02.jpg.1,taz_10.jpg.1,marina_07.jpg.1,tamar_04.jpg.1,marina_04.jpg.1,marina_01.jpg.1,marina_06.jpg.1,tamar_09.jpg.1,marina_08.jpg.1,tamar_10.jpg.1,tamar_02.jpg.1,tamar_05.jpg.1,tamar_07.jpg.1,tamar_03.jpg.1,marina_09.jpg.1,tamar_01.jpg.1,marina_10.jpg.1,tamar_06.jpg.1,marina_05.jpg.1,marina_02.jpg.1,marina_03.jpg.1,tamar_08.jpg.1
0,3.973642999999999e-09,0.021463889000000003,0.009677362666666666,0.016249271,0.00524743,0.007944391333333333,0.013835865333333334,0.014084408666666666,0.004915030833333334,0.01683750966666667,0.0018836180333333332,0.016200635666666668,0.020732077,0.0029919366000000004,0.006153289333333334,0.010353450000000002,0.011854877000000002,0.014258579666666667,0.006015103999999999,0.0032561381666666666,0.005096733466666667,0.014427137666666668,0.008926528666666666,0.009337381666666667,0.009931729,0.021083803999999998,0.004515139333333334,0.008666201333333335,0.016376483333333334,0.0073794942,0.005626765833333334,0.017761238333333332,0.0059870442,0.005292270466666667,0.004325082,0.003665604066666667,0.007197820999999999,0.013508651666666668,0.005730372666666666,0.012323117333333333,0.010786301,0.007979780666666667,0.009322740666666666,0.009214679333333335,0.010187439,0.010033446666666668,0.007601475666666666,0.004957828833333333,0.012462045666666666,0.006513333333333333,0.014146737333333333,0.018724952333333333,0.009521680666666666,0.006805660333333334,0.007592644333333333,0.010542166333333332,0.018326102,0.0065780898,0.013381421666666667,0.006949335333333333,0.005730372666666666,3.973642999999999e-09,0.014327655333333333,0.012323117333333333,0.010786301,0.018674125333333333,0.0032561381666666666,0.007979780666666667,0.005096733466666667,0.014427137666666668,0.009322740666666666,0.021463889000000003,0.01662509233333333,0.0043780684999999995,0.009677362666666666,0.016249271,0.009214679333333335,0.008926528666666666,0.011705913333333333,0.00524743,0.007944391333333333,0.013835865333333334,0.009337381666666667,0.015158152333333334,0.014084408666666666,0.010013437333333335,0.016255152333333335,0.004915030833333334,0.010187439,0.009931729,0.010304315999999999,0.013295883,0.01683750966666667,0.010033446666666668,0.014852704666666666,0.007601475666666666,0.021083803999999998,0.004957828833333333,0.012462045666666666,0.0018836180333333332,0.016200635666666668,0.006513333333333333,0.014965698999999999,0.01050271,0.020732077,0.004515139333333334,0.016011534333333334,0.008666201333333335,0.014146737333333333,0.016376483333333334,0.012549293333333333,0.0029919366000000004,0.006153289333333334,0.018724952333333333,0.009521680666666666,0.010353450000000002,0.0073794942,0.011854877000000002,0.005626765833333334,0.017761238333333332,0.014258579666666667,0.006805660333333334,0.018135100666666668,0.010452554333333334,0.006015103999999999,0.0059870442,0.005292270466666667,0.007592644333333333,0.010542166333333332,0.004325082,0.003665604066666667,0.007197820999999999,0.010818658333333335,0.018326102,0.013508651666666668,0.0065780898,0.013381421666666667,0.006949335333333333,0.014327655333333333,0.018674125333333333,0.01662509233333333,0.0043780684999999995,0.011705913333333333,0.015158152333333334,0.010013437333333335,0.016255152333333335,0.010304315999999999,0.013295883,0.014852704666666666,0.014965698999999999,0.01050271,0.016011534333333334,0.012549293333333333,0.018135100666666668,0.010452554333333334,0.010818658333333335
1,0.021463889000000003,7.947285999999998e-09,0.024580542,0.019080404333333335,0.025633738666666666,0.022183547333333335,0.023034469,0.018871186,0.024715471333333332,0.014633963333333333,0.020883572000000003,0.007743138,0.004963866833333333,0.019242010333333334,0.02633536666666667,0.024164244999999997,0.02421696,0.018440787,0.019540409333333335,0.020243116000000002,0.024422786666666665,0.02703074533333333,0.017072385333333332,0.007711112333333334,0.021138735999999995,0.011742697133333334,0.026244286666666665,0.026105320666666664,0.022787295,0.023108236,0.024829284000000004,0.022040738666666667,0.02573716033333333,0.026599894,0.018016393999999998,0.019752472666666666,0.018025706333333332,0.019845646333333335,0.026042487,0.017810841,0.009832924666666666,0.020921234333333334,0.019338733,0.02738299366666667,0.021966496666666665,0.025091316666666665,0.013452440166666664,0.025535871666666664,0.017812019666666665,0.025816470333333334,0.012997224,0.017978787333333336,0.024574043333333333,0.026190438333333337,0.027120173,0.024446340666666667,0.017240263999999998,0.025004267666666666,0.02376654933333333,0.024134832333333335,0.026042487,0.021463889000000003,0.017504773666666664,0.017810841,0.009832924666666666,0.015173648,0.020243116000000002,0.020921234333333334,0.024422786666666665,0.02703074533333333,0.019338733,7.947285999999998e-09,0.009123909500000001,0.021678191333333333,0.024580542,0.019080404333333335,0.02738299366666667,0.017072385333333332,0.023089234000000004,0.025633738666666666,0.022183547333333335,0.023034469,0.007711112333333334,0.017344602,0.018871186,0.015893991666666666,0.013175986333333334,0.024715471333333332,0.021966496666666665,0.021138735999999995,0.02128074166666667,0.018665144666666668,0.014633963333333333,0.025091316666666665,0.016607014333333333,0.013452440166666664,0.011742697133333334,0.025535871666666664,0.017812019666666665,0.020883572000000003,0.007743138,0.025816470333333334,0.013559154666666667,0.015383963,0.004963866833333333,0.026244286666666665,0.016622290666666664,0.026105320666666664,0.012997224,0.022787295,0.017513108333333336,0.019242010333333334,0.02633536666666667,0.017978787333333336,0.024574043333333333,0.024164244999999997,0.023108236,0.02421696,0.024829284000000004,0.022040738666666667,0.018440787,0.026190438333333337,0.007788250666666666,0.025081002666666668,0.019540409333333335,0.02573716033333333,0.026599894,0.027120173,0.024446340666666667,0.018016393999999998,0.019752472666666666,0.018025706333333332,0.018235510666666666,0.017240263999999998,0.019845646333333335,0.025004267666666666,0.02376654933333333,0.024134832333333335,0.017504773666666664,0.015173648,0.009123909500000001,0.021678191333333333,0.023089234000000004,0.017344602,0.015893991666666666,0.013175986333333334,0.02128074166666667,0.018665144666666668,0.016607014333333333,0.013559154666666667,0.015383963,0.016622290666666664,0.017513108333333336,0.007788250666666666,0.025081002666666668,0.018235510666666666
2,0.009677362666666666,0.024580542,5.960464333333333e-09,0.007714138333333333,0.0031958083333333337,0.0055458983333333345,0.012442630333333335,0.008613801,0.0061336675,0.011668831,0.008478562,0.019326301333333334,0.024630442666666665,0.008144265333333334,0.004219641266666667,0.0030312877000000004,0.0023273189666666665,0.009243723,0.0045476019,0.006609865,0.0032332202,0.013943632333333334,0.020326147333333332,0.016469721,0.004967025900000001,0.024226043666666666,0.005494781333333334,0.009967086666666665,0.022005236,0.016049852,0.004969068333333334,0.01996271366666667,0.008930327666666666,0.009267121666666666,0.008448376166666667,0.0072317898333333335,0.010947306666666667,0.005824182433333333,0.002503703033333333,0.009092428000000001,0.01676767666666667,0.0041213890000000005,0.004826678866666667,0.013910275666666666,0.004376532666666667,0.0031830211333333334,0.010217106333333333,0.0028925954999999997,0.007714070833333334,0.003898896866666666,0.011477430666666667,0.022979946666666664,0.002403003,0.007660949333333333,0.0026137053333333336,0.0029034178,0.014142271000000001,0.0061396578,0.0030270178999999998,0.0020677844,0.002503703033333333,0.009677362666666666,0.007545632333333333,0.009092428000000001,0.01676767666666667,0.013521013666666666,0.006609865,0.0041213890000000005,0.0032332202,0.013943632333333334,0.004826678866666667,0.024580542,0.01767607733333333,0.007024508666666667,5.960464333333333e-09,0.007714138333333333,0.013910275666666666,0.020326147333333332,0.0036907037000000003,0.0031958083333333337,0.0055458983333333345,0.012442630333333335,0.016469721,0.009494332666666666,0.008613801,0.007435679333333334,0.012951668333333333,0.0061336675,0.004376532666666667,0.004967025900000001,0.0032265503333333335,0.005865188499999999,0.011668831,0.0031830211333333334,0.017932303666666663,0.010217106333333333,0.024226043666666666,0.0028925954999999997,0.007714070833333334,0.008478562,0.019326301333333334,0.003898896866666666,0.011650252333333333,0.011781657000000001,0.024630442666666665,0.005494781333333334,0.010397595333333334,0.009967086666666665,0.011477430666666667,0.022005236,0.0067273218333333325,0.008144265333333334,0.004219641266666667,0.022979946666666664,0.002403003,0.0030312877000000004,0.016049852,0.0023273189666666665,0.004969068333333334,0.01996271366666667,0.009243723,0.007660949333333333,0.021505302,0.0015799800666666667,0.0045476019,0.008930327666666666,0.009267121666666666,0.0026137053333333336,0.0029034178,0.008448376166666667,0.0072317898333333335,0.010947306666666667,0.005793039,0.014142271000000001,0.005824182433333333,0.0061396578,0.0030270178999999998,0.0020677844,0.007545632333333333,0.013521013666666666,0.01767607733333333,0.007024508666666667,0.0036907037000000003,0.009494332666666666,0.007435679333333334,0.012951668333333333,0.0032265503333333335,0.005865188499999999,0.017932303666666663,0.011650252333333333,0.011781657000000001,0.010397595333333334,0.0067273218333333325,0.021505302,0.0015799800666666667,0.005793039
3,0.016249271,0.019080404333333335,0.007714138333333333,0.0,0.011681088,0.011402422333333332,0.014354360333333335,0.0052922985,0.015326836,0.006491096799999999,0.015961192666666665,0.012302613333333334,0.016616469666666668,0.013952584999999998,0.014293271333333333,0.008176108,0.007399553,0.0044470509,0.010872704,0.012680037666666666,0.010757226,0.022307314,0.022865633333333336,0.015681409666666667,0.0071266609999999985,0.018164175666666667,0.014686165333333334,0.01906085366666667,0.026827315333333334,0.018782639666666667,0.014678386666666666,0.019725497666666668,0.018568376666666667,0.019530687666666664,0.013917591000000002,0.013450558999999999,0.016782927333333333,0.0039676585666666665,0.011949837333333333,0.006781550333333333,0.016529155,0.009156771333333334,0.0070547940000000005,0.022747908,0.0072484512000000004,0.010152562666666667,0.012664755333333333,0.012141102333333332,0.0063608706,0.013806029333333332,0.007977616666666666,0.023176932333333334,0.008335113333333333,0.017643893333333334,0.011813380333333335,0.009684747333333332,0.0036202928,0.015560386666666667,0.0055016895,0.009649769666666667,0.011949837333333333,0.016249271,0.0025938570333333332,0.006781550333333333,0.016529155,0.005364181666666666,0.012680037666666666,0.009156771333333334,0.010757226,0.022307314,0.0070547940000000005,0.019080404333333335,0.008646486,0.012111159000000002,0.007714138333333333,0.0,0.022747908,0.022865633333333336,0.006264686666666667,0.011681088,0.011402422333333332,0.014354360333333335,0.015681409666666667,0.0030809541999999995,0.0052922985,0.007266604833333334,0.004866379466666667,0.015326836,0.0072484512000000004,0.0071266609999999985,0.005737292866666666,0.0042654256,0.006491096799999999,0.010152562666666667,0.012778969666666666,0.012664755333333333,0.018164175666666667,0.012141102333333332,0.0063608706,0.015961192666666665,0.012302613333333334,0.013806029333333332,0.005422985666666667,0.009532199333333333,0.016616469666666668,0.014686165333333334,0.0037053446666666665,0.01906085366666667,0.007977616666666666,0.026827315333333334,0.005182067666666667,0.013952584999999998,0.014293271333333333,0.023176932333333334,0.008335113333333333,0.008176108,0.018782639666666667,0.007399553,0.014678386666666666,0.019725497666666668,0.0044470509,0.017643893333333334,0.015266179999999999,0.008674886,0.010872704,0.018568376666666667,0.019530687666666664,0.011813380333333335,0.009684747333333332,0.013917591000000002,0.013450558999999999,0.016782927333333333,0.005987286666666667,0.0036202928,0.0039676585666666665,0.015560386666666667,0.0055016895,0.009649769666666667,0.0025938570333333332,0.005364181666666666,0.008646486,0.012111159000000002,0.006264686666666667,0.0030809541999999995,0.007266604833333334,0.004866379466666667,0.005737292866666666,0.0042654256,0.012778969666666666,0.005422985666666667,0.009532199333333333,0.0037053446666666665,0.005182067666666667,0.015266179999999999,0.008674886,0.005987286666666667
4,0.00524743,0.025633738666666666,0.0031958083333333337,0.011681088,1.9868214999999996e-09,0.006148529,0.010239267333333333,0.012070389666666665,0.0047898153999999995,0.01486485,0.005451597666666667,0.019867392333333334,0.025204593,0.0059895675,0.0027037263,0.0037223041333333336,0.005048014666666667,0.012789738333333333,0.004671374933333333,0.0047535399,0.002504555333333333,0.013214999333333333,0.01567709633333333,0.015337155333333333,0.004654966,0.022838290666666664,0.0026136080333333334,0.007706071666666667,0.020381676999999997,0.011594365,0.0039822379666666664,0.019235897000000002,0.006810114666666667,0.006422249666666667,0.007052391666666667,0.005739635233333333,0.009745425,0.009194131666666668,0.0012046595433333335,0.011175753666666666,0.01626673533333333,0.005498135,0.0068948885,0.011283890333333334,0.005921876500000001,0.005097828333333334,0.009938383333333333,0.0019140362666666669,0.010335254666666665,0.0028017302333333337,0.014360290666666668,0.022375993,0.004311804,0.006011275333333333,0.0023439784666666667,0.004985724,0.017469181666666667,0.0049370031333333345,0.006270683,0.0026781519,0.0012046595433333335,0.00524743,0.011393354333333333,0.011175753666666666,0.01626673533333333,0.016655807,0.0047535399,0.005498135,0.002504555333333333,0.013214999333333333,0.0068948885,0.025633738666666666,0.019534212333333332,0.004353829233333334,0.0031958083333333337,0.011681088,0.011283890333333334,0.01567709633333333,0.0055781125,1.9868214999999996e-09,0.006148529,0.010239267333333333,0.015337155333333333,0.012870786666666667,0.012070389666666665,0.009183719,0.016023477,0.0047898153999999995,0.005921876500000001,0.004654966,0.0059855262,0.009688637666666666,0.01486485,0.005097828333333334,0.016113001000000002,0.009938383333333333,0.022838290666666664,0.0019140362666666669,0.010335254666666665,0.005451597666666667,0.019867392333333334,0.0028017302333333337,0.014929971999999998,0.011085148666666666,0.025204593,0.0026136080333333334,0.014285012000000001,0.007706071666666667,0.014360290666666668,0.020381676999999997,0.009734149999999999,0.0059895675,0.0027037263,0.022375993,0.004311804,0.0037223041333333336,0.011594365,0.005048014666666667,0.0039822379666666664,0.019235897000000002,0.012789738333333333,0.006011275333333333,0.021731023000000002,0.0034017125666666666,0.004671374933333333,0.006810114666666667,0.006422249666666667,0.0023439784666666667,0.004985724,0.007052391666666667,0.005739635233333333,0.009745425,0.008079991666666666,0.017469181666666667,0.009194131666666668,0.0049370031333333345,0.006270683,0.0026781519,0.011393354333333333,0.016655807,0.019534212333333332,0.004353829233333334,0.0055781125,0.012870786666666667,0.009183719,0.016023477,0.0059855262,0.009688637666666666,0.016113001000000002,0.014929971999999998,0.011085148666666666,0.014285012000000001,0.009734149999999999,0.021731023000000002,0.0034017125666666666,0.008079991666666666
5,0.007944391333333333,0.022183547333333335,0.0055458983333333345,0.011402422333333332,0.006148529,1.9868214999999996e-09,0.008813621666666667,0.006839430333333333,0.006688183666666667,0.0129442392,0.005484873033333334,0.015772525333333336,0.020106454666666666,0.007975159,0.006129370166666666,0.007409936133333334,0.007603321333333333,0.008512018199999999,0.006965460333333334,0.007373823833333334,0.007622996666666667,0.010056621,0.012472786666666668,0.013922296,0.007873062333333333,0.01858154533333333,0.005107504166666666,0.007133603,0.014055442666666666,0.008918954866666665,0.005862943333333333,0.011387586666666668,0.007502653166666667,0.007407909533333332,0.008421291999999999,0.007950798666666667,0.009652954333333333,0.006914683166666667,0.005354549333333333,0.009796021333333333,0.012045846666666667,0.009052185333333332,0.008273073,0.009206338666666668,0.009843369466666666,0.0052511473333333334,0.011145413,0.005591241666666667,0.011058131666666667,0.005656762833333333,0.012510555999999999,0.014551190666666665,0.008370093333333333,0.007003827666666666,0.007254155533333333,0.007081971333333333,0.014123265,0.005791932333333333,0.009768744333333334,0.007170760666666666,0.005354549333333333,0.007944391333333333,0.011861332333333334,0.009796021333333333,0.012045846666666667,0.017999448333333334,0.007373823833333334,0.009052185333333332,0.007622996666666667,0.010056621,0.008273073,0.022183547333333335,0.016465634,0.005184090000000001,0.0055458983333333345,0.011402422333333332,0.009206338666666668,0.012472786666666668,0.009518319333333332,0.006148529,1.9868214999999996e-09,0.008813621666666667,0.013922296,0.012789819666666667,0.006839430333333333,0.011719236666666666,0.013391256333333334,0.006688183666666667,0.009843369466666666,0.007873062333333333,0.008682534999999998,0.011274111333333333,0.0129442392,0.0052511473333333334,0.01342512,0.011145413,0.01858154533333333,0.005591241666666667,0.011058131666666667,0.005484873033333334,0.015772525333333336,0.005656762833333333,0.012380884,0.014183928333333333,0.020106454666666666,0.005107504166666666,0.012454746333333332,0.007133603,0.012510555999999999,0.014055442666666666,0.012019439666666666,0.007975159,0.006129370166666666,0.014551190666666665,0.008370093333333333,0.007409936133333334,0.008918954866666665,0.007603321333333333,0.005862943333333333,0.011387586666666668,0.008512018199999999,0.007003827666666666,0.016146781,0.006127188466666667,0.006965460333333334,0.007502653166666667,0.007407909533333332,0.007254155533333333,0.007081971333333333,0.008421291999999999,0.007950798666666667,0.009652954333333333,0.010902653,0.014123265,0.006914683166666667,0.005791932333333333,0.009768744333333334,0.007170760666666666,0.011861332333333334,0.017999448333333334,0.016465634,0.005184090000000001,0.009518319333333332,0.012789819666666667,0.011719236666666666,0.013391256333333334,0.008682534999999998,0.011274111333333333,0.01342512,0.012380884,0.014183928333333333,0.012454746333333332,0.012019439666666666,0.016146781,0.006127188466666667,0.010902653
6,0.013835865333333334,0.023034469,0.012442630333333335,0.014354360333333335,0.010239267333333333,0.008813621666666667,1.9868214999999996e-09,0.010672445999999999,0.014653162333333332,0.01651050466666667,0.012185693000000001,0.015963838999999997,0.019791720333333332,0.015178167666666667,0.010824554999999998,0.010437689,0.012410084333333333,0.013447910799999999,0.014474938333333333,0.014737450999999997,0.015358412333333333,0.0102663695,0.012769681333333335,0.017476185333333335,0.009651636999999998,0.013788201333333335,0.009539014,0.010022415666666666,0.016480287333333333,0.010829395,0.014004312,0.008530171666666666,0.013928393666666667,0.013191368,0.01566043933333333,0.015863965,0.016139628666666666,0.009204145333333334,0.011046856333333332,0.013184287333333333,0.015510982333333334,0.017167316,0.01661643,0.012273379333333334,0.01715708566666667,0.011490482333333333,0.016804441,0.012422961,0.018020000333333334,0.011598612666666668,0.017051362666666667,0.012969100333333334,0.016629378,0.012024746333333333,0.014549940666666667,0.012715109,0.016258935666666665,0.010708145333333334,0.014935358333333334,0.014991812,0.011046856333333332,0.013835865333333334,0.016659738666666667,0.013184287333333333,0.015510982333333334,0.021633070666666664,0.014737450999999997,0.017167316,0.015358412333333333,0.0102663695,0.01661643,0.023034469,0.018607051666666666,0.008909758,0.012442630333333335,0.014354360333333335,0.012273379333333334,0.012769681333333335,0.013971322999999999,0.010239267333333333,0.008813621666666667,1.9868214999999996e-09,0.017476185333333335,0.016601173,0.010672445999999999,0.018451943000000002,0.015664744333333334,0.014653162333333332,0.01715708566666667,0.009651636999999998,0.01559339,0.018189680666666663,0.01651050466666667,0.011490482333333333,0.011182719666666667,0.016804441,0.013788201333333335,0.012422961,0.018020000333333334,0.012185693000000001,0.015963838999999997,0.011598612666666668,0.016329805,0.016950521666666666,0.019791720333333332,0.009539014,0.016230420333333332,0.010022415666666666,0.017051362666666667,0.016480287333333333,0.018302762333333333,0.015178167666666667,0.010824554999999998,0.012969100333333334,0.016629378,0.010437689,0.010829395,0.012410084333333333,0.014004312,0.008530171666666666,0.013447910799999999,0.012024746333333333,0.014058532333333333,0.010393409,0.014474938333333333,0.013928393666666667,0.013191368,0.014549940666666667,0.012715109,0.01566043933333333,0.015863965,0.016139628666666666,0.01790483166666667,0.016258935666666665,0.009204145333333334,0.010708145333333334,0.014935358333333334,0.014991812,0.016659738666666667,0.021633070666666664,0.018607051666666666,0.008909758,0.013971322999999999,0.016601173,0.018451943000000002,0.015664744333333334,0.01559339,0.018189680666666663,0.011182719666666667,0.016329805,0.016950521666666666,0.016230420333333332,0.018302762333333333,0.014058532333333333,0.010393409,0.01790483166666667
7,0.014084408666666666,0.018871186,0.008613801,0.0052922985,0.012070389666666665,0.006839430333333333,0.010672445999999999,3.973642999999999e-09,0.011859067333333332,0.008646662833333334,0.011938859999999999,0.010529214,0.014680012333333332,0.012749602333333332,0.012459435,0.010039846,0.009533938,0.0020448426333333335,0.010672833666666666,0.011473608,0.012705435333333332,0.013983058666666666,0.016810762666666666,0.015158633333333334,0.009133098666666667,0.015825645333333332,0.012562002666666667,0.012150404666666666,0.016070002333333337,0.014208765666666666,0.011380426333333334,0.009902344333333334,0.013925161,0.014422873333333334,0.011610305333333333,0.011835746000000001,0.012734908,0.0029191235666666667,0.011659435333333334,0.0049396475,0.012278034333333333,0.010905490333333333,0.00940211,0.015292825,0.011444787333333335,0.008086462666666665,0.012931752,0.011511550333333335,0.011103757333333334,0.011982577999999999,0.007748852333333333,0.013891522,0.011228847333333332,0.013936873333333332,0.012609853333333334,0.009852528666666667,0.005471871333333334,0.011827365666666667,0.009912039666666667,0.011144558666666667,0.011659435333333334,0.014084408666666666,0.0058292429,0.0049396475,0.012278034333333333,0.012803294333333333,0.011473608,0.010905490333333333,0.012705435333333332,0.013983058666666666,0.00940211,0.018871186,0.009118918666666666,0.009154971666666668,0.008613801,0.0052922985,0.015292825,0.016810762666666666,0.010510603333333333,0.012070389666666665,0.006839430333333333,0.010672445999999999,0.015158633333333334,0.0062179029999999995,3.973642999999999e-09,0.010502418000000001,0.005154824166666666,0.011859067333333332,0.011444787333333335,0.009133098666666667,0.008054498833333333,0.008615309,0.008646662833333334,0.008086462666666665,0.012386606,0.012931752,0.015825645333333332,0.011511550333333335,0.011103757333333334,0.011938859999999999,0.010529214,0.011982577999999999,0.005367690333333333,0.014107746,0.014680012333333332,0.012562002666666667,0.005258665466666667,0.012150404666666666,0.007748852333333333,0.016070002333333337,0.009432945500000001,0.012749602333333332,0.012459435,0.013891522,0.011228847333333332,0.010039846,0.014208765666666666,0.009533938,0.011380426333333334,0.009902344333333334,0.0020448426333333335,0.013936873333333332,0.01139403,0.008885236666666666,0.010672833666666666,0.013925161,0.014422873333333334,0.012609853333333334,0.009852528666666667,0.011610305333333333,0.011835746000000001,0.012734908,0.010010749000000001,0.005471871333333334,0.0029191235666666667,0.011827365666666667,0.009912039666666667,0.011144558666666667,0.0058292429,0.012803294333333333,0.009118918666666666,0.009154971666666668,0.010510603333333333,0.0062179029999999995,0.010502418000000001,0.005154824166666666,0.008054498833333333,0.008615309,0.012386606,0.005367690333333333,0.014107746,0.005258665466666667,0.009432945500000001,0.01139403,0.008885236666666666,0.010010749000000001
8,0.004915030833333334,0.024715471333333332,0.0061336675,0.015326836,0.0047898153999999995,0.006688183666666667,0.014653162333333332,0.011859067333333332,0.0,0.0165007075,0.0037214399333333334,0.019810863333333335,0.02421292066666667,0.003738190666666667,0.0028601150000000003,0.00921911,0.009074457666666667,0.012401809333333335,0.0036155899333333336,0.0027162115,0.0047154406,0.008754293,0.014961592333333332,0.014711296666666668,0.0090464572,0.025640044000000004,0.0055681408666666665,0.0038241226666666664,0.012365689000000001,0.014139443666666668,0.0010630945333333333,0.01671559066666667,0.0029895782666666667,0.0024851898333333334,0.003209795566666667,0.002757084366666667,0.004466611133333334,0.009978777333333333,0.0043087045,0.009677382333333335,0.012873768666666667,0.005156636233333334,0.008022020333333333,0.006889569833333333,0.009544374500000001,0.004144404333333334,0.00859766,0.0032534440666666664,0.012813623666666666,0.0027535835999999998,0.013687807333333331,0.018209382,0.006921060666666667,0.003361368066666667,0.0036642491999999997,0.005304716033333333,0.018510184666666665,0.003330832733333333,0.010802044333333333,0.003970968733333333,0.0043087045,0.004915030833333334,0.012441017,0.009677382333333335,0.012873768666666667,0.020439164000000003,0.0027162115,0.005156636233333334,0.0047154406,0.008754293,0.008022020333333333,0.024715471333333332,0.018824569666666666,0.004584038333333333,0.0061336675,0.015326836,0.006889569833333333,0.014961592333333332,0.010931849333333334,0.0047898153999999995,0.006688183666666667,0.014653162333333332,0.014711296666666668,0.013744225333333334,0.011859067333333332,0.009570346133333333,0.016038859,0.0,0.009544374500000001,0.0090464572,0.006511026566666666,0.011153688,0.0165007075,0.004144404333333334,0.020712945333333337,0.00859766,0.025640044000000004,0.0032534440666666664,0.012813623666666666,0.0037214399333333334,0.019810863333333335,0.0027535835999999998,0.013817131333333333,0.015572563666666667,0.02421292066666667,0.0055681408666666665,0.015834613666666667,0.0038241226666666664,0.013687807333333331,0.012365689000000001,0.011077362333333333,0.003738190666666667,0.0028601150000000003,0.018209382,0.006921060666666667,0.00921911,0.014139443666666668,0.009074457666666667,0.0010630945333333333,0.01671559066666667,0.012401809333333335,0.003361368066666667,0.02043758033333333,0.005662964,0.0036155899333333336,0.0029895782666666667,0.0024851898333333334,0.0036642491999999997,0.005304716033333333,0.003209795566666667,0.002757084366666667,0.004466611133333334,0.009405676666666666,0.018510184666666665,0.009978777333333333,0.003330832733333333,0.010802044333333333,0.003970968733333333,0.012441017,0.020439164000000003,0.018824569666666666,0.004584038333333333,0.010931849333333334,0.013744225333333334,0.009570346133333333,0.016038859,0.006511026566666666,0.011153688,0.020712945333333337,0.013817131333333333,0.015572563666666667,0.015834613666666667,0.011077362333333333,0.02043758033333333,0.005662964,0.009405676666666666
9,0.01683750966666667,0.014633963333333333,0.011668831,0.006491096799999999,0.01486485,0.0129442392,0.01651050466666667,0.008646662833333334,0.0165007075,0.0,0.016987248,0.010933323666666666,0.013309777333333335,0.014546437999999998,0.016843294999999998,0.011551042666666667,0.010715091,0.009576640666666665,0.011896705333333334,0.013125789133333335,0.012828085666666666,0.023233815333333335,0.020543057,0.012605084666666665,0.009737924666666667,0.014731567999999999,0.017897303666666666,0.020248868333333333,0.025471566,0.018925784,0.016479827866666668,0.01998526633333333,0.020349131,0.021265345666666668,0.013594808333333331,0.013837917666666668,0.01759482633333333,0.006734615666666666,0.014681718666666666,0.008857440999999999,0.012956162333333333,0.009592445766666667,0.009223792866666667,0.023472251666666666,0.0079944769,0.013531277666666668,0.012924426666666666,0.014642752833333333,0.005593720999999999,0.016274358666666666,0.004219031333333333,0.020248115333333334,0.010580118333333333,0.019886982666666664,0.014422601466666666,0.0118873555,0.0096039612,0.01800436966666667,0.008082463333333335,0.011781611133333337,0.014681718666666666,0.01683750966666667,0.007265637333333334,0.008857440999999999,0.012956162333333333,0.007353856,0.013125789133333335,0.009592445766666667,0.012828085666666666,0.023233815333333335,0.009223792866666667,0.014633963333333333,0.008382139733333334,0.013420744666666666,0.011668831,0.006491096799999999,0.023472251666666666,0.020543057,0.009700912,0.01486485,0.0129442392,0.01651050466666667,0.012605084666666665,0.006879005666666666,0.008646662833333334,0.008231592,0.005562343133333333,0.0165007075,0.0079944769,0.009737924666666667,0.0085847,0.005657913400000001,0.0,0.013531277666666668,0.012633469000000001,0.012924426666666666,0.014731567999999999,0.014642752833333333,0.005593720999999999,0.016987248,0.010933323666666666,0.016274358666666666,0.007697302166666667,0.010511720333333334,0.013309777333333335,0.017897303666666666,0.007790988666666667,0.020248868333333333,0.004219031333333333,0.025471566,0.006544174766666666,0.014546437999999998,0.016843294999999998,0.020248115333333334,0.010580118333333333,0.011551042666666667,0.018925784,0.010715091,0.016479827866666668,0.01998526633333333,0.009576640666666665,0.019886982666666664,0.011646745799999999,0.012049023266666665,0.011896705333333334,0.020349131,0.021265345666666668,0.014422601466666666,0.0118873555,0.013594808333333331,0.013837917666666668,0.01759482633333333,0.007625927666666667,0.0096039612,0.006734615666666666,0.01800436966666667,0.008082463333333335,0.011781611133333337,0.007265637333333334,0.007353856,0.008382139733333334,0.013420744666666666,0.009700912,0.006879005666666666,0.008231592,0.005562343133333333,0.0085847,0.005657913400000001,0.012633469000000001,0.007697302166666667,0.010511720333333334,0.007790988666666667,0.006544174766666666,0.011646745799999999,0.012049023266666665,0.007625927666666667
10,0.0018836180333333332,0.020883572000000003,0.008478562,0.015961192666666665,0.005451597666666667,0.005484873033333334,0.012185693000000001,0.011938859999999999,0.0037214399333333334,0.016987248,0.0,0.015909061333333332,0.020080343999999997,0.003651142,0.0051201046,0.010145465666666667,0.011247959,0.012605528,0.0048949499999999995,0.0038312554666666667,0.006226082533333333,0.010541816666666667,0.008901049666666666,0.010229454500000002,0.009424402333333333,0.02114206,0.0041605752,0.005910944866666666,0.012274219666666667,0.008133407333333334,0.003820916,0.014709415,0.003879795466666667,0.0035038868333333332,0.0038276731666666663,0.0036813021666666666,0.005192351299999999,0.011723023666666665,0.005270447333333333,0.010752666,0.009581448666666666,0.008170473666666667,0.008869221000000002,0.0063359122,0.011304638666666667,0.007782695666666667,0.007129393,0.00445714,0.013086327000000002,0.004975408266666666,0.013730285666666666,0.016051823,0.009871242333333334,0.004485118466666668,0.007499253666666666,0.009179977499999999,0.017584073666666665,0.004341975866666667,0.013700455666666667,0.007014642133333334,0.005270447333333333,0.0018836180333333332,0.013607013333333333,0.010752666,0.009581448666666666,0.019846972,0.0038312554666666667,0.008170473666666667,0.006226082533333333,0.010541816666666667,0.008869221000000002,0.020883572000000003,0.016282019666666668,0.0036538343333333335,0.008478562,0.015961192666666665,0.0063359122,0.008901049666666666,0.012371093,0.005451597666666667,0.005484873033333334,0.012185693000000001,0.010229454500000002,0.014656216,0.011938859999999999,0.010429789666666666,0.015133758333333332,0.0037214399333333334,0.011304638666666667,0.009424402333333333,0.009691025999999998,0.013278558,0.016987248,0.007782695666666667,0.01581131033333333,0.007129393,0.02114206,0.00445714,0.013086327000000002,0.0,0.015909061333333332,0.004975408266666666,0.013306407333333332,0.012751378666666667,0.020080343999999997,0.0041605752,0.015512683000000001,0.005910944866666666,0.013730285666666666,0.012274219666666667,0.012692996000000002,0.003651142,0.0051201046,0.016051823,0.009871242333333334,0.010145465666666667,0.008133407333333334,0.011247959,0.003820916,0.014709415,0.012605528,0.004485118466666668,0.016802386666666665,0.00926282,0.0048949499999999995,0.003879795466666667,0.0035038868333333332,0.007499253666666666,0.009179977499999999,0.0038276731666666663,0.0036813021666666666,0.005192351299999999,0.011070980666666667,0.017584073666666665,0.011723023666666665,0.004341975866666667,0.013700455666666667,0.007014642133333334,0.013607013333333333,0.019846972,0.016282019666666668,0.0036538343333333335,0.012371093,0.014656216,0.010429789666666666,0.015133758333333332,0.009691025999999998,0.013278558,0.01581131033333333,0.013306407333333332,0.012751378666666667,0.015512683000000001,0.012692996000000002,0.016802386666666665,0.00926282,0.011070980666666667
11,0.016200635666666668,0.007743138,0.019326301333333334,0.012302613333333334,0.019867392333333334,0.015772525333333336,0.015963838999999997,0.010529214,0.019810863333333335,0.010933323666666666,0.015909061333333332,5.960464333333333e-09,0.004778625533333333,0.015981823333333332,0.020808983,0.018060692333333333,0.018902695333333334,0.010559002666666668,0.016892699333333334,0.016064193,0.019621633000000003,0.022304073666666667,0.012591004666666666,0.008354767166666666,0.015729413333333334,0.007969524666666667,0.019599296666666665,0.020051845000000002,0.019567797666666668,0.015416977666666666,0.020356048999999998,0.013719372,0.021376532,0.021298291333333334,0.015541217666666666,0.016536053,0.01719466033333333,0.013182161333333333,0.02045301,0.011883982,0.009214109333333335,0.017697956333333334,0.015594947333333333,0.021640322666666666,0.017871751333333335,0.019491250999999998,0.014085163666666668,0.019925316000000002,0.014859104333333333,0.020900704666666665,0.009691336,0.012709713000000001,0.020001846333333337,0.021415905,0.022416258,0.019971776,0.009635674799999999,0.019580809666666667,0.01898365,0.019679224666666665,0.02045301,0.016200635666666668,0.011970204,0.011883982,0.009214109333333335,0.011837798333333335,0.016064193,0.017697956333333334,0.019621633000000003,0.022304073666666667,0.015594947333333333,0.007743138,0.005415761666666667,0.014195688333333335,0.019326301333333334,0.012302613333333334,0.021640322666666666,0.012591004666666666,0.017352948333333333,0.019867392333333334,0.015772525333333336,0.015963838999999997,0.008354767166666666,0.010975984666666666,0.010529214,0.013387437333333333,0.007547257333333333,0.019810863333333335,0.017871751333333335,0.015729413333333334,0.016528167333333333,0.014861280000000003,0.010933323666666666,0.019491250999999998,0.008917631666666667,0.014085163666666668,0.007969524666666667,0.019925316000000002,0.014859104333333333,0.015909061333333332,5.960464333333333e-09,0.020900704666666665,0.009290681333333332,0.012238603666666665,0.004778625533333333,0.019599296666666665,0.0094773132,0.020051845000000002,0.009691336,0.019567797666666668,0.014070403333333334,0.015981823333333332,0.020808983,0.012709713000000001,0.020001846333333337,0.018060692333333333,0.015416977666666666,0.018902695333333334,0.020356048999999998,0.013719372,0.010559002666666668,0.021415905,0.005391627533333334,0.019632244,0.016892699333333334,0.021376532,0.021298291333333334,0.022416258,0.019971776,0.015541217666666666,0.016536053,0.01719466033333333,0.015004622666666667,0.009635674799999999,0.013182161333333333,0.019580809666666667,0.01898365,0.019679224666666665,0.011970204,0.011837798333333335,0.005415761666666667,0.014195688333333335,0.017352948333333333,0.010975984666666666,0.013387437333333333,0.007547257333333333,0.016528167333333333,0.014861280000000003,0.008917631666666667,0.009290681333333332,0.012238603666666665,0.0094773132,0.014070403333333334,0.005391627533333334,0.019632244,0.015004622666666667
