,omer_02.jpg,tal_05.jpg,omer_07.jpg,tal_06.jpg,omer_06.jpg,omer_08.jpg,tal_01.jpg,omer_03.jpg,tal_07.jpg,tal_03.jpg,omer_04.jpg,omer_10.jpg,tal_09.jpg,tal_02.jpg,tal_08.jpg,omer_09.jpg,tal_10.jpg,omer_05.jpg,tal_04.jpg,matt_04.jpg,dom_10.jpg,dom_05.jpg,matt_08.jpg,dom_04.jpg,matt_02.jpg,matt_07.jpg,matt_06.jpg,matt_05.jpg,dom_07.jpg,dom_03.jpg,matt_03.jpg,matt_01.jpg,dom_06.jpg,matt_10.jpg,dom_01.jpg,dom_09.jpg,matt_09.jpg,dom_02.jpg,tess_03.jpg,taz_06.jpg,taz_04.jpg,taz_03.jpg,tess_01.jpg,tess_07.jpg,tess_05.jpg,taz_05.jpg,tess_02.jpg,tess_09.jpg,tess_06.jpg,taz_07.jpg,taz_02.jpg,tess_04.jpg,taz_09.jpg,tess_08.jpg,taz_08.jpg,taz_01.jpg,tess_10.jpg,taz_10.jpg,marina_07.jpg,tamar_04.jpg,tess_03.jpg.1,omer_02.jpg.1,marina_04.jpg,taz_06.jpg.1,taz_04.jpg.1,marina_01.jpg,matt_04.jpg.1,taz_03.jpg.1,dom_10.jpg.1,dom_05.jpg.1,tess_01.jpg.1,tal_05.jpg.1,marina_06.jpg,tamar_09.jpg,omer_07.jpg.1,tal_06.jpg.1,tess_07.jpg.1,matt_08.jpg.1,marina_08.jpg,omer_06.jpg.1,omer_08.jpg.1,tal_01.jpg.1,dom_04.jpg.1,tamar_10.jpg,omer_03.jpg.1,tamar_02.jpg,tamar_05.jpg,tal_07.jpg.1,tess_05.jpg.1,matt_02.jpg.1,tamar_07.jpg,tamar_03.jpg,tal_03.jpg.1,taz_05.jpg.1,marina_09.jpg,tess_02.jpg.1,matt_07.jpg.1,tess_09.jpg.1,tess_06.jpg.1,omer_04.jpg.1,omer_10.jpg.1,taz_07.jpg.1,tamar_01.jpg,marina_10.jpg,tal_09.jpg.1,matt_06.jpg.1,tamar_06.jpg,matt_05.jpg.1,taz_02.jpg.1,dom_07.jpg.1,marina_05.jpg,tal_02.jpg.1,tal_08.jpg.1,tess_04.jpg.1,taz_09.jpg.1,omer_09.jpg.1,dom_03.jpg.1,tal_10.jpg.1,matt_03.jpg.1,matt_01.jpg.1,omer_05.jpg.1,tess_08.jpg.1,marina_02.jpg,marina_03.jpg,tal_04.jpg.1,dom_06.jpg.1,matt_10.jpg.1,taz_08.jpg.1,taz_01.jpg.1,dom_01.jpg.1,dom_09.jpg.1,matt_09.jpg.1,tamar_08.jpg,tess_10.jpg.1,dom_02.jpg.1,taz_10.jpg.1,marina_07.jpg.1,tamar_04.jpg.1,marina_04.jpg.1,marina_01.jpg.1,marina_06.jpg.1,tamar_09.jpg.1,marina_08.jpg.1,tamar_10.jpg.1,tamar_02.jpg.1,tamar_05.jpg.1,tamar_07.jpg.1,tamar_03.jpg.1,marina_09.jpg.1,tamar_01.jpg.1,marina_10.jpg.1,tamar_06.jpg.1,marina_05.jpg.1,marina_02.jpg.1,marina_03.jpg.1,tamar_08.jpg.1
0,1.9868214999999996e-09,0.029159728333333336,0.022841011,0.030389660666666662,0.010651842666666666,0.015281540333333333,0.015187086666666667,0.021981612666666664,0.013123484666666666,0.021176314333333335,0.016577947333333336,0.03345305466666667,0.02780585066666667,0.009501300333333332,0.009755327333333334,0.026117805333333334,0.024524337,0.020998841666666667,0.013161830333333334,0.013516390333333331,0.03256007066666667,0.011259442666666668,0.014097716333333333,0.025054468666666666,0.015607287333333334,0.02839734133333333,0.014756792666666666,0.012184498666666665,0.010606748000000001,0.011472288666666667,0.010059147999999999,0.013832121999999999,0.009148474666666665,0.010469510333333333,0.009794501666666667,0.011952144,0.012423584666666666,0.022991913333333332,0.023407406,0.022820818333333333,0.018655967666666665,0.023372779,0.026650426666666664,0.013244108333333334,0.024459775333333333,0.018481322,0.02348545,0.02123275,0.026485454999999998,0.015607355,0.026180194,0.024968511000000002,0.026754812333333333,0.014699373666666666,0.025439876333333333,0.022134113333333334,0.027273424666666667,0.018724753333333333,0.03619949466666667,0.034528378666666665,0.023407406,1.9868214999999996e-09,0.03759378166666667,0.022820818333333333,0.018655967666666665,0.04054598899999999,0.013516390333333331,0.023372779,0.03256007066666667,0.011259442666666668,0.026650426666666664,0.029159728333333336,0.033462678,0.020962226333333334,0.022841011,0.030389660666666662,0.013244108333333334,0.014097716333333333,0.030325168,0.010651842666666666,0.015281540333333333,0.015187086666666667,0.025054468666666666,0.03398245133333333,0.021981612666666664,0.03303189766666667,0.03142908266666666,0.013123484666666666,0.024459775333333333,0.015607287333333334,0.03467035166666667,0.03418715399999999,0.021176314333333335,0.018481322,0.032975574333333334,0.02348545,0.02839734133333333,0.02123275,0.026485454999999998,0.016577947333333336,0.03345305466666667,0.015607355,0.031175778333333334,0.026639016666666668,0.02780585066666667,0.014756792666666666,0.033867646,0.012184498666666665,0.026180194,0.010606748000000001,0.03540326333333333,0.009501300333333332,0.009755327333333334,0.024968511000000002,0.026754812333333333,0.026117805333333334,0.011472288666666667,0.024524337,0.010059147999999999,0.013832121999999999,0.020998841666666667,0.014699373666666666,0.027931916666666667,0.025321936666666666,0.013161830333333334,0.009148474666666665,0.010469510333333333,0.025439876333333333,0.022134113333333334,0.009794501666666667,0.011952144,0.012423584666666666,0.03138362166666667,0.027273424666666667,0.022991913333333332,0.018724753333333333,0.03619949466666667,0.034528378666666665,0.03759378166666667,0.04054598899999999,0.033462678,0.020962226333333334,0.030325168,0.03398245133333333,0.03303189766666667,0.03142908266666666,0.03467035166666667,0.03418715399999999,0.032975574333333334,0.031175778333333334,0.026639016666666668,0.033867646,0.03540326333333333,0.027931916666666667,0.025321936666666666,0.03138362166666667
1,0.029159728333333336,0.0,0.021352314666666667,0.029678577333333334,0.02976261566666667,0.020779278,0.027703309000000002,0.020924150666666662,0.022427759333333335,0.018822294333333333,0.017289644333333333,0.022511299333333335,0.01575281433333333,0.023578729,0.026445510000000002,0.012630184666666665,0.02055808333333333,0.020983366333333333,0.020136676,0.029831165666666666,0.02934826633333333,0.03427452066666667,0.028732820333333336,0.017346419666666668,0.026817129333333335,0.024476281666666665,0.022280881666666665,0.032581118666666666,0.03700527,0.03144957,0.03126163266666667,0.035791508,0.02938738666666667,0.035907026,0.02770205333333333,0.028935164333333332,0.032654656666666664,0.029273182000000002,0.021002856666666667,0.020547000666666666,0.01687646933333333,0.017923079,0.019323363,0.02560699333333333,0.017515428999999996,0.02307289833333333,0.018294805666666667,0.018698658333333333,0.017225275333333335,0.02566552966666667,0.01971523966666667,0.024814573666666666,0.017596916666666667,0.024436590666666664,0.025678078333333333,0.02177765766666667,0.023501433333333332,0.021421166,0.027135282666666666,0.032287776666666664,0.021002856666666667,0.029159728333333336,0.030368834333333334,0.020547000666666666,0.01687646933333333,0.02390931233333333,0.029831165666666666,0.017923079,0.02934826633333333,0.03427452066666667,0.019323363,0.0,0.023161067333333334,0.01930352833333333,0.021352314666666667,0.029678577333333334,0.02560699333333333,0.028732820333333336,0.019834554333333334,0.02976261566666667,0.020779278,0.027703309000000002,0.017346419666666668,0.025521298000000005,0.020924150666666662,0.022853772333333335,0.026319196,0.022427759333333335,0.017515428999999996,0.026817129333333335,0.03036054566666667,0.025888679000000005,0.018822294333333333,0.02307289833333333,0.020387055333333334,0.018294805666666667,0.024476281666666665,0.018698658333333333,0.017225275333333335,0.017289644333333333,0.022511299333333335,0.02566552966666667,0.027061766333333334,0.01602563833333333,0.01575281433333333,0.022280881666666665,0.025522871666666665,0.032581118666666666,0.01971523966666667,0.03700527,0.021490468333333335,0.023578729,0.026445510000000002,0.024814573666666666,0.017596916666666667,0.012630184666666665,0.03144957,0.02055808333333333,0.03126163266666667,0.035791508,0.020983366333333333,0.024436590666666664,0.018359828,0.02137899,0.020136676,0.02938738666666667,0.035907026,0.025678078333333333,0.02177765766666667,0.02770205333333333,0.028935164333333332,0.032654656666666664,0.023861798,0.023501433333333332,0.029273182000000002,0.021421166,0.027135282666666666,0.032287776666666664,0.030368834333333334,0.02390931233333333,0.023161067333333334,0.01930352833333333,0.019834554333333334,0.025521298000000005,0.022853772333333335,0.026319196,0.03036054566666667,0.025888679000000005,0.020387055333333334,0.027061766333333334,0.01602563833333333,0.025522871666666665,0.021490468333333335,0.018359828,0.02137899,0.023861798
2,0.022841011,0.021352314666666667,1.9868214999999996e-09,0.02497008633333333,0.022777287333333337,0.011159714,0.02115414133333333,0.013557374666666669,0.019415301333333336,0.012970040333333332,0.012087492333333333,0.025807005,0.022079787666666666,0.022722417,0.017107276,0.014871122333333332,0.015964522,0.015331278333333333,0.017572057333333335,0.027066313999999998,0.03423887466666667,0.023136473,0.019876237666666668,0.024890313666666667,0.021646312666666664,0.031210217666666665,0.015631936,0.023474770666666662,0.025691591333333333,0.01789436733333333,0.021640336333333333,0.026941998666666668,0.018374556666666667,0.024819222999999998,0.023070645,0.023953460000000003,0.02914694,0.025211916666666667,0.013319373333333332,0.009511911666666668,0.011410848333333334,0.012748249666666666,0.010412363,0.013133287666666667,0.012663767666666666,0.010266194833333334,0.017515441,0.010752024333333332,0.010980733333333333,0.017013339333333332,0.011418694,0.024335918999999998,0.014614518333333333,0.012697974800000001,0.016031106333333333,0.012137117000000001,0.013832503666666666,0.010289692999999999,0.026872999999999998,0.034998765333333334,0.013319373333333332,0.022841011,0.030242822333333332,0.009511911666666668,0.011410848333333334,0.026446650333333332,0.027066313999999998,0.012748249666666666,0.03423887466666667,0.023136473,0.010412363,0.021352314666666667,0.022882348333333337,0.014190368000000002,1.9868214999999996e-09,0.02497008633333333,0.013133287666666667,0.019876237666666668,0.022142447666666665,0.022777287333333337,0.011159714,0.02115414133333333,0.024890313666666667,0.023965561333333333,0.013557374666666669,0.024733714,0.021063441333333332,0.019415301333333336,0.012663767666666666,0.021646312666666664,0.027782725666666664,0.018504925999999998,0.012970040333333332,0.010266194833333334,0.017917956999999998,0.017515441,0.031210217666666665,0.010752024333333332,0.010980733333333333,0.012087492333333333,0.025807005,0.017013339333333332,0.02054870766666667,0.02084013833333333,0.022079787666666666,0.015631936,0.020214428666666666,0.023474770666666662,0.011418694,0.025691591333333333,0.022543577333333335,0.022722417,0.017107276,0.024335918999999998,0.014614518333333333,0.014871122333333332,0.01789436733333333,0.015964522,0.021640336333333333,0.026941998666666668,0.015331278333333333,0.012697974800000001,0.014521706,0.013921946333333334,0.017572057333333335,0.018374556666666667,0.024819222999999998,0.016031106333333333,0.012137117000000001,0.023070645,0.023953460000000003,0.02914694,0.024515679999999995,0.013832503666666666,0.025211916666666667,0.010289692999999999,0.026872999999999998,0.034998765333333334,0.030242822333333332,0.026446650333333332,0.022882348333333337,0.014190368000000002,0.022142447666666665,0.023965561333333333,0.024733714,0.021063441333333332,0.027782725666666664,0.018504925999999998,0.017917956999999998,0.02054870766666667,0.02084013833333333,0.020214428666666666,0.022543577333333335,0.014521706,0.013921946333333334,0.024515679999999995
3,0.030389660666666662,0.029678577333333334,0.02497008633333333,0.0,0.023136111,0.026814036666666662,0.02257432733333333,0.022889195000000005,0.027011259333333332,0.02017513333333333,0.02875507466666667,0.020253894666666664,0.027273198000000002,0.027290485333333336,0.033132391,0.026134274333333336,0.01939320566666667,0.023178163999999998,0.026651261,0.028662222,0.018847144,0.03686820466666666,0.03187251666666667,0.025597220666666667,0.027323617666666668,0.03793508266666667,0.02747725633333333,0.028569561333333333,0.03648056233333333,0.029024682333333336,0.03344191866666667,0.030928024000000002,0.03255623966666667,0.03704803966666667,0.025351397666666668,0.029356984666666665,0.03536367333333333,0.019212432666666668,0.02280148833333333,0.024365111,0.028159095666666672,0.021504731666666665,0.02635445566666667,0.031051566333333332,0.021284022,0.025069723666666665,0.020993239,0.02484036066666667,0.027955949333333334,0.021643215333333334,0.024362103000000003,0.03873554866666667,0.020147641333333334,0.024545135333333336,0.020451643000000002,0.019187375,0.014131230333333333,0.027418602,0.01498022033333333,0.017059195000000003,0.02280148833333333,0.030389660666666662,0.011078536466666667,0.024365111,0.028159095666666672,0.017481665333333334,0.028662222,0.021504731666666665,0.018847144,0.03686820466666666,0.02635445566666667,0.029678577333333334,0.019338983333333334,0.01910304633333333,0.02497008633333333,0.0,0.031051566333333332,0.03187251666666667,0.019326232,0.023136111,0.026814036666666662,0.02257432733333333,0.025597220666666667,0.012675261333333333,0.022889195000000005,0.01657559266666667,0.017036892666666668,0.027011259333333332,0.021284022,0.027323617666666668,0.012191963166666665,0.019022534666666664,0.02017513333333333,0.025069723666666665,0.02150837766666667,0.020993239,0.03793508266666667,0.02484036066666667,0.027955949333333334,0.02875507466666667,0.020253894666666664,0.021643215333333334,0.01542406933333333,0.024791333999999998,0.027273198000000002,0.02747725633333333,0.015200420333333332,0.028569561333333333,0.024362103000000003,0.03648056233333333,0.017289366000000004,0.027290485333333336,0.033132391,0.03873554866666667,0.020147641333333334,0.026134274333333336,0.029024682333333336,0.01939320566666667,0.03344191866666667,0.030928024000000002,0.023178163999999998,0.024545135333333336,0.028431032,0.021590401999999998,0.026651261,0.03255623966666667,0.03704803966666667,0.020451643000000002,0.019187375,0.025351397666666668,0.029356984666666665,0.03536367333333333,0.012380609999999998,0.014131230333333333,0.019212432666666668,0.027418602,0.01498022033333333,0.017059195000000003,0.011078536466666667,0.017481665333333334,0.019338983333333334,0.01910304633333333,0.019326232,0.012675261333333333,0.01657559266666667,0.017036892666666668,0.012191963166666665,0.019022534666666664,0.02150837766666667,0.01542406933333333,0.024791333999999998,0.015200420333333332,0.017289366000000004,0.028431032,0.021590401999999998,0.012380609999999998
4,0.010651842666666666,0.02976261566666667,0.022777287333333337,0.023136111,5.960464499999999e-09,0.014410458,0.009702527666666667,0.017934926333333333,0.009970088666666667,0.015120611666666667,0.015418797666666668,0.03020677533333333,0.024027814333333335,0.010374176666666667,0.014816167,0.024342692,0.01836627,0.020250334333333335,0.011371407666666666,0.011006090999999999,0.027317748333333332,0.01420031,0.015621686000000001,0.022835467,0.009088458666666665,0.029774791000000002,0.018225068,0.010011420666666666,0.013023700333333332,0.011304193666666665,0.010810329333333334,0.012727948,0.011299713333333333,0.016578337000000002,0.009066337333333334,0.014100317,0.014630476666666666,0.014990888,0.020709824333333335,0.020338250999999998,0.017830739333333335,0.019069532333333337,0.026700445000000003,0.015493999,0.019377782333333333,0.015357107,0.02032294,0.01864,0.025679294333333335,0.014844552666666667,0.021170799,0.028502050666666667,0.021456674333333335,0.015364624999999998,0.023312226999999998,0.018416233999999997,0.02474035,0.017953493333333334,0.030860853333333334,0.02792518533333333,0.020709824333333335,0.010651842666666666,0.030490681333333332,0.020338250999999998,0.017830739333333335,0.03617679333333333,0.011006090999999999,0.019069532333333337,0.027317748333333332,0.01420031,0.026700445000000003,0.02976261566666667,0.027704831,0.015441169333333334,0.022777287333333337,0.023136111,0.015493999,0.015621686000000001,0.024723538,5.960464499999999e-09,0.014410458,0.009702527666666667,0.022835467,0.026690377666666664,0.017934926333333333,0.026549806000000002,0.023764834666666665,0.009970088666666667,0.019377782333333333,0.009088458666666665,0.027806828333333332,0.03206932366666667,0.015120611666666667,0.015357107,0.027577529666666666,0.02032294,0.029774791000000002,0.01864,0.025679294333333335,0.015418797666666668,0.03020677533333333,0.014844552666666667,0.025516857666666667,0.023572637333333334,0.024027814333333335,0.018225068,0.02739256433333333,0.010011420666666666,0.021170799,0.013023700333333332,0.03011447766666667,0.010374176666666667,0.014816167,0.028502050666666667,0.021456674333333335,0.024342692,0.011304193666666665,0.01836627,0.010810329333333334,0.012727948,0.020250334333333335,0.015364624999999998,0.026334472333333334,0.01963954,0.011371407666666666,0.011299713333333333,0.016578337000000002,0.023312226999999998,0.018416233999999997,0.009066337333333334,0.014100317,0.014630476666666666,0.02327046966666667,0.02474035,0.014990888,0.017953493333333334,0.030860853333333334,0.02792518533333333,0.030490681333333332,0.03617679333333333,0.027704831,0.015441169333333334,0.024723538,0.026690377666666664,0.026549806000000002,0.023764834666666665,0.027806828333333332,0.03206932366666667,0.027577529666666666,0.025516857666666667,0.023572637333333334,0.02739256433333333,0.03011447766666667,0.026334472333333334,0.01963954,0.02327046966666667
5,0.015281540333333333,0.020779278,0.011159714,0.026814036666666662,0.014410458,0.0,0.012786162,0.011829783666666668,0.012752916333333334,0.010211580999999999,0.005549319499999999,0.029839966666666665,0.019054166333333334,0.015054645,0.012073990000000001,0.014292592,0.015418956666666669,0.013741686000000001,0.013000990999999998,0.017876051,0.03566100433333333,0.015647598333333335,0.013747612666666666,0.022042896333333332,0.013892090333333332,0.025263126666666667,0.015492762666666667,0.01737094133333333,0.016697615666666665,0.009304330666666668,0.013858727666666666,0.018246007,0.011568828533333334,0.019658379,0.017257290999999998,0.018487256666666667,0.02197837266666667,0.022113571666666665,0.013758341666666667,0.012148765666666667,0.008882721333333335,0.013278559666666667,0.013613404666666667,0.009614469533333333,0.012834753666666665,0.0086299678,0.018194715333333333,0.009223854666666666,0.012462653333333332,0.015664951,0.013209120666666666,0.019407995666666667,0.015132125333333333,0.011138375666666667,0.020087357333333333,0.012844491000000001,0.015322856333333334,0.008994348666666667,0.032683561,0.037436673999999996,0.013758341666666667,0.015281540333333333,0.03469087766666667,0.012148765666666667,0.008882721333333335,0.033225006,0.017876051,0.013278559666666667,0.03566100433333333,0.015647598333333335,0.013613404666666667,0.020779278,0.025923292,0.013221212333333334,0.011159714,0.026814036666666662,0.009614469533333333,0.013747612666666666,0.022095932666666665,0.014410458,0.0,0.012786162,0.022042896333333332,0.028214631333333337,0.011829783666666668,0.028276000333333332,0.025615924333333335,0.012752916333333334,0.012834753666666665,0.013892090333333332,0.032576608,0.026919083000000003,0.010211580999999999,0.0086299678,0.020258949333333335,0.018194715333333333,0.025263126666666667,0.009223854666666666,0.012462653333333332,0.005549319499999999,0.029839966666666665,0.015664951,0.026054418333333336,0.019671009,0.019054166333333334,0.015492762666666667,0.02730286933333333,0.01737094133333333,0.013209120666666666,0.016697615666666665,0.027282359,0.015054645,0.012073990000000001,0.019407995666666667,0.015132125333333333,0.014292592,0.009304330666666668,0.015418956666666669,0.013858727666666666,0.018246007,0.013741686000000001,0.011138375666666667,0.014690649999999998,0.016236128333333332,0.013000990999999998,0.011568828533333334,0.019658379,0.020087357333333333,0.012844491000000001,0.017257290999999998,0.018487256666666667,0.02197837266666667,0.026867025666666662,0.015322856333333334,0.022113571666666665,0.008994348666666667,0.032683561,0.037436673999999996,0.03469087766666667,0.033225006,0.025923292,0.013221212333333334,0.022095932666666665,0.028214631333333337,0.028276000333333332,0.025615924333333335,0.032576608,0.026919083000000003,0.020258949333333335,0.026054418333333336,0.019671009,0.02730286933333333,0.027282359,0.014690649999999998,0.016236128333333332,0.026867025666666662
6,0.015187086666666667,0.027703309000000002,0.02115414133333333,0.02257432733333333,0.009702527666666667,0.012786162,0.0,0.014576739333333333,0.014532683333333333,0.014946830333333333,0.017103084,0.028762875000000004,0.020557304333333335,0.012314198666666666,0.015022810333333332,0.020397724666666665,0.019516396666666668,0.016792651,0.015019959333333333,0.013368248999999999,0.032034906,0.012569538666666666,0.018049680999999998,0.023384771999999998,0.009912512833333333,0.026053039,0.019317254000000002,0.011098788,0.013939654999999999,0.008941692000000001,0.013141437999999998,0.010674272,0.011903854333333333,0.018980926333333332,0.013284708999999999,0.017963248333333334,0.017441157666666665,0.011341810333333334,0.02219134,0.021218944000000003,0.020657070666666666,0.022364531,0.02824655133333333,0.016756942333333334,0.021937621,0.016853684,0.024284593333333333,0.019677385000000002,0.025731945,0.018173120666666667,0.023453808000000003,0.027686681333333334,0.022804856666666668,0.018717094666666666,0.02774692,0.020573878,0.022151011333333335,0.020504492666666665,0.03438454666666667,0.03430494266666666,0.02219134,0.015187086666666667,0.034386372666666665,0.021218944000000003,0.020657070666666666,0.037899573666666665,0.013368248999999999,0.022364531,0.032034906,0.012569538666666666,0.02824655133333333,0.027703309000000002,0.029085465333333334,0.016638793666666665,0.02115414133333333,0.02257432733333333,0.016756942333333334,0.018049680999999998,0.024273647333333332,0.009702527666666667,0.012786162,0.0,0.023384771999999998,0.029534487,0.014576739333333333,0.030393018333333334,0.02734925566666667,0.014532683333333333,0.021937621,0.009912512833333333,0.033616942,0.03504158233333333,0.014946830333333333,0.016853684,0.023654587999999997,0.024284593333333333,0.026053039,0.019677385000000002,0.025731945,0.017103084,0.028762875000000004,0.018173120666666667,0.029243087666666664,0.021793801999999998,0.020557304333333335,0.019317254000000002,0.030286057666666668,0.011098788,0.023453808000000003,0.013939654999999999,0.03276231666666666,0.012314198666666666,0.015022810333333332,0.027686681333333334,0.022804856666666668,0.020397724666666665,0.008941692000000001,0.019516396666666668,0.013141437999999998,0.010674272,0.016792651,0.018717094666666666,0.02702438833333333,0.017393926666666667,0.015019959333333333,0.011903854333333333,0.018980926333333332,0.02774692,0.020573878,0.013284708999999999,0.017963248333333334,0.017441157666666665,0.02787368266666667,0.022151011333333335,0.011341810333333334,0.020504492666666665,0.03438454666666667,0.03430494266666666,0.034386372666666665,0.037899573666666665,0.029085465333333334,0.016638793666666665,0.024273647333333332,0.029534487,0.030393018333333334,0.02734925566666667,0.033616942,0.03504158233333333,0.023654587999999997,0.029243087666666664,0.021793801999999998,0.030286057666666668,0.03276231666666666,0.02702438833333333,0.017393926666666667,0.02787368266666667
7,0.021981612666666664,0.020924150666666662,0.013557374666666669,0.022889195000000005,0.017934926333333333,0.011829783666666668,0.014576739333333333,0.0,0.015059640000000001,0.01406037633333333,0.011452555666666668,0.021007989,0.010542738333333333,0.020343625,0.021934718,0.009236771,0.013655293000000002,0.007349618333333333,0.016059038666666667,0.01943378,0.026673787666666667,0.023109625,0.017945472333333334,0.018849595,0.011981884666666666,0.023513670666666667,0.01897413133333333,0.018229111000000003,0.024245898,0.014657187333333332,0.021449538333333334,0.016089620333333332,0.015871306666666665,0.025634650333333335,0.020006485999999997,0.020965946,0.025630152,0.013575200333333334,0.02066446933333333,0.01643646966666667,0.016237201333333333,0.018360906666666666,0.020613797333333336,0.019876911333333337,0.017230649666666667,0.015127923333333333,0.022473798333333333,0.016031523333333336,0.018518521333333333,0.024443040333333332,0.014567961333333334,0.02519816,0.014749864666666668,0.021570573333333336,0.024930745333333334,0.018975098333333336,0.017494261,0.017576627,0.025614352666666666,0.030743750000000004,0.02066446933333333,0.021981612666666664,0.02864731766666667,0.01643646966666667,0.016237201333333333,0.027502043333333333,0.01943378,0.018360906666666666,0.026673787666666667,0.023109625,0.020613797333333336,0.020924150666666662,0.019985468666666666,0.013309604000000001,0.013557374666666669,0.022889195000000005,0.019876911333333337,0.017945472333333334,0.015743303333333333,0.017934926333333333,0.011829783666666668,0.014576739333333333,0.018849595,0.01978537866666667,0.0,0.022717131666666668,0.019664677000000002,0.015059640000000001,0.017230649666666667,0.011981884666666666,0.029084140333333335,0.02865769266666667,0.01406037633333333,0.015127923333333333,0.014600022666666667,0.022473798333333333,0.023513670666666667,0.016031523333333336,0.018518521333333333,0.011452555666666668,0.021007989,0.024443040333333332,0.024425061666666668,0.013337045666666665,0.010542738333333333,0.01897413133333333,0.020773053333333333,0.018229111000000003,0.014567961333333334,0.024245898,0.022236515999999998,0.020343625,0.021934718,0.02519816,0.014749864666666668,0.009236771,0.014657187333333332,0.013655293000000002,0.021449538333333334,0.016089620333333332,0.007349618333333333,0.021570573333333336,0.017799258666666665,0.012340943,0.016059038666666667,0.015871306666666665,0.025634650333333335,0.024930745333333334,0.018975098333333336,0.020006485999999997,0.020965946,0.025630152,0.024310946666666666,0.017494261,0.013575200333333334,0.017576627,0.025614352666666666,0.030743750000000004,0.02864731766666667,0.027502043333333333,0.019985468666666666,0.013309604000000001,0.015743303333333333,0.01978537866666667,0.022717131666666668,0.019664677000000002,0.029084140333333335,0.02865769266666667,0.014600022666666667,0.024425061666666668,0.013337045666666665,0.020773053333333333,0.022236515999999998,0.017799258666666665,0.012340943,0.024310946666666666
8,0.013123484666666666,0.022427759333333335,0.019415301333333336,0.027011259333333332,0.009970088666666667,0.012752916333333334,0.014532683333333333,0.015059640000000001,1.9868214999999996e-09,0.015645871666666665,0.012147498000000001,0.027514523333333332,0.017414095,0.010325056333333334,0.015773111666666666,0.016873868,0.016731312,0.014764732333333334,0.008995817,0.012990756666666665,0.028308643333333335,0.017163559000000002,0.014874587333333333,0.017399758,0.009842835,0.021545286666666667,0.015376247666666667,0.011144191333333333,0.017229461666666668,0.014887709999999998,0.012594988,0.015987640666666667,0.011630726,0.017761180666666664,0.011286066,0.010764608666666668,0.017210891333333332,0.016632040666666667,0.022702888333333338,0.017545978333333333,0.013275420666666668,0.017118656333333333,0.021702265666666665,0.014616267,0.017087030333333333,0.015561316333333334,0.01878611633333333,0.017912302333333335,0.021708103,0.019879571666666665,0.01908733266666667,0.020473206333333334,0.019025403333333336,0.016670209333333335,0.023566047333333333,0.019688316333333334,0.021176335666666664,0.015145837999999997,0.031359221666666666,0.028592671333333333,0.022702888333333338,0.013123484666666666,0.03010522,0.017545978333333333,0.013275420666666668,0.032509070333333334,0.012990756666666665,0.017118656333333333,0.028308643333333335,0.017163559000000002,0.021702265666666665,0.022427759333333335,0.021703151666666667,0.016024244333333333,0.019415301333333336,0.027011259333333332,0.014616267,0.014874587333333333,0.020126398333333333,0.009970088666666667,0.012752916333333334,0.014532683333333333,0.017399758,0.02544058,0.015059640000000001,0.025563186666666668,0.021952497666666668,1.9868214999999996e-09,0.017087030333333333,0.009842835,0.028392917,0.030205434333333333,0.015645871666666665,0.015561316333333334,0.022361856666666666,0.01878611633333333,0.021545286666666667,0.017912302333333335,0.021708103,0.012147498000000001,0.027514523333333332,0.019879571666666665,0.02441002533333333,0.017552806666666667,0.017414095,0.015376247666666667,0.0268991,0.011144191333333333,0.01908733266666667,0.017229461666666668,0.025620504666666665,0.010325056333333334,0.015773111666666666,0.020473206333333334,0.019025403333333336,0.016873868,0.014887709999999998,0.016731312,0.012594988,0.015987640666666667,0.014764732333333334,0.016670209333333335,0.018944273999999997,0.017049915000000002,0.008995817,0.011630726,0.017761180666666664,0.023566047333333333,0.019688316333333334,0.011286066,0.010764608666666668,0.017210891333333332,0.023967913666666667,0.021176335666666664,0.016632040666666667,0.015145837999999997,0.031359221666666666,0.028592671333333333,0.03010522,0.032509070333333334,0.021703151666666667,0.016024244333333333,0.020126398333333333,0.02544058,0.025563186666666668,0.021952497666666668,0.028392917,0.030205434333333333,0.022361856666666666,0.02441002533333333,0.017552806666666667,0.0268991,0.025620504666666665,0.018944273999999997,0.017049915000000002,0.023967913666666667
9,0.021176314333333335,0.018822294333333333,0.012970040333333332,0.02017513333333333,0.015120611666666667,0.010211580999999999,0.014946830333333333,0.01406037633333333,0.015645871666666665,0.0,0.010880001666666667,0.027453097666666662,0.018685960666666664,0.018055714999999996,0.01715224766666667,0.01601037933333333,0.010028239333333333,0.018625434333333333,0.012888964,0.021666121333333333,0.02870221333333333,0.02367981833333333,0.019034540666666665,0.02242900133333333,0.016068144333333333,0.028690242333333334,0.017364994666666668,0.021263558000000002,0.024887826,0.017936138333333334,0.020955566666666668,0.024703517999999997,0.018631621333333334,0.026472868666666663,0.018719411000000002,0.023470483333333333,0.028074898333333334,0.021281936,0.009474953000000001,0.010288385333333335,0.009196871333333334,0.007303736666666667,0.011992188333333332,0.013907247666666667,0.007027775,0.009190422333333333,0.014200727,0.007948549666666667,0.009757330333333335,0.012913861,0.009297021333333332,0.02265580866666667,0.010388719999999999,0.010807498333333334,0.013979605666666667,0.007695595666666666,0.014840451666666666,0.009408909333333333,0.02209385633333333,0.03042491133333333,0.009474953000000001,0.021176314333333335,0.026985891666666664,0.010288385333333335,0.009196871333333334,0.02682814,0.021666121333333333,0.007303736666666667,0.02870221333333333,0.02367981833333333,0.011992188333333332,0.018822294333333333,0.02259392,0.007922053133333334,0.012970040333333332,0.02017513333333333,0.013907247666666667,0.019034540666666665,0.01870370866666667,0.015120611666666667,0.010211580999999999,0.014946830333333333,0.02242900133333333,0.02133158066666667,0.01406037633333333,0.021151149333333334,0.019613316,0.015645871666666665,0.007027775,0.016068144333333333,0.024486726666666667,0.02092126,0.0,0.009190422333333333,0.018572209333333332,0.014200727,0.028690242333333334,0.007948549666666667,0.009757330333333335,0.010880001666666667,0.027453097666666662,0.012913861,0.019886307000000002,0.018949864333333333,0.018685960666666664,0.017364994666666668,0.019248956333333334,0.021263558000000002,0.009297021333333332,0.024887826,0.020211891333333336,0.018055714999999996,0.01715224766666667,0.02265580866666667,0.010388719999999999,0.01601037933333333,0.017936138333333334,0.010028239333333333,0.020955566666666668,0.024703517999999997,0.018625434333333333,0.010807498333333334,0.014325622666666668,0.014071067,0.012888964,0.018631621333333334,0.026472868666666663,0.013979605666666667,0.007695595666666666,0.018719411000000002,0.023470483333333333,0.028074898333333334,0.018469484333333334,0.014840451666666666,0.021281936,0.009408909333333333,0.02209385633333333,0.03042491133333333,0.026985891666666664,0.02682814,0.02259392,0.007922053133333334,0.01870370866666667,0.02133158066666667,0.021151149333333334,0.019613316,0.024486726666666667,0.02092126,0.018572209333333332,0.019886307000000002,0.018949864333333333,0.019248956333333334,0.020211891333333336,0.014325622666666668,0.014071067,0.018469484333333334
10,0.016577947333333336,0.017289644333333333,0.012087492333333333,0.02875507466666667,0.015418797666666668,0.005549319499999999,0.017103084,0.011452555666666668,0.012147498000000001,0.010880001666666667,0.0,0.026687402000000002,0.014944283,0.01633151366666667,0.014358270333333334,0.011592419999999999,0.013796392999999999,0.015200414333333334,0.011493950999999999,0.017466032333333333,0.03310246533333334,0.019041836333333333,0.011419380000000002,0.017629901666666666,0.012467279,0.02350737066666667,0.017187762333333335,0.018238129,0.019176713666666668,0.013627354333333334,0.015346006333333332,0.020442571,0.013820153333333333,0.022928770666666667,0.017406964,0.017633033,0.022027118666666668,0.023200016666666667,0.013710455333333333,0.010788351333333335,0.0061358789999999995,0.010933216333333332,0.011909323999999999,0.010476527666666667,0.011099332666666666,0.008584465333333334,0.015771462333333333,0.008205964333333335,0.010049909333333332,0.017952331,0.009706507333333333,0.018220491999999998,0.011966202666666667,0.012776472,0.019403304666666666,0.013187678666666666,0.017671914666666667,0.007728618333333334,0.030040699,0.03481346166666666,0.013710455333333333,0.016577947333333336,0.032680128333333336,0.010788351333333335,0.0061358789999999995,0.02995109933333333,0.017466032333333333,0.010933216333333332,0.03310246533333334,0.019041836333333333,0.011909323999999999,0.017289644333333333,0.023020528,0.011477657,0.012087492333333333,0.02875507466666667,0.010476527666666667,0.011419380000000002,0.01899373766666667,0.015418797666666668,0.005549319499999999,0.017103084,0.017629901666666666,0.024988899666666665,0.011452555666666668,0.02471145433333333,0.022230885333333335,0.012147498000000001,0.011099332666666666,0.012467279,0.030661187666666662,0.025529063,0.010880001666666667,0.008584465333333334,0.01875598833333333,0.015771462333333333,0.02350737066666667,0.008205964333333335,0.010049909333333332,0.0,0.026687402000000002,0.017952331,0.024435870000000002,0.015703594666666668,0.014944283,0.017187762333333335,0.024366759999999998,0.018238129,0.009706507333333333,0.019176713666666668,0.023550138333333335,0.01633151366666667,0.014358270333333334,0.018220491999999998,0.011966202666666667,0.011592419999999999,0.013627354333333334,0.013796392999999999,0.015346006333333332,0.020442571,0.015200414333333334,0.012776472,0.011435246666666666,0.016113489666666665,0.011493950999999999,0.013820153333333333,0.022928770666666667,0.019403304666666666,0.013187678666666666,0.017406964,0.017633033,0.022027118666666668,0.024556698333333335,0.017671914666666667,0.023200016666666667,0.007728618333333334,0.030040699,0.03481346166666666,0.032680128333333336,0.02995109933333333,0.023020528,0.011477657,0.01899373766666667,0.024988899666666665,0.02471145433333333,0.022230885333333335,0.030661187666666662,0.025529063,0.01875598833333333,0.024435870000000002,0.015703594666666668,0.024366759999999998,0.023550138333333335,0.011435246666666666,0.016113489666666665,0.024556698333333335
11,0.03345305466666667,0.022511299333333335,0.025807005,0.020253894666666664,0.03020677533333333,0.029839966666666665,0.028762875000000004,0.021007989,0.027514523333333332,0.027453097666666662,0.026687402000000002,0.0,0.018421417666666665,0.030874155,0.03704254333333334,0.01902343033333333,0.025468432666666665,0.021323869333333335,0.027960487333333336,0.028360043333333338,0.02298512466666667,0.03917176866666667,0.032070065,0.020680427666666668,0.027393220000000003,0.030307712333333334,0.027907500000000005,0.030454695666666667,0.03842286666666667,0.032648349,0.03641839833333334,0.031217821666666666,0.03364649933333333,0.038718932,0.026629189333333327,0.028478900666666664,0.036111486,0.023438503333333336,0.030896178666666666,0.027522706666666667,0.029583423999999994,0.027253645333333337,0.02925893,0.03508053433333334,0.026804228666666666,0.029543741,0.02654445,0.02958282433333333,0.028612129,0.032560151999999995,0.025702620000000002,0.037253223333333335,0.024003300666666665,0.033220851333333336,0.029749505,0.028946286666666668,0.024973201666666667,0.031407286,0.021449459,0.022529419333333335,0.030896178666666666,0.03345305466666667,0.017848938666666665,0.027522706666666667,0.029583423999999994,0.015884620000000002,0.028360043333333338,0.027253645333333337,0.02298512466666667,0.03917176866666667,0.02925893,0.022511299333333335,0.016479541666666667,0.024082086666666665,0.025807005,0.020253894666666664,0.03508053433333334,0.032070065,0.020340339333333332,0.03020677533333333,0.029839966666666665,0.028762875000000004,0.020680427666666668,0.016152461333333333,0.021007989,0.018361232666666668,0.017950598666666664,0.027514523333333332,0.026804228666666666,0.027393220000000003,0.020469339666666666,0.024554661666666665,0.027453097666666662,0.029543741,0.018862786,0.02654445,0.030307712333333334,0.02958282433333333,0.028612129,0.026687402000000002,0.0,0.032560151999999995,0.020799939,0.020161907,0.018421417666666665,0.027907500000000005,0.019466612666666664,0.030454695666666667,0.025702620000000002,0.03842286666666667,0.018519429,0.030874155,0.03704254333333334,0.037253223333333335,0.024003300666666665,0.01902343033333333,0.032648349,0.025468432666666665,0.03641839833333334,0.031217821666666666,0.021323869333333335,0.033220851333333336,0.026544847333333333,0.02364871866666667,0.027960487333333336,0.03364649933333333,0.038718932,0.029749505,0.028946286666666668,0.026629189333333327,0.028478900666666664,0.036111486,0.01967394933333333,0.024973201666666667,0.023438503333333336,0.031407286,0.021449459,0.022529419333333335,0.017848938666666665,0.015884620000000002,0.016479541666666667,0.024082086666666665,0.020340339333333332,0.016152461333333333,0.018361232666666668,0.017950598666666664,0.020469339666666666,0.024554661666666665,0.018862786,0.020799939,0.020161907,0.019466612666666664,0.018519429,0.026544847333333333,0.02364871866666667,0.01967394933333333
