,omer_02.jpg,tal_05.jpg,omer_07.jpg,tal_06.jpg,omer_06.jpg,omer_08.jpg,tal_01.jpg,omer_03.jpg,tal_07.jpg,tal_03.jpg,omer_04.jpg,omer_10.jpg,tal_09.jpg,tal_02.jpg,tal_08.jpg,omer_09.jpg,tal_10.jpg,omer_05.jpg,tal_04.jpg,matt_04.jpg,dom_10.jpg,dom_05.jpg,matt_08.jpg,dom_04.jpg,matt_02.jpg,matt_07.jpg,matt_06.jpg,matt_05.jpg,dom_07.jpg,dom_03.jpg,matt_03.jpg,matt_01.jpg,dom_06.jpg,matt_10.jpg,dom_01.jpg,dom_09.jpg,matt_09.jpg,dom_02.jpg,tess_03.jpg,taz_06.jpg,taz_04.jpg,taz_03.jpg,tess_01.jpg,tess_07.jpg,tess_05.jpg,taz_05.jpg,tess_02.jpg,tess_09.jpg,tess_06.jpg,taz_07.jpg,taz_02.jpg,tess_04.jpg,taz_09.jpg,tess_08.jpg,taz_08.jpg,taz_01.jpg,tess_10.jpg,taz_10.jpg,marina_07.jpg,tamar_04.jpg,tess_03.jpg.1,omer_02.jpg.1,marina_04.jpg,taz_06.jpg.1,taz_04.jpg.1,marina_01.jpg,matt_04.jpg.1,taz_03.jpg.1,dom_10.jpg.1,dom_05.jpg.1,tess_01.jpg.1,tal_05.jpg.1,marina_06.jpg,tamar_09.jpg,omer_07.jpg.1,tal_06.jpg.1,tess_07.jpg.1,matt_08.jpg.1,marina_08.jpg,omer_06.jpg.1,omer_08.jpg.1,tal_01.jpg.1,dom_04.jpg.1,tamar_10.jpg,omer_03.jpg.1,tamar_02.jpg,tamar_05.jpg,tal_07.jpg.1,tess_05.jpg.1,matt_02.jpg.1,tamar_07.jpg,tamar_03.jpg,tal_03.jpg.1,taz_05.jpg.1,marina_09.jpg,tess_02.jpg.1,matt_07.jpg.1,tess_09.jpg.1,tess_06.jpg.1,omer_04.jpg.1,omer_10.jpg.1,taz_07.jpg.1,tamar_01.jpg,marina_10.jpg,tal_09.jpg.1,matt_06.jpg.1,tamar_06.jpg,matt_05.jpg.1,taz_02.jpg.1,dom_07.jpg.1,marina_05.jpg,tal_02.jpg.1,tal_08.jpg.1,tess_04.jpg.1,taz_09.jpg.1,omer_09.jpg.1,dom_03.jpg.1,tal_10.jpg.1,matt_03.jpg.1,matt_01.jpg.1,omer_05.jpg.1,tess_08.jpg.1,marina_02.jpg,marina_03.jpg,tal_04.jpg.1,dom_06.jpg.1,matt_10.jpg.1,taz_08.jpg.1,taz_01.jpg.1,dom_01.jpg.1,dom_09.jpg.1,matt_09.jpg.1,tamar_08.jpg,tess_10.jpg.1,dom_02.jpg.1,taz_10.jpg.1,marina_07.jpg.1,tamar_04.jpg.1,marina_04.jpg.1,marina_01.jpg.1,marina_06.jpg.1,tamar_09.jpg.1,marina_08.jpg.1,tamar_10.jpg.1,tamar_02.jpg.1,tamar_05.jpg.1,tamar_07.jpg.1,tamar_03.jpg.1,marina_09.jpg.1,tamar_01.jpg.1,marina_10.jpg.1,tamar_06.jpg.1,marina_05.jpg.1,marina_02.jpg.1,marina_03.jpg.1,tamar_08.jpg.1
0,3.973642999999999e-09,0.0069592774,0.013936871333333331,0.02267700033333333,0.008068317,0.012527599,0.014953434333333333,0.018437032,0.007667169999999999,0.009391518333333333,0.006291949866666666,0.017767870666666668,0.020463327333333337,0.0035045942000000003,0.007615403333333334,0.012113901000000002,0.016265827333333333,0.020367727666666665,0.006934899,0.0043425899999999995,0.009709286666666667,0.014996617999999998,0.012783408333333333,0.010870228000000001,0.013651478333333333,0.027116036666666666,0.008768431333333333,0.013234748466666666,0.016195174,0.013318121333333332,0.01077708,0.019402394666666666,0.0097616592,0.008162836,0.0044088522,0.005333177266666667,0.009533337666666667,0.018194876000000002,0.009963844333333334,0.010956649,0.004293239,0.009045058333333333,0.007888923166666667,0.008365025,0.011169119666666666,0.012596267666666666,0.009200292666666667,0.008280871333333334,0.008681055,0.007567189,0.012659921333333332,0.009612141,0.011851386,0.008572999500000001,0.009730661,0.011645251666666667,0.024282056666666666,0.005778380166666667,0.016798939333333332,0.009756803333333335,0.009963844333333334,3.973642999999999e-09,0.022631128666666667,0.010956649,0.004293239,0.02710580433333333,0.0043425899999999995,0.009045058333333333,0.009709286666666667,0.014996617999999998,0.007888923166666667,0.0069592774,0.020218142333333335,0.009485445333333335,0.013936871333333331,0.02267700033333333,0.008365025,0.012783408333333333,0.017450539333333334,0.008068317,0.012527599,0.014953434333333333,0.010870228000000001,0.022710313333333332,0.018437032,0.016109997,0.020273296333333336,0.007667169999999999,0.011169119666666666,0.013651478333333333,0.015251991999999999,0.017164923333333335,0.009391518333333333,0.012596267666666666,0.024912385,0.009200292666666667,0.027116036666666666,0.008280871333333334,0.008681055,0.006291949866666666,0.017767870666666668,0.007567189,0.019316190666666667,0.01709229333333333,0.020463327333333337,0.008768431333333333,0.022620228666666665,0.013234748466666666,0.012659921333333332,0.016195174,0.019053443,0.0035045942000000003,0.007615403333333334,0.009612141,0.011851386,0.012113901000000002,0.013318121333333332,0.016265827333333333,0.01077708,0.019402394666666666,0.020367727666666665,0.008572999500000001,0.013772934666666665,0.014501714666666667,0.006934899,0.0097616592,0.008162836,0.009730661,0.011645251666666667,0.0044088522,0.005333177266666667,0.009533337666666667,0.014312265333333333,0.024282056666666666,0.018194876000000002,0.005778380166666667,0.016798939333333332,0.009756803333333335,0.022631128666666667,0.02710580433333333,0.020218142333333335,0.009485445333333335,0.017450539333333334,0.022710313333333332,0.016109997,0.020273296333333336,0.015251991999999999,0.017164923333333335,0.024912385,0.019316190666666667,0.01709229333333333,0.022620228666666665,0.019053443,0.013772934666666665,0.014501714666666667,0.014312265333333333
1,0.0069592774,1.9868214999999996e-09,0.014907358,0.019752597666666667,0.013961420666666667,0.01879103366666667,0.01810416733333333,0.018750325666666668,0.015629929333333334,0.013486704999999998,0.012476988666666666,0.015621262666666665,0.019530763666666666,0.006739628333333333,0.01391957,0.014238310000000002,0.01733971633333333,0.021242589,0.009079776,0.009892423833333334,0.012421651666666667,0.021761554666666665,0.018397229999999997,0.008035934,0.019701810666666666,0.02897613866666667,0.014961248666666668,0.021295122333333336,0.022180112,0.020589134999999998,0.018737268666666664,0.023059191333333333,0.018743683666666667,0.016026252333333334,0.007555180666666666,0.009353856166666667,0.012797432666666667,0.01904975733333333,0.014704416666666664,0.013377060666666666,0.007587426800000001,0.011134789333333332,0.009102557,0.015202607666666668,0.013473475,0.015888411,0.0077260612,0.013683408333333334,0.009922868,0.012034312666666666,0.013179546333333332,0.016578998,0.013524582,0.015052032666666666,0.012872753666666665,0.014062987,0.021333046666666668,0.011722624333333332,0.016428510333333333,0.010998828999999998,0.014704416666666664,0.0069592774,0.018793439999999998,0.013377060666666666,0.007587426800000001,0.021954822666666665,0.009892423833333334,0.011134789333333332,0.012421651666666667,0.021761554666666665,0.009102557,1.9868214999999996e-09,0.017072603999999998,0.012568913,0.014907358,0.019752597666666667,0.015202607666666668,0.018397229999999997,0.016690194666666665,0.013961420666666667,0.01879103366666667,0.01810416733333333,0.008035934,0.019793396666666668,0.018750325666666668,0.012444869666666665,0.018386231,0.015629929333333334,0.013473475,0.019701810666666666,0.013087274666666667,0.013083835333333333,0.013486704999999998,0.015888411,0.023771931333333333,0.0077260612,0.02897613866666667,0.013683408333333334,0.009922868,0.012476988666666666,0.015621262666666665,0.012034312666666666,0.015313245333333335,0.015289048000000001,0.019530763666666666,0.014961248666666668,0.019342796,0.021295122333333336,0.013179546333333332,0.022180112,0.015768377,0.006739628333333333,0.01391957,0.016578998,0.013524582,0.014238310000000002,0.020589134999999998,0.01733971633333333,0.018737268666666664,0.023059191333333333,0.021242589,0.015052032666666666,0.013338651333333333,0.016752054333333332,0.009079776,0.018743683666666667,0.016026252333333334,0.012872753666666665,0.014062987,0.007555180666666666,0.009353856166666667,0.012797432666666667,0.011500009,0.021333046666666668,0.01904975733333333,0.011722624333333332,0.016428510333333333,0.010998828999999998,0.018793439999999998,0.021954822666666665,0.017072603999999998,0.012568913,0.016690194666666665,0.019793396666666668,0.012444869666666665,0.018386231,0.013087274666666667,0.013083835333333333,0.023771931333333333,0.015313245333333335,0.015289048000000001,0.019342796,0.015768377,0.013338651333333333,0.016752054333333332,0.011500009
2,0.013936871333333331,0.014907358,0.0,0.010674707466666666,0.007676907333333333,0.015629444333333336,0.009356510666666666,0.011460336133333334,0.017373364999999998,0.005453866666666667,0.014867015666666667,0.019832867333333334,0.026829149,0.017017655000000003,0.008673322333333334,0.008029445,0.008638667999999999,0.018427713666666668,0.011484189666666667,0.016782337333333334,0.008477890533333332,0.018915389,0.02583182433333333,0.020678689000000004,0.016179172333333332,0.03342381333333333,0.009036356333333332,0.02129656266666667,0.026979091,0.017849231,0.021535971,0.01977096,0.016852428666666665,0.013534967133333332,0.014576240333333334,0.017632604,0.023616579999999998,0.012260532333333332,0.006615376433333334,0.006334203533333333,0.010496793333333334,0.007877224666666667,0.005910843666666667,0.009637598333333334,0.008168935666666665,0.006081020933333334,0.014982609000000001,0.006579536333333333,0.009049135666666668,0.0073162178,0.008565437666666667,0.013440225666666666,0.006226428333333334,0.0114907265,0.005575657,0.0045022268333333336,0.013891768333333334,0.0096440972,0.005727750066666666,0.008390539666666667,0.006615376433333334,0.013936871333333331,0.014037474000000001,0.006334203533333333,0.010496793333333334,0.021434786,0.016782337333333334,0.007877224666666667,0.008477890533333332,0.018915389,0.005910843666666667,0.014907358,0.020178806666666667,0.006228691333333333,0.0,0.010674707466666666,0.009637598333333334,0.02583182433333333,0.012906634666666666,0.007676907333333333,0.015629444333333336,0.009356510666666666,0.020678689000000004,0.013481261466666667,0.011460336133333334,0.015541970666666667,0.016556850999999997,0.017373364999999998,0.008168935666666665,0.016179172333333332,0.008786364466666667,0.010783112133333333,0.005453866666666667,0.006081020933333334,0.016848290000000002,0.014982609000000001,0.03342381333333333,0.006579536333333333,0.009049135666666668,0.014867015666666667,0.019832867333333334,0.0073162178,0.013560235333333334,0.020410265333333334,0.026829149,0.009036356333333332,0.014030666999999998,0.02129656266666667,0.008565437666666667,0.026979091,0.014732762000000002,0.017017655000000003,0.008673322333333334,0.013440225666666666,0.006226428333333334,0.008029445,0.017849231,0.008638667999999999,0.021535971,0.01977096,0.018427713666666668,0.0114907265,0.020294285000000002,0.0040221612,0.011484189666666667,0.016852428666666665,0.013534967133333332,0.005575657,0.0045022268333333336,0.014576240333333334,0.017632604,0.023616579999999998,0.012920799,0.013891768333333334,0.012260532333333332,0.0096440972,0.005727750066666666,0.008390539666666667,0.014037474000000001,0.021434786,0.020178806666666667,0.006228691333333333,0.012906634666666666,0.013481261466666667,0.015541970666666667,0.016556850999999997,0.008786364466666667,0.010783112133333333,0.016848290000000002,0.013560235333333334,0.020410265333333334,0.014030666999999998,0.014732762000000002,0.020294285000000002,0.0040221612,0.012920799
3,0.02267700033333333,0.019752597666666667,0.010674707466666666,7.947285999999998e-09,0.017575494333333334,0.027993949,0.014509546666666666,0.009924954333333335,0.029752250333333334,0.013706727666666666,0.026489593666666665,0.017107742666666665,0.024894589333333335,0.02192578133333333,0.02069658833333333,0.014781413333333333,0.012715109,0.016926983666666666,0.014817148666666665,0.021279732333333336,0.013882233666666667,0.032315321333333334,0.03423199833333333,0.020555355333333334,0.020911367666666666,0.03490813433333333,0.021427582,0.032319842,0.03583603866666666,0.02599980433333333,0.031832945,0.023301728,0.03035878533333333,0.026288503333333338,0.01855384333333333,0.023468186000000002,0.028627403666666665,0.009339112,0.016506925999999998,0.009268689333333333,0.016605961333333332,0.012180482999999999,0.014142050333333333,0.02170361666666667,0.011416185,0.016099806666666668,0.015070634666666667,0.01819638833333333,0.013072293666666667,0.017490261666666666,0.010601633666666666,0.026437074,0.011573119866666667,0.024628506,0.013692279666666668,0.012142848866666667,0.0029483974333333334,0.021553899666666668,0.007710182666666667,0.011114513666666666,0.016506925999999998,0.02267700033333333,0.0034624696,0.009268689333333333,0.016605961333333332,0.011500736000000001,0.021279732333333336,0.012180482999999999,0.013882233666666667,0.032315321333333334,0.014142050333333333,0.019752597666666667,0.012133898333333334,0.012116267333333335,0.010674707466666666,7.947285999999998e-09,0.02170361666666667,0.03423199833333333,0.01148239,0.017575494333333334,0.027993949,0.014509546666666666,0.020555355333333334,0.0043700934,0.009924954333333335,0.010785919333333335,0.009767421,0.029752250333333334,0.011416185,0.020911367666666666,0.005191824766666667,0.006611518166666667,0.013706727666666666,0.016099806666666668,0.012211906666666668,0.015070634666666667,0.03490813433333333,0.01819638833333333,0.013072293666666667,0.026489593666666665,0.017107742666666665,0.017490261666666666,0.005237293233333333,0.0164581,0.024894589333333335,0.021427582,0.006926008,0.032319842,0.010601633666666666,0.03583603866666666,0.0080268225,0.02192578133333333,0.02069658833333333,0.026437074,0.011573119866666667,0.014781413333333333,0.02599980433333333,0.012715109,0.031832945,0.023301728,0.016926983666666666,0.024628506,0.02035470433333333,0.011233782666666666,0.014817148666666665,0.03035878533333333,0.026288503333333338,0.013692279666666668,0.012142848866666667,0.01855384333333333,0.023468186000000002,0.028627403666666665,0.008608067,0.0029483974333333334,0.009339112,0.021553899666666668,0.007710182666666667,0.011114513666666666,0.0034624696,0.011500736000000001,0.012133898333333334,0.012116267333333335,0.01148239,0.0043700934,0.010785919333333335,0.009767421,0.005191824766666667,0.006611518166666667,0.012211906666666668,0.005237293233333333,0.0164581,0.006926008,0.0080268225,0.02035470433333333,0.011233782666666666,0.008608067
4,0.008068317,0.013961420666666667,0.007676907333333333,0.017575494333333334,0.0,0.013472646666666666,0.006737127,0.01722885,0.010592776666666666,0.0026626646,0.011017282666666666,0.025286932666666668,0.02795274433333333,0.010847238666666667,0.0026607851333333332,0.008623528333333333,0.009497660333333331,0.022872382333333333,0.0061840334666666665,0.0096539895,0.006785134466666666,0.013191344333333332,0.019791895333333333,0.02049717733333333,0.009736919166666667,0.033443287333333335,0.0028959354000000002,0.014297634333333335,0.021752059666666667,0.011698746666666668,0.014734943666666667,0.019177407333333334,0.009105402333333335,0.006140728833333333,0.009613512,0.013851813666666666,0.017806476333333335,0.015404737000000002,0.0021173577,0.0057734349999999995,0.006536201666666667,0.006530507333333334,0.007228265133333333,0.0029267171999999998,0.005744705466666666,0.007136774166666667,0.013861020333333333,0.0017525514000000001,0.008687778333333333,0.0029624819666666663,0.011197762,0.006834204833333333,0.006759047333333334,0.004639250166666667,0.003535817066666667,0.003976873533333333,0.021764363999999998,0.003859629333333334,0.009838597,0.007705897000000001,0.0021173577,0.008068317,0.021815014333333334,0.0057734349999999995,0.006536201666666667,0.028996801,0.0096539895,0.006530507333333334,0.006785134466666666,0.013191344333333332,0.007228265133333333,0.013961420666666667,0.025328973666666664,0.003017882466666667,0.007676907333333333,0.017575494333333334,0.0029267171999999998,0.019791895333333333,0.014937271666666667,0.0,0.013472646666666666,0.006737127,0.02049717733333333,0.020685760333333334,0.01722885,0.019590028333333336,0.021233022666666667,0.010592776666666666,0.005744705466666666,0.009736919166666667,0.013413745,0.01762821233333333,0.0026626646,0.007136774166666667,0.021456341,0.013861020333333333,0.033443287333333335,0.0017525514000000001,0.008687778333333333,0.011017282666666666,0.025286932666666668,0.0029624819666666663,0.019734889,0.021806085,0.02795274433333333,0.0028959354000000002,0.021832686666666667,0.014297634333333335,0.011197762,0.021752059666666667,0.020427767666666666,0.010847238666666667,0.0026607851333333332,0.006834204833333333,0.006759047333333334,0.008623528333333333,0.011698746666666668,0.009497660333333331,0.014734943666666667,0.019177407333333334,0.022872382333333333,0.004639250166666667,0.01990353433333333,0.005492834166666667,0.0061840334666666665,0.009105402333333335,0.006140728833333333,0.003535817066666667,0.003976873533333333,0.009613512,0.013851813666666666,0.017806476333333335,0.015795515,0.021764363999999998,0.015404737000000002,0.003859629333333334,0.009838597,0.007705897000000001,0.021815014333333334,0.028996801,0.025328973666666664,0.003017882466666667,0.014937271666666667,0.020685760333333334,0.019590028333333336,0.021233022666666667,0.013413745,0.01762821233333333,0.021456341,0.019734889,0.021806085,0.021832686666666667,0.020427767666666666,0.01990353433333333,0.005492834166666667,0.015795515
5,0.012527599,0.01879103366666667,0.015629444333333336,0.027993949,0.013472646666666666,3.973642999999999e-09,0.012863471,0.01466518,0.006140657333333333,0.014888918333333334,0.004949389,0.021821028000000003,0.018559050333333334,0.014231276333333332,0.013191564666666666,0.014523001333333334,0.022690683666666666,0.013670446666666666,0.01831200566666667,0.012563457,0.022541872333333334,0.007578078666666667,0.009980917133333333,0.025164166666666668,0.0110886175,0.021052609,0.012407090333333334,0.007939132333333333,0.008499322466666666,0.006892007533333333,0.007290635333333333,0.008919863,0.0064500749999999996,0.008943609466666667,0.015008417666666666,0.011917674333333333,0.012337373,0.015365825000000001,0.017339837666666667,0.016263908333333334,0.015558032333333334,0.020994554000000002,0.014745922666666666,0.012752878666666667,0.022114718,0.009811325833333334,0.023922189,0.014387559999999999,0.019444721666666664,0.015762971,0.02074353866666667,0.007718239333333334,0.02115125666666667,0.010208479666666666,0.017772169999999997,0.017486935999999998,0.026377641999999996,0.011526519333333334,0.02482605566666667,0.02237372766666667,0.017339837666666667,0.012527599,0.030476252,0.016263908333333334,0.015558032333333334,0.03642165000000001,0.012563457,0.020994554000000002,0.022541872333333334,0.007578078666666667,0.014745922666666666,0.01879103366666667,0.02433195133333333,0.017224029666666665,0.015629444333333336,0.027993949,0.012752878666666667,0.009980917133333333,0.026749533333333336,0.013472646666666666,3.973642999999999e-09,0.012863471,0.025164166666666668,0.0289562,0.01466518,0.028739180666666666,0.02362935366666667,0.006140657333333333,0.022114718,0.0110886175,0.024381711333333334,0.026922297333333334,0.014888918333333334,0.009811325833333334,0.025792885,0.023922189,0.021052609,0.014387559999999999,0.019444721666666664,0.004949389,0.021821028000000003,0.015762971,0.02626425866666667,0.029305613,0.018559050333333334,0.012407090333333334,0.027540652333333335,0.007939132333333333,0.02074353866666667,0.008499322466666666,0.029329293333333332,0.014231276333333332,0.013191564666666666,0.007718239333333334,0.02115125666666667,0.014523001333333334,0.006892007533333333,0.022690683666666666,0.007290635333333333,0.008919863,0.013670446666666666,0.010208479666666666,0.013847360999999999,0.01528067,0.01831200566666667,0.0064500749999999996,0.008943609466666667,0.017772169999999997,0.017486935999999998,0.015008417666666666,0.011917674333333333,0.012337373,0.026252863666666668,0.026377641999999996,0.015365825000000001,0.011526519333333334,0.02482605566666667,0.02237372766666667,0.030476252,0.03642165000000001,0.02433195133333333,0.017224029666666665,0.026749533333333336,0.0289562,0.028739180666666666,0.02362935366666667,0.024381711333333334,0.026922297333333334,0.025792885,0.02626425866666667,0.029305613,0.027540652333333335,0.029329293333333332,0.013847360999999999,0.01528067,0.026252863666666668
6,0.014953434333333333,0.01810416733333333,0.009356510666666666,0.014509546666666666,0.006737127,0.012863471,0.0,0.012950092666666668,0.014281859000000001,0.007303158333333334,0.015381050333333333,0.021950199333333333,0.023305812,0.015356274333333335,0.009780285666666666,0.008426408,0.010224342199999998,0.016639807,0.012314081333333334,0.013687805333333332,0.012959788333333333,0.013532048666666666,0.019609665333333335,0.022919636666666666,0.008158379666666667,0.02657120866666667,0.007538690133333333,0.014340726333333333,0.02131600566666667,0.009427154,0.017234268,0.012056551666666667,0.012889121,0.011712203499999999,0.015303645333333334,0.016698619,0.019444203333333337,0.010308353,0.009014863,0.008393547833333332,0.013565675333333334,0.012782808000000001,0.011983122333333334,0.009755434666666667,0.010993188666666669,0.007037087333333333,0.01931798066666667,0.008764600666666667,0.013585676666666666,0.010711765,0.013164242,0.010105260333333333,0.011128839,0.010381875333333334,0.010700220000000002,0.008494897833333332,0.017039138,0.011107927666666666,0.011402551333333334,0.014145680333333332,0.009014863,0.014953434333333333,0.019972793,0.008393547833333332,0.013565675333333334,0.026941440333333334,0.013687805333333332,0.012782808000000001,0.012959788333333333,0.013532048666666666,0.011983122333333334,0.01810416733333333,0.022687723333333337,0.007465326866666666,0.009356510666666666,0.014509546666666666,0.009755434666666667,0.019609665333333335,0.014826357333333335,0.006737127,0.012863471,0.0,0.022919636666666666,0.017779114,0.012950092666666668,0.020967064333333334,0.017728171666666667,0.014281859000000001,0.010993188666666669,0.008158379666666667,0.015553983333333332,0.019321553,0.007303158333333334,0.007037087333333333,0.014817122666666667,0.01931798066666667,0.02657120866666667,0.008764600666666667,0.013585676666666666,0.015381050333333333,0.021950199333333333,0.010711765,0.019044447000000003,0.021531004000000003,0.023305812,0.007538690133333333,0.01870580933333333,0.014340726333333333,0.013164242,0.02131600566666667,0.020431707333333333,0.015356274333333335,0.009780285666666666,0.010105260333333333,0.011128839,0.008426408,0.009427154,0.010224342199999998,0.017234268,0.012056551666666667,0.016639807,0.010381875333333334,0.018569499333333333,0.004814998433333333,0.012314081333333334,0.012889121,0.011712203499999999,0.010700220000000002,0.008494897833333332,0.015303645333333334,0.016698619,0.019444203333333337,0.018006964333333333,0.017039138,0.010308353,0.011107927666666666,0.011402551333333334,0.014145680333333332,0.019972793,0.026941440333333334,0.022687723333333337,0.007465326866666666,0.014826357333333335,0.017779114,0.020967064333333334,0.017728171666666667,0.015553983333333332,0.019321553,0.014817122666666667,0.019044447000000003,0.021531004000000003,0.01870580933333333,0.020431707333333333,0.018569499333333333,0.004814998433333333,0.018006964333333333
7,0.018437032,0.018750325666666668,0.011460336133333334,0.009924954333333335,0.01722885,0.01466518,0.012950092666666668,0.0,0.019509440666666666,0.014673709333333333,0.015800046666666668,0.012017287666666666,0.015320897,0.018284839333333334,0.020180486,0.009337117166666666,0.015123224666666664,0.005300104533333333,0.016483734333333333,0.016700961,0.017555589,0.022275545333333334,0.022831332666666666,0.020775169333333336,0.014315412333333333,0.022917872333333332,0.018400178333333333,0.020843453333333335,0.022256009,0.016420317,0.019979153333333333,0.010619120000000001,0.021556025666666666,0.019892577333333335,0.017071088666666668,0.016954394333333334,0.019422293,0.005745393066666666,0.019502391333333334,0.011170991333333333,0.016920373333333336,0.01647351366666667,0.014333707333333334,0.02015863266666667,0.016834418,0.011199233666666667,0.019152573666666665,0.01842083933333333,0.016232852,0.019058068333333334,0.011915525000000001,0.019119286666666666,0.015134026666666666,0.02085148833333333,0.017749506333333335,0.016402524333333335,0.008792873000000001,0.018160675,0.014101831333333334,0.01581847266666667,0.019502391333333334,0.018437032,0.011374068333333332,0.011170991333333333,0.016920373333333336,0.01918368733333333,0.016700961,0.01647351366666667,0.017555589,0.022275545333333334,0.014333707333333334,0.018750325666666668,0.011649854999999999,0.014563307666666669,0.011460336133333334,0.009924954333333335,0.02015863266666667,0.022831332666666666,0.014509369666666666,0.01722885,0.01466518,0.012950092666666668,0.020775169333333336,0.010192287,0.0,0.015858688,0.00856358,0.019509440666666666,0.016834418,0.014315412333333333,0.011604847333333333,0.013652364333333333,0.014673709333333333,0.011199233666666667,0.014078939,0.019152573666666665,0.022917872333333332,0.01842083933333333,0.016232852,0.015800046666666668,0.012017287666666666,0.019058068333333334,0.010590714333333332,0.019122737666666667,0.015320897,0.018400178333333333,0.009565355333333333,0.020843453333333335,0.011915525000000001,0.022256009,0.014289293666666668,0.018284839333333334,0.020180486,0.019119286666666666,0.015134026666666666,0.009337117166666666,0.016420317,0.015123224666666664,0.019979153333333333,0.010619120000000001,0.005300104533333333,0.02085148833333333,0.013882464333333334,0.012485078866666666,0.016483734333333333,0.021556025666666666,0.019892577333333335,0.017749506333333335,0.016402524333333335,0.017071088666666668,0.016954394333333334,0.019422293,0.014248897666666668,0.008792873000000001,0.005745393066666666,0.018160675,0.014101831333333334,0.01581847266666667,0.011374068333333332,0.01918368733333333,0.011649854999999999,0.014563307666666669,0.014509369666666666,0.010192287,0.015858688,0.00856358,0.011604847333333333,0.013652364333333333,0.014078939,0.010590714333333332,0.019122737666666667,0.009565355333333333,0.014289293666666668,0.013882464333333334,0.012485078866666666,0.014248897666666668
8,0.007667169999999999,0.015629929333333334,0.017373364999999998,0.029752250333333334,0.010592776666666666,0.006140657333333333,0.014281859000000001,0.019509440666666666,0.0,0.012629316333333333,0.0043607533333333325,0.022994550333333332,0.018354626333333336,0.0088476598,0.010056887333333335,0.015142635333333333,0.02151274,0.01839055233333333,0.013136375,0.0079571565,0.018523206333333334,0.005500738,0.006720413833333333,0.020954911333333333,0.008757068666666668,0.02262933433333333,0.010109410666666667,0.0036244928333333333,0.005901465866666666,0.008038895999999999,0.0025306979666666666,0.012099375333333332,0.0027406851,0.005906506266666667,0.009703238666666667,0.006825727166666668,0.006773648566666666,0.016534048000000003,0.015010227666666666,0.014262989999999998,0.011411577333333334,0.017265639333333336,0.012225488666666668,0.009133897,0.018879684,0.009880173333333334,0.019443462666666668,0.012043549333333332,0.016150067333333334,0.012513218466666668,0.019053655666666666,0.004035504566666666,0.018845453,0.007065731133333333,0.015220407333333333,0.016093953666666667,0.029755836666666664,0.007026912999999999,0.024048904333333333,0.018085933,0.015010227666666666,0.007667169999999999,0.030970418666666666,0.014262989999999998,0.011411577333333334,0.036314925000000005,0.0079571565,0.017265639333333336,0.018523206333333334,0.005500738,0.012225488666666668,0.015629929333333334,0.025713578999999997,0.014526718666666667,0.017373364999999998,0.029752250333333334,0.009133897,0.006720413833333333,0.024827544,0.010592776666666666,0.006140657333333333,0.014281859000000001,0.020954911333333333,0.029957407666666665,0.019509440666666666,0.026616875333333335,0.023557494000000002,0.0,0.018879684,0.008757068666666668,0.02270521533333333,0.02585549366666667,0.012629316333333333,0.009880173333333334,0.028782286666666667,0.019443462666666668,0.02262933433333333,0.012043549333333332,0.016150067333333334,0.0043607533333333325,0.022994550333333332,0.012513218466666668,0.02639022666666667,0.026542699333333333,0.018354626333333336,0.010109410666666667,0.029034489333333333,0.0036244928333333333,0.019053655666666666,0.005901465866666666,0.028321888,0.0088476598,0.010056887333333335,0.004035504566666666,0.018845453,0.015142635333333333,0.008038895999999999,0.02151274,0.0025306979666666666,0.012099375333333332,0.01839055233333333,0.007065731133333333,0.012904842666666668,0.016531494666666664,0.013136375,0.0027406851,0.005906506266666667,0.015220407333333333,0.016093953666666667,0.009703238666666667,0.006825727166666668,0.006773648566666666,0.023789280666666666,0.029755836666666664,0.016534048000000003,0.007026912999999999,0.024048904333333333,0.018085933,0.030970418666666666,0.036314925000000005,0.025713578999999997,0.014526718666666667,0.024827544,0.029957407666666665,0.026616875333333335,0.023557494000000002,0.02270521533333333,0.02585549366666667,0.028782286666666667,0.02639022666666667,0.026542699333333333,0.029034489333333333,0.028321888,0.012904842666666668,0.016531494666666664,0.023789280666666666
9,0.009391518333333333,0.013486704999999998,0.005453866666666667,0.013706727666666666,0.0026626646,0.014888918333333334,0.007303158333333334,0.014673709333333333,0.012629316333333333,1.9868214999999996e-09,0.012625352333333333,0.021779561333333333,0.024899552000000002,0.010770098333333334,0.005654136333333334,0.006948622000000001,0.006926109333333334,0.01990508666666667,0.005077904433333334,0.010075736,0.004535834000000001,0.016887315,0.022102889,0.017413183000000002,0.009172183333333332,0.031943344666666665,0.0058201573333333334,0.017454383999999996,0.024036578333333333,0.013422473333333332,0.016940438333333332,0.01997527266666667,0.012642725333333334,0.010698225,0.009356745,0.012956668666666667,0.018309714666666664,0.012521251,0.004195998066666666,0.004228705066666667,0.005818798,0.003646387666666667,0.005208027466666667,0.006502539,0.0035438696666666666,0.0060115,0.010930897666666666,0.0037859359999999997,0.0050481020000000005,0.004938870666666667,0.006324738333333333,0.009974153866666667,0.0038549760000000004,0.008265987866666666,0.003653427,0.0039176244999999995,0.017736260333333333,0.0062946420000000005,0.006458878666666667,0.0056352835,0.004195998066666666,0.009391518333333333,0.016161747666666667,0.004228705066666667,0.005818798,0.022961501333333335,0.010075736,0.003646387666666667,0.004535834000000001,0.016887315,0.005208027466666667,0.013486704999999998,0.020426852,0.0025623182000000006,0.005453866666666667,0.013706727666666666,0.006502539,0.022102889,0.010419629333333331,0.0026626646,0.014888918333333334,0.007303158333333334,0.017413183000000002,0.015221339333333332,0.014673709333333333,0.014200846333333333,0.015813431666666666,0.012629316333333333,0.0035438696666666666,0.009172183333333332,0.009376251666666667,0.012479305,1.9868214999999996e-09,0.0060115,0.017088725333333332,0.010930897666666666,0.031943344666666665,0.0037859359999999997,0.0050481020000000005,0.012625352333333333,0.021779561333333333,0.004938870666666667,0.014938120000000001,0.016700830333333336,0.024899552000000002,0.0058201573333333334,0.016885205,0.017454383999999996,0.006324738333333333,0.024036578333333333,0.014301884333333332,0.010770098333333334,0.005654136333333334,0.009974153866666667,0.0038549760000000004,0.006948622000000001,0.013422473333333332,0.006926109333333334,0.016940438333333332,0.01997527266666667,0.01990508666666667,0.008265987866666666,0.01734527166666667,0.003934882133333334,0.005077904433333334,0.012642725333333334,0.010698225,0.003653427,0.0039176244999999995,0.009356745,0.012956668666666667,0.018309714666666664,0.011122745333333333,0.017736260333333333,0.012521251,0.0062946420000000005,0.006458878666666667,0.0056352835,0.016161747666666667,0.022961501333333335,0.020426852,0.0025623182000000006,0.010419629333333331,0.015221339333333332,0.014200846333333333,0.015813431666666666,0.009376251666666667,0.012479305,0.017088725333333332,0.014938120000000001,0.016700830333333336,0.016885205,0.014301884333333332,0.01734527166666667,0.003934882133333334,0.011122745333333333
10,0.006291949866666666,0.012476988666666666,0.014867015666666667,0.026489593666666665,0.011017282666666666,0.004949389,0.015381050333333333,0.015800046666666668,0.0043607533333333325,0.012625352333333333,3.973642999999999e-09,0.01951940066666667,0.018354982000000002,0.009376362999999999,0.010456184333333333,0.013238239333333334,0.02157232133333333,0.017329279333333333,0.012394595000000001,0.0078697382,0.017983412666666667,0.0084805308,0.009925576133333334,0.018726623,0.011521959333333333,0.025564386333333335,0.011043397666666666,0.008767340533333334,0.008982986,0.011199800000000001,0.005757824466666667,0.013897496333333334,0.005994530333333333,0.0064836066666666674,0.0080632568,0.007135117133333333,0.008599990666666668,0.016723048666666667,0.014478183,0.013158778333333333,0.009373818,0.015780931666666668,0.0104449372,0.009857158,0.018371631666666666,0.010461954333333334,0.016291584333333334,0.011533045666666667,0.014347950666666666,0.011343723666666666,0.017333099999999997,0.006647296666666667,0.01795825133333333,0.008029242333333332,0.013713636,0.014739439666666665,0.026645044333333333,0.007048177833333334,0.022493437666666668,0.01615713666666667,0.014478183,0.006291949866666666,0.027304862,0.013158778333333333,0.009373818,0.03349849466666666,0.0078697382,0.015780931666666668,0.017983412666666667,0.0084805308,0.0104449372,0.012476988666666666,0.022034208,0.014233376666666667,0.014867015666666667,0.026489593666666665,0.009857158,0.009925576133333334,0.024363015,0.011017282666666666,0.004949389,0.015381050333333333,0.018726623,0.02703134266666667,0.015800046666666668,0.023197690666666666,0.021697786,0.0043607533333333325,0.018371631666666666,0.011521959333333333,0.019233369333333337,0.021832142000000002,0.012625352333333333,0.010461954333333334,0.028317822,0.016291584333333334,0.025564386333333335,0.011533045666666667,0.014347950666666666,3.973642999999999e-09,0.01951940066666667,0.011343723666666666,0.022145257666666664,0.02550456333333333,0.018354982000000002,0.011043397666666666,0.026071568666666666,0.008767340533333334,0.017333099999999997,0.008982986,0.025030632333333337,0.009376362999999999,0.010456184333333333,0.006647296666666667,0.01795825133333333,0.013238239333333334,0.011199800000000001,0.02157232133333333,0.005757824466666667,0.013897496333333334,0.017329279333333333,0.008029242333333332,0.011586731666666666,0.016546151999999998,0.012394595000000001,0.005994530333333333,0.0064836066666666674,0.013713636,0.014739439666666665,0.0080632568,0.007135117133333333,0.008599990666666668,0.020446983666666665,0.026645044333333333,0.016723048666666667,0.007048177833333334,0.022493437666666668,0.01615713666666667,0.027304862,0.03349849466666666,0.022034208,0.014233376666666667,0.024363015,0.02703134266666667,0.023197690666666666,0.021697786,0.019233369333333337,0.021832142000000002,0.028317822,0.022145257666666664,0.02550456333333333,0.026071568666666666,0.025030632333333337,0.011586731666666666,0.016546151999999998,0.020446983666666665
11,0.017767870666666668,0.015621262666666665,0.019832867333333334,0.017107742666666665,0.025286932666666668,0.021821028000000003,0.021950199333333333,0.012017287666666666,0.022994550333333332,0.021779561333333333,0.01951940066666667,0.0,0.010337551333333334,0.016539063000000003,0.026615945666666665,0.015308537333333334,0.020310994000000002,0.010156079,0.01995927866666667,0.016631864,0.019785197666666664,0.029769899333333336,0.02241200566666667,0.012138720333333334,0.020563843000000002,0.017424450333333334,0.02643846533333333,0.026029333333333335,0.024933139,0.023203843999999998,0.023852859333333334,0.019257259333333332,0.027779221333333333,0.027333316666666666,0.016959744666666665,0.013842576666666665,0.018506437666666667,0.013891891666666666,0.026700333666666666,0.01888564,0.01817651966666667,0.019190097333333333,0.018366601,0.027858491666666665,0.020861226333333333,0.020227893,0.016993038000000002,0.025814849000000004,0.016945350666666668,0.02476569433333333,0.014373211,0.026376152333333333,0.01957014,0.028218789666666667,0.023846860999999997,0.023568161,0.014883548333333333,0.024078673000000002,0.019292827999999998,0.019277952333333334,0.026700333666666666,0.017767870666666668,0.013276138,0.01888564,0.01817651966666667,0.013190581666666668,0.016631864,0.019190097333333333,0.019785197666666664,0.029769899333333336,0.018366601,0.015621262666666665,0.008152302,0.020895922333333334,0.019832867333333334,0.017107742666666665,0.027858491666666665,0.02241200566666667,0.015678527333333334,0.025286932666666668,0.021821028000000003,0.021950199333333333,0.012138720333333334,0.013280729333333333,0.012017287666666666,0.011930839333333334,0.011037292,0.022994550333333332,0.020861226333333333,0.020563843000000002,0.015148927666666668,0.013951649333333335,0.021779561333333333,0.020227893,0.018029042,0.016993038000000002,0.017424450333333334,0.025814849000000004,0.016945350666666668,0.01951940066666667,0.0,0.02476569433333333,0.013528065,0.012865231666666668,0.010337551333333334,0.02643846533333333,0.012628684333333333,0.026029333333333335,0.014373211,0.024933139,0.012390067333333333,0.016539063000000003,0.026615945666666665,0.026376152333333333,0.01957014,0.015308537333333334,0.023203843999999998,0.020310994000000002,0.023852859333333334,0.019257259333333332,0.010156079,0.028218789666666667,0.012170702333333335,0.022127290666666667,0.01995927866666667,0.027779221333333333,0.027333316666666666,0.023846860999999997,0.023568161,0.016959744666666665,0.013842576666666665,0.018506437666666667,0.013600015666666666,0.014883548333333333,0.013891891666666666,0.024078673000000002,0.019292827999999998,0.019277952333333334,0.013276138,0.013190581666666668,0.008152302,0.020895922333333334,0.015678527333333334,0.013280729333333333,0.011930839333333334,0.011037292,0.015148927666666668,0.013951649333333335,0.018029042,0.013528065,0.012865231666666668,0.012628684333333333,0.012390067333333333,0.012170702333333335,0.022127290666666667,0.013600015666666666
