,omer_02.jpg,tal_05.jpg,omer_07.jpg,tal_06.jpg,omer_06.jpg,omer_08.jpg,tal_01.jpg,omer_03.jpg,tal_07.jpg,tal_03.jpg,omer_04.jpg,omer_10.jpg,tal_09.jpg,tal_02.jpg,tal_08.jpg,omer_09.jpg,tal_10.jpg,omer_05.jpg,tal_04.jpg,matt_04.jpg,dom_10.jpg,dom_05.jpg,matt_08.jpg,dom_04.jpg,matt_02.jpg,matt_07.jpg,matt_06.jpg,matt_05.jpg,dom_07.jpg,dom_03.jpg,matt_03.jpg,matt_01.jpg,dom_06.jpg,matt_10.jpg,dom_01.jpg,dom_09.jpg,matt_09.jpg,dom_02.jpg,tess_03.jpg,taz_06.jpg,taz_04.jpg,taz_03.jpg,tess_01.jpg,tess_07.jpg,tess_05.jpg,taz_05.jpg,tess_02.jpg,tess_09.jpg,tess_06.jpg,taz_07.jpg,taz_02.jpg,tess_04.jpg,taz_09.jpg,tess_08.jpg,taz_08.jpg,taz_01.jpg,tess_10.jpg,taz_10.jpg,marina_07.jpg,tamar_04.jpg,tess_03.jpg.1,omer_02.jpg.1,marina_04.jpg,taz_06.jpg.1,taz_04.jpg.1,marina_01.jpg,matt_04.jpg.1,taz_03.jpg.1,dom_10.jpg.1,dom_05.jpg.1,tess_01.jpg.1,tal_05.jpg.1,marina_06.jpg,tamar_09.jpg,omer_07.jpg.1,tal_06.jpg.1,tess_07.jpg.1,matt_08.jpg.1,marina_08.jpg,omer_06.jpg.1,omer_08.jpg.1,tal_01.jpg.1,dom_04.jpg.1,tamar_10.jpg,omer_03.jpg.1,tamar_02.jpg,tamar_05.jpg,tal_07.jpg.1,tess_05.jpg.1,matt_02.jpg.1,tamar_07.jpg,tamar_03.jpg,tal_03.jpg.1,taz_05.jpg.1,marina_09.jpg,tess_02.jpg.1,matt_07.jpg.1,tess_09.jpg.1,tess_06.jpg.1,omer_04.jpg.1,omer_10.jpg.1,taz_07.jpg.1,tamar_01.jpg,marina_10.jpg,tal_09.jpg.1,matt_06.jpg.1,tamar_06.jpg,matt_05.jpg.1,taz_02.jpg.1,dom_07.jpg.1,marina_05.jpg,tal_02.jpg.1,tal_08.jpg.1,tess_04.jpg.1,taz_09.jpg.1,omer_09.jpg.1,dom_03.jpg.1,tal_10.jpg.1,matt_03.jpg.1,matt_01.jpg.1,omer_05.jpg.1,tess_08.jpg.1,marina_02.jpg,marina_03.jpg,tal_04.jpg.1,dom_06.jpg.1,matt_10.jpg.1,taz_08.jpg.1,taz_01.jpg.1,dom_01.jpg.1,dom_09.jpg.1,matt_09.jpg.1,tamar_08.jpg,tess_10.jpg.1,dom_02.jpg.1,taz_10.jpg.1,marina_07.jpg.1,tamar_04.jpg.1,marina_04.jpg.1,marina_01.jpg.1,marina_06.jpg.1,tamar_09.jpg.1,marina_08.jpg.1,tamar_10.jpg.1,tamar_02.jpg.1,tamar_05.jpg.1,tamar_07.jpg.1,tamar_03.jpg.1,marina_09.jpg.1,tamar_01.jpg.1,marina_10.jpg.1,tamar_06.jpg.1,marina_05.jpg.1,marina_02.jpg.1,marina_03.jpg.1,tamar_08.jpg.1
0,0.0,0.017117875999999997,0.0074096679999999995,0.011535847333333333,0.005754816466666667,0.0056102752,0.008295261866666667,0.010591976,0.003942215466666667,0.009913937333333334,0.0021123449333333333,0.010211618666666667,0.020256733666666662,0.0016994853666666666,0.0055490593333333334,0.0068654358,0.008781868333333333,0.012070409333333334,0.0035837907666666667,0.0016764561333333335,0.0058616935333333335,0.008603568866666666,0.007631689333333334,0.010027913333333334,0.0065787495,0.024669927333333334,0.0046759983,0.0059009591666666665,0.009679472333333333,0.0053363501,0.0044904133333333335,0.015012657666666667,0.006089653666666667,0.0038612286666666667,0.002366439466666667,0.0022369781666666667,0.006023782666666666,0.009184837333333333,0.0072928548,0.0067513863,0.0035518050333333334,0.0054526466666666665,0.005346385533333333,0.005593343533333334,0.007407077133333333,0.007715056333333333,0.0057587464,0.006637875333333334,0.006522601833333334,0.006055885466666667,0.006285862000000001,0.021126180666666664,0.0076327602,0.005173873866666666,0.006677093166666666,0.007880066,0.015669282333333333,0.004893118,0.008527243333333333,0.00519134,0.0072928548,0.0,0.010787633999999999,0.0067513863,0.0035518050333333334,0.021635947666666665,0.0016764561333333335,0.0054526466666666665,0.0058616935333333335,0.008603568866666666,0.005346385533333333,0.017117875999999997,0.016039208333333332,0.007101122666666667,0.0074096679999999995,0.011535847333333333,0.005593343533333334,0.007631689333333334,0.009124795333333333,0.005754816466666667,0.0056102752,0.008295261866666667,0.010027913333333334,0.012550042333333334,0.010591976,0.006247544333333333,0.011048183999999999,0.003942215466666667,0.007407077133333333,0.0065787495,0.0068703215,0.007823634133333333,0.009913937333333334,0.007715056333333333,0.01944982233333333,0.0057587464,0.024669927333333334,0.006637875333333334,0.006522601833333334,0.0021123449333333333,0.010211618666666667,0.006055885466666667,0.010045585666666667,0.009718465666666667,0.020256733666666662,0.0046759983,0.014130958,0.0059009591666666665,0.006285862000000001,0.009679472333333333,0.008181933333333334,0.0016994853666666666,0.0055490593333333334,0.021126180666666664,0.0076327602,0.0068654358,0.0053363501,0.008781868333333333,0.0044904133333333335,0.015012657666666667,0.012070409333333334,0.005173873866666666,0.017027856666666667,0.008168510666666667,0.0035837907666666667,0.006089653666666667,0.0038612286666666667,0.006677093166666666,0.007880066,0.002366439466666667,0.0022369781666666667,0.006023782666666666,0.0060966810000000005,0.015669282333333333,0.009184837333333333,0.004893118,0.008527243333333333,0.00519134,0.010787633999999999,0.021635947666666665,0.016039208333333332,0.007101122666666667,0.009124795333333333,0.012550042333333334,0.006247544333333333,0.011048183999999999,0.0068703215,0.007823634133333333,0.01944982233333333,0.010045585666666667,0.009718465666666667,0.014130958,0.008181933333333334,0.017027856666666667,0.008168510666666667,0.0060966810000000005
1,0.017117875999999997,5.960464499999999e-09,0.027241844,0.018603670333333332,0.026116482333333333,0.024267069666666665,0.01917429966666667,0.018268698333333333,0.022448859666666664,0.017964653,0.020500886333333336,0.010777727666666665,0.0067560731333333335,0.016407529666666667,0.026214519999999998,0.023821071333333332,0.024147115666666667,0.016552343333333334,0.020058457,0.016626407333333332,0.02442055,0.02355215533333333,0.0100960175,0.0035621046666666667,0.023366064000000002,0.008444317199999999,0.024224833666666667,0.023186457,0.020381093000000003,0.018497793,0.024135279666666665,0.018259215333333335,0.024608455333333334,0.023902795666666664,0.016575396000000003,0.016783817333333333,0.010785263666666666,0.019818451,0.027613021666666668,0.02344302933333333,0.011544843333333332,0.02288595066666667,0.02183601433333333,0.026218720666666664,0.02435282466666667,0.026939236999999998,0.010998346666666665,0.02722632266666667,0.015690042666666668,0.026658290666666664,0.016831749666666666,0.013217095333333335,0.026288620666666665,0.025159645,0.027388479333333333,0.027168075333333333,0.014147770666666667,0.025410012666666665,0.023900044333333332,0.02402346333333333,0.027613021666666668,0.017117875999999997,0.015964424333333335,0.02344302933333333,0.011544843333333332,0.010859900666666667,0.016626407333333332,0.02288595066666667,0.02442055,0.02355215533333333,0.02183601433333333,5.960464499999999e-09,0.006843316666666667,0.02683722366666667,0.027241844,0.018603670333333332,0.026218720666666664,0.0100960175,0.019898583333333334,0.026116482333333333,0.024267069666666665,0.01917429966666667,0.0035621046666666667,0.015933245333333335,0.018268698333333333,0.012545299666666669,0.012945963999999999,0.022448859666666664,0.02435282466666667,0.023366064000000002,0.020930065666666664,0.016377588,0.017964653,0.026939236999999998,0.011933004666666665,0.010998346666666665,0.008444317199999999,0.02722632266666667,0.015690042666666668,0.020500886333333336,0.010777727666666665,0.026658290666666664,0.014371103,0.010626284333333331,0.0067560731333333335,0.024224833666666667,0.014842023333333336,0.023186457,0.016831749666666666,0.020381093000000003,0.013948941333333333,0.016407529666666667,0.026214519999999998,0.013217095333333335,0.026288620666666665,0.023821071333333332,0.018497793,0.024147115666666667,0.024135279666666665,0.018259215333333335,0.016552343333333334,0.025159645,0.008289541666666667,0.025294280000000002,0.020058457,0.024608455333333334,0.023902795666666664,0.027388479333333333,0.027168075333333333,0.016575396000000003,0.016783817333333333,0.010785263666666666,0.015836038,0.014147770666666667,0.019818451,0.025410012666666665,0.023900044333333332,0.02402346333333333,0.015964424333333335,0.010859900666666667,0.006843316666666667,0.02683722366666667,0.019898583333333334,0.015933245333333335,0.012545299666666669,0.012945963999999999,0.020930065666666664,0.016377588,0.011933004666666665,0.014371103,0.010626284333333331,0.014842023333333336,0.013948941333333333,0.008289541666666667,0.025294280000000002,0.015836038
2,0.0074096679999999995,0.027241844,0.0,0.008798734333333334,0.0018343706666666668,0.0027685582666666666,0.006399915666666667,0.011031741000000001,0.005763196900000001,0.008323478733333332,0.0047234216666666665,0.01578515386666667,0.03164171,0.007614618666666667,0.0018550753666666665,0.0023403584666666665,0.002682401733333333,0.014949911666666668,0.0034756739999999998,0.007049693666666666,0.0027707695666666665,0.007875689,0.019507297333333333,0.021662041,0.0022741278666666667,0.034750684000000004,0.002450317133333333,0.007599135166666667,0.016016374,0.008064518333333333,0.0029782851333333333,0.019957596,0.004638677833333333,0.004643011,0.007381526666666667,0.008490689666666665,0.014313916666666667,0.006716724133333333,0.0013537983333333332,0.0024786134000000003,0.010436556666666668,0.0026842674000000003,0.0037570834666666667,0.0027368506,0.003287454333333333,0.0006494621333333334,0.011820405666666667,0.0013354758333333331,0.007175505,0.0012275536666666665,0.006526343,0.03134633866666667,0.0019104500666666667,0.0020381450666666664,0.0012247463,0.0011355916666666668,0.018372953333333334,0.0019979516666666667,0.0025287608666666665,0.0020820419,0.0013537983333333332,0.0074096679999999995,0.010636599666666666,0.0024786134000000003,0.010436556666666668,0.025611325333333334,0.007049693666666666,0.0026842674000000003,0.0027707695666666665,0.007875689,0.0037570834666666667,0.027241844,0.025396419,0.0018228630333333334,0.0,0.008798734333333334,0.0027368506,0.019507297333333333,0.006340078333333334,0.0018343706666666668,0.0027685582666666666,0.006399915666666667,0.021662041,0.011447085999999999,0.011031741000000001,0.009796814333333332,0.012968826333333332,0.005763196900000001,0.003287454333333333,0.0022741278666666667,0.0046978792,0.008135960333333333,0.008323478733333332,0.0006494621333333334,0.024562182,0.011820405666666667,0.034750684000000004,0.0013354758333333331,0.007175505,0.0047234216666666665,0.01578515386666667,0.0012275536666666665,0.012731337666666667,0.015729582000000002,0.03164171,0.002450317133333333,0.014336747,0.007599135166666667,0.006526343,0.016016374,0.009247996166666666,0.007614618666666667,0.0018550753666666665,0.03134633866666667,0.0019104500666666667,0.0023403584666666665,0.008064518333333333,0.002682401733333333,0.0029782851333333333,0.019957596,0.014949911666666668,0.0020381450666666664,0.027864644666666667,0.0014992912666666669,0.0034756739999999998,0.004638677833333333,0.004643011,0.0012247463,0.0011355916666666668,0.007381526666666667,0.008490689666666665,0.014313916666666667,0.007216799333333333,0.018372953333333334,0.006716724133333333,0.0019979516666666667,0.0025287608666666665,0.0020820419,0.010636599666666666,0.025611325333333334,0.025396419,0.0018228630333333334,0.006340078333333334,0.011447085999999999,0.009796814333333332,0.012968826333333332,0.0046978792,0.008135960333333333,0.024562182,0.012731337666666667,0.015729582000000002,0.014336747,0.009247996166666666,0.027864644666666667,0.0014992912666666669,0.007216799333333333
3,0.011535847333333333,0.018603670333333332,0.008798734333333334,3.973642999999999e-09,0.009455990666666666,0.011078363666666667,0.004690370933333333,0.006511225333333333,0.014067499,0.0015044232333333333,0.011254543333333334,0.0083508491,0.021903272333333335,0.012630675,0.011036004666666665,0.007602201,0.0074820995000000005,0.008289237866666667,0.0088906785,0.012132922999999999,0.009154480666666666,0.014684273999999999,0.019352440000000002,0.016723167666666667,0.007071427333333334,0.026302594333333332,0.009998961333333334,0.015137084333333333,0.01953126566666667,0.007746622999999999,0.011428171333333332,0.016968534333333334,0.012110406333333334,0.013389559666666665,0.011341562,0.012939055666666666,0.014335006666666667,0.0028527558,0.010079479333333334,0.004848009366666667,0.010210645333333334,0.008707831333333332,0.006551100833333334,0.011408583333333333,0.007872454333333332,0.008436405666666667,0.010080675333333334,0.010301780833333333,0.006061117,0.009976669166666667,0.005020412,0.026289884,0.009077491500000002,0.010369382333333335,0.010096675333333333,0.008887859333333333,0.004340481866666667,0.010325560666666667,0.004606847,0.008463714666666667,0.010079479333333334,0.011535847333333333,0.0014611304,0.004848009366666667,0.010210645333333334,0.011567230866666667,0.012132922999999999,0.008707831333333332,0.009154480666666666,0.014684273999999999,0.006551100833333334,0.018603670333333332,0.013059157333333333,0.009493645,0.008798734333333334,3.973642999999999e-09,0.011408583333333333,0.019352440000000002,0.005610034833333333,0.009455990666666666,0.011078363666666667,0.004690370933333333,0.016723167666666667,0.0022720356666666667,0.006511225333333333,0.0059310556666666665,0.002780467266666667,0.014067499,0.007872454333333332,0.007071427333333334,0.003820882233333334,0.0034544686333333333,0.0015044232333333333,0.008436405666666667,0.013639251333333331,0.010080675333333334,0.026302594333333332,0.010301780833333333,0.006061117,0.011254543333333334,0.0083508491,0.009976669166666667,0.0042935331,0.010484741333333332,0.021903272333333335,0.009998961333333334,0.003287146433333333,0.015137084333333333,0.005020412,0.01953126566666667,0.0039825778000000004,0.012630675,0.011036004666666665,0.026289884,0.009077491500000002,0.007602201,0.007746622999999999,0.0074820995000000005,0.011428171333333332,0.016968534333333334,0.008289237866666667,0.010369382333333335,0.018475838333333335,0.008206808466666667,0.0088906785,0.012110406333333334,0.013389559666666665,0.010096675333333333,0.008887859333333333,0.011341562,0.012939055666666666,0.014335006666666667,0.005085174166666667,0.004340481866666667,0.0028527558,0.010325560666666667,0.004606847,0.008463714666666667,0.0014611304,0.011567230866666667,0.013059157333333333,0.009493645,0.005610034833333333,0.0022720356666666667,0.0059310556666666665,0.002780467266666667,0.003820882233333334,0.0034544686333333333,0.013639251333333331,0.0042935331,0.010484741333333332,0.003287146433333333,0.0039825778000000004,0.018475838333333335,0.008206808466666667,0.005085174166666667
4,0.005754816466666667,0.026116482333333333,0.0018343706666666668,0.009455990666666666,0.0,0.004163646666666667,0.005857475666666667,0.013451218666666669,0.0065364082,0.008857894,0.004895854,0.015704262333333333,0.032215930999999996,0.007110643333333333,0.0019701838333333337,0.0015164296,0.002320919433333333,0.017397045999999996,0.0031940321000000003,0.0065338056666666665,0.0015451192666666664,0.010453253999999999,0.018935251333333333,0.020125844,0.001868691,0.034244301,0.0018842697,0.009201834666666667,0.018317042000000002,0.0072388389999999995,0.003792502466666667,0.022535256666666666,0.0059945107,0.005450773333333334,0.007376990666666666,0.008519101333333334,0.015056934,0.008864255666666666,0.0007786174333333333,0.0030736764,0.009736959333333333,0.0018246213666666669,0.0035380501999999997,0.0036451121,0.0017876664666666667,0.002185857266666667,0.011004158000000002,0.0008440514333333333,0.006335951766666666,0.0012150148666666665,0.005284690666666666,0.032687306666666666,0.0013261497,0.0025850753666666667,0.0012167155666666664,0.0017303169333333333,0.019198262666666667,0.0026049633,0.0027992387666666662,0.0017275790333333332,0.0007786174333333333,0.005754816466666667,0.011222358666666665,0.0030736764,0.009736959333333333,0.023506730666666663,0.0065338056666666665,0.0018246213666666669,0.0015451192666666664,0.010453253999999999,0.0035380501999999997,0.026116482333333333,0.025914466000000004,0.0008023500333333333,0.0018343706666666668,0.009455990666666666,0.0036451121,0.018935251333333333,0.0046483796,0.0,0.004163646666666667,0.005857475666666667,0.020125844,0.011084995666666668,0.013451218666666669,0.009169688,0.012970898333333333,0.0065364082,0.0017876664666666667,0.001868691,0.0055772999999999994,0.008637497999999999,0.008857894,0.002185857266666667,0.023593350333333332,0.011004158000000002,0.034244301,0.0008440514333333333,0.006335951766666666,0.004895854,0.015704262333333333,0.0012150148666666665,0.013901054999999999,0.012436803,0.032215930999999996,0.0018842697,0.013864686,0.009201834666666667,0.005284690666666666,0.018317042000000002,0.008970975999999999,0.007110643333333333,0.0019701838333333337,0.032687306666666666,0.0013261497,0.0015164296,0.0072388389999999995,0.002320919433333333,0.003792502466666667,0.022535256666666666,0.017397045999999996,0.0025850753666666667,0.02888944,0.0031545539666666665,0.0031940321000000003,0.0059945107,0.005450773333333334,0.0012167155666666664,0.0017303169333333333,0.007376990666666666,0.008519101333333334,0.015056934,0.006515552666666666,0.019198262666666667,0.008864255666666666,0.0026049633,0.0027992387666666662,0.0017275790333333332,0.011222358666666665,0.023506730666666663,0.025914466000000004,0.0008023500333333333,0.0046483796,0.011084995666666668,0.009169688,0.012970898333333333,0.0055772999999999994,0.008637497999999999,0.023593350333333332,0.013901054999999999,0.012436803,0.013864686,0.008970975999999999,0.02888944,0.0031545539666666665,0.006515552666666666
5,0.0056102752,0.024267069666666665,0.0027685582666666666,0.011078363666666667,0.004163646666666667,0.0,0.007701090833333333,0.008119044666666667,0.0032479425333333334,0.009918014333333334,0.0031192084333333332,0.013376263800000001,0.025828796666666664,0.005679188,0.0032813628666666667,0.004141124166666666,0.005809233666666667,0.011234534,0.004533632666666666,0.004880348866666666,0.005415469466666667,0.0056753079,0.013927968333333334,0.01861756866666667,0.004052861433333333,0.028718465000000002,0.0030811449,0.004232954999999999,0.009940477333333335,0.006427375333333333,0.0024944882,0.013567038333333333,0.004658703,0.002869705366666667,0.006264191866666667,0.006064013633333334,0.011378103333333334,0.006865797666666667,0.004302565166666667,0.004871408133333334,0.008900169333333334,0.005099435666666667,0.005504914,0.0036454935333333333,0.006321497866666666,0.0031186302666666665,0.011843141,0.0038926421333333335,0.00840047,0.0033882478666666664,0.008195547333333332,0.02385628266666667,0.004988090000000001,0.0035136918666666666,0.003655183233333333,0.0040005147333333334,0.017864634666666667,0.0030683338666666667,0.0057215155,0.004433099333333333,0.004302565166666667,0.0056102752,0.01242827,0.004871408133333334,0.008900169333333334,0.027372793333333333,0.004880348866666666,0.005099435666666667,0.005415469466666667,0.0056753079,0.005504914,0.024267069666666665,0.022346949333333335,0.0045465369,0.0027685582666666666,0.011078363666666667,0.0036454935333333333,0.013927968333333334,0.009331892000000001,0.004163646666666667,0.0,0.007701090833333333,0.01861756866666667,0.013799347666666666,0.008119044666666667,0.010636284,0.013465053000000001,0.0032479425333333334,0.006321497866666666,0.004052861433333333,0.006947267133333334,0.009705027,0.009918014333333334,0.0031186302666666665,0.022852268,0.011843141,0.028718465000000002,0.0038926421333333335,0.00840047,0.0031192084333333332,0.013376263800000001,0.0033882478666666664,0.012639822666666667,0.016518469666666667,0.025828796666666664,0.0030811449,0.016095259,0.004232954999999999,0.008195547333333332,0.009940477333333335,0.010993273999999999,0.005679188,0.0032813628666666667,0.02385628266666667,0.004988090000000001,0.004141124166666666,0.006427375333333333,0.005809233666666667,0.0024944882,0.013567038333333333,0.011234534,0.0035136918666666666,0.02288929866666667,0.0034005602333333335,0.004533632666666666,0.004658703,0.002869705366666667,0.003655183233333333,0.0040005147333333334,0.006264191866666667,0.006064013633333334,0.011378103333333334,0.008826089,0.017864634666666667,0.006865797666666667,0.0030683338666666667,0.0057215155,0.004433099333333333,0.01242827,0.027372793333333333,0.022346949333333335,0.0045465369,0.009331892000000001,0.013799347666666666,0.010636284,0.013465053000000001,0.006947267133333334,0.009705027,0.022852268,0.012639822666666667,0.016518469666666667,0.016095259,0.010993273999999999,0.02288929866666667,0.0034005602333333335,0.008826089
6,0.008295261866666667,0.01917429966666667,0.006399915666666667,0.004690370933333333,0.005857475666666667,0.007701090833333333,0.0,0.009061781333333333,0.010459392999999999,0.004556890333333333,0.008403992666666667,0.009792562333333333,0.022988705,0.00930867,0.006708105333333335,0.0052567243666666675,0.0055561383333333336,0.011042606666666666,0.0062725463333333335,0.009352538666666665,0.0069469910000000005,0.009364660666666667,0.01564090833333333,0.015070279333333332,0.0046823422,0.026364229000000003,0.005688331666666667,0.010502145666666666,0.016548282,0.005205071,0.0082584145,0.015807572666666665,0.008623905999999999,0.009116373333333335,0.008794029666666666,0.009887936000000002,0.012090680999999999,0.004175426666666667,0.007145533999999999,0.004903326433333333,0.009006667333333333,0.006825534666666667,0.006758688,0.007709109666666668,0.006788702866666666,0.006228750833333334,0.008734428999999998,0.0074892043333333325,0.006846155666666667,0.006924555666666665,0.004722833666666666,0.026128721666666667,0.0074986060000000005,0.0065469621666666665,0.007809362666666667,0.006736811,0.01022286,0.007049002166666666,0.004800107166666667,0.006441283199999999,0.007145533999999999,0.008295261866666667,0.005740795466666667,0.004903326433333333,0.009006667333333333,0.015328254333333334,0.009352538666666665,0.006825534666666667,0.0069469910000000005,0.009364660666666667,0.006758688,0.01917429966666667,0.016071629666666667,0.006847218666666667,0.006399915666666667,0.004690370933333333,0.007709109666666668,0.01564090833333333,0.004646313166666667,0.005857475666666667,0.007701090833333333,0.0,0.015070279333333332,0.006080887666666667,0.009061781333333333,0.006796584666666666,0.006087784099999999,0.010459392999999999,0.006788702866666666,0.0046823422,0.005082662833333333,0.0059450288,0.004556890333333333,0.006228750833333334,0.014405709666666665,0.008734428999999998,0.026364229000000003,0.0074892043333333325,0.006846155666666667,0.008403992666666667,0.009792562333333333,0.006924555666666665,0.007878891833333334,0.009473739,0.022988705,0.005688331666666667,0.007985315666666666,0.010502145666666666,0.004722833666666666,0.016548282,0.005772229033333334,0.00930867,0.006708105333333335,0.026128721666666667,0.0074986060000000005,0.0052567243666666675,0.005205071,0.0055561383333333336,0.0082584145,0.015807572666666665,0.011042606666666666,0.0065469621666666665,0.019321503333333333,0.005431473333333334,0.0062725463333333335,0.008623905999999999,0.009116373333333335,0.007809362666666667,0.006736811,0.008794029666666666,0.009887936000000002,0.012090680999999999,0.005758331233333333,0.01022286,0.004175426666666667,0.007049002166666666,0.004800107166666667,0.006441283199999999,0.005740795466666667,0.015328254333333334,0.016071629666666667,0.006847218666666667,0.004646313166666667,0.006080887666666667,0.006796584666666666,0.006087784099999999,0.005082662833333333,0.0059450288,0.014405709666666665,0.007878891833333334,0.009473739,0.007985315666666666,0.005772229033333334,0.019321503333333333,0.005431473333333334,0.005758331233333333
7,0.010591976,0.018268698333333333,0.011031741000000001,0.006511225333333333,0.013451218666666669,0.008119044666666667,0.009061781333333333,0.0,0.010777837,0.007141189,0.008803157,0.007858256333333334,0.014675426666666668,0.011131992,0.012905621666666667,0.011105185666666666,0.013102847333333334,0.0015591681,0.011281965333333333,0.010152191,0.014165202333333331,0.009771184333333332,0.012662444666666666,0.015537494333333334,0.010643732333333333,0.01986805,0.011529668333333333,0.008882238333333332,0.008794597999999999,0.0080254,0.010150581666666665,0.006282144666666667,0.011362008,0.010338300333333333,0.010367449,0.010378911,0.010560029666666667,0.0037718614666666667,0.014375484,0.008648652,0.010056845333333335,0.013180703,0.009887812666666666,0.011872029333333334,0.014063543000000001,0.011111680666666669,0.012653146,0.014000417666666666,0.010750347333333332,0.012857812666666668,0.010432241333333333,0.014824573333333334,0.014058359333333333,0.012135132,0.013323736000000001,0.012686461333333333,0.006308903333333333,0.011164951333333333,0.010225991333333333,0.012170950333333335,0.014375484,0.010591976,0.006811831333333333,0.008648652,0.010056845333333335,0.020793302666666666,0.010152191,0.013180703,0.014165202333333331,0.009771184333333332,0.009887812666666666,0.018268698333333333,0.010345641666666665,0.014143520333333333,0.011031741000000001,0.006511225333333333,0.011872029333333334,0.012662444666666666,0.013575383,0.013451218666666669,0.008119044666666667,0.009061781333333333,0.015537494333333334,0.010054675666666667,0.0,0.010003902333333333,0.006521763333333334,0.010777837,0.014063543000000001,0.010643732333333333,0.007709982000000001,0.007890079333333333,0.007141189,0.011111680666666669,0.015826434,0.012653146,0.01986805,0.014000417666666666,0.010750347333333332,0.008803157,0.007858256333333334,0.012857812666666668,0.0051874299,0.01690080766666667,0.014675426666666668,0.011529668333333333,0.009246584,0.008882238333333332,0.010432241333333333,0.008794597999999999,0.009681356,0.011131992,0.012905621666666667,0.014824573333333334,0.014058359333333333,0.011105185666666666,0.0080254,0.013102847333333334,0.010150581666666665,0.006282144666666667,0.0015591681,0.012135132,0.011695587333333334,0.010606891,0.011281965333333333,0.011362008,0.010338300333333333,0.013323736000000001,0.012686461333333333,0.010367449,0.010378911,0.010560029666666667,0.010146230666666667,0.006308903333333333,0.0037718614666666667,0.011164951333333333,0.010225991333333333,0.012170950333333335,0.006811831333333333,0.020793302666666666,0.010345641666666665,0.014143520333333333,0.013575383,0.010054675666666667,0.010003902333333333,0.006521763333333334,0.007709982000000001,0.007890079333333333,0.015826434,0.0051874299,0.01690080766666667,0.009246584,0.009681356,0.011695587333333334,0.010606891,0.010146230666666667
8,0.003942215466666667,0.022448859666666664,0.005763196900000001,0.014067499,0.0065364082,0.0032479425333333334,0.010459392999999999,0.010777837,1.9868214999999996e-09,0.012071490333333332,0.0030710557666666664,0.013176488666666665,0.024024583999999998,0.0031579097,0.0037555595,0.007106621999999999,0.008800329666666667,0.012378452333333335,0.004598073066666666,0.0028494993666666663,0.0063660185,0.0046639283333333335,0.011137223,0.016260258,0.006451709999999999,0.02771682333333333,0.004753077,0.0024393936,0.0076646150000000005,0.00847495,0.0020334283666666665,0.013477861666666667,0.0037689090666666665,0.0015314638666666667,0.003881412866666667,0.002880769966666667,0.007843331333333333,0.008717093833333333,0.006930295600000001,0.006897634333333334,0.007697423333333332,0.006384635,0.007222809333333333,0.0037826717,0.008772418833333333,0.0057029685,0.010716522,0.006204686533333333,0.010023504333333332,0.005002023800000001,0.009915026,0.022002788666666665,0.0074433962,0.003951100599999999,0.005201546333333334,0.006413920833333334,0.019546947333333335,0.0035417596666666665,0.008551812333333332,0.0050854663,0.006930295600000001,0.003942215466666667,0.013896777333333334,0.006897634333333334,0.007697423333333332,0.028389423999999996,0.0028494993666666663,0.006384635,0.0063660185,0.0046639283333333335,0.007222809333333333,0.022448859666666664,0.021262424999999998,0.0070765018333333336,0.005763196900000001,0.014067499,0.0037826717,0.011137223,0.011247466,0.0065364082,0.0032479425333333334,0.010459392999999999,0.016260258,0.015769815666666666,0.010777837,0.010317552,0.015219134333333334,1.9868214999999996e-09,0.008772418833333333,0.006451709999999999,0.007890669466666667,0.010512052,0.012071490333333332,0.0057029685,0.02387415566666667,0.010716522,0.02771682333333333,0.006204686533333333,0.010023504333333332,0.0030710557666666664,0.013176488666666665,0.005002023800000001,0.013584598,0.016832637666666667,0.024024583999999998,0.004753077,0.018931432666666668,0.0024393936,0.009915026,0.0076646150000000005,0.011562196333333333,0.0031579097,0.0037555595,0.022002788666666665,0.0074433962,0.007106621999999999,0.00847495,0.008800329666666667,0.0020334283666666665,0.013477861666666667,0.012378452333333335,0.003951100599999999,0.020983189333333332,0.0051908335,0.004598073066666666,0.0037689090666666665,0.0015314638666666667,0.005201546333333334,0.006413920833333334,0.003881412866666667,0.002880769966666667,0.007843331333333333,0.009409419666666667,0.019546947333333335,0.008717093833333333,0.0035417596666666665,0.008551812333333332,0.0050854663,0.013896777333333334,0.028389423999999996,0.021262424999999998,0.0070765018333333336,0.011247466,0.015769815666666666,0.010317552,0.015219134333333334,0.007890669466666667,0.010512052,0.02387415566666667,0.013584598,0.016832637666666667,0.018931432666666668,0.011562196333333333,0.020983189333333332,0.0051908335,0.009409419666666667
9,0.009913937333333334,0.017964653,0.008323478733333332,0.0015044232333333333,0.008857894,0.009918014333333334,0.004556890333333333,0.007141189,0.012071490333333332,0.0,0.010220488,0.0068699220000000005,0.020876515,0.010956647000000002,0.009998981333333332,0.007408414166666667,0.007745423,0.008375147999999999,0.007480764333333334,0.010560570166666667,0.008077822,0.013731762,0.017802774666666667,0.015722761666666665,0.0068277357666666665,0.025951664,0.009468168,0.013997065999999999,0.018159642,0.006594022000000001,0.009937487,0.016329715333333335,0.011331466666666668,0.012223176333333334,0.009659473,0.010643454333333333,0.012468341999999999,0.002523297066666667,0.009606641666666667,0.0043764015,0.0085633915,0.0075219911,0.0057076971333333325,0.010510832,0.007280524666666666,0.0079609096,0.008611146533333334,0.009668338333333333,0.0057395935,0.009261900166666667,0.0037955580999999997,0.025510575333333334,0.008557313666666667,0.009568814333333333,0.009255711100000001,0.008328183333333333,0.005790420333333333,0.009456821333333334,0.004753237933333334,0.007053077166666667,0.009606641666666667,0.009913937333333334,0.001702108,0.0043764015,0.0085633915,0.012685127999999999,0.010560570166666667,0.0075219911,0.008077822,0.013731762,0.0057076971333333325,0.017964653,0.012637716666666667,0.008958176833333335,0.008323478733333332,0.0015044232333333333,0.010510832,0.017802774666666667,0.005591652766666667,0.008857894,0.009918014333333334,0.004556890333333333,0.015722761666666665,0.0037372013,0.007141189,0.0050475042,0.0031088512333333333,0.012071490333333332,0.007280524666666666,0.0068277357666666665,0.0029383699,0.0024942418,0.0,0.0079609096,0.014239782199999999,0.008611146533333334,0.025951664,0.009668338333333333,0.0057395935,0.010220488,0.0068699220000000005,0.009261900166666667,0.003960331266666667,0.0103534898,0.020876515,0.009468168,0.004927738599999999,0.013997065999999999,0.0037955580999999997,0.018159642,0.0034318983333333332,0.010956647000000002,0.009998981333333332,0.025510575333333334,0.008557313666666667,0.007408414166666667,0.006594022000000001,0.007745423,0.009937487,0.016329715333333335,0.008375147999999999,0.009568814333333333,0.017386680666666664,0.007808003666666666,0.007480764333333334,0.011331466666666668,0.012223176333333334,0.009255711100000001,0.008328183333333333,0.009659473,0.010643454333333333,0.012468341999999999,0.0043247958000000005,0.005790420333333333,0.002523297066666667,0.009456821333333334,0.004753237933333334,0.007053077166666667,0.001702108,0.012685127999999999,0.012637716666666667,0.008958176833333335,0.005591652766666667,0.0037372013,0.0050475042,0.0031088512333333333,0.0029383699,0.0024942418,0.014239782199999999,0.003960331266666667,0.0103534898,0.004927738599999999,0.0034318983333333332,0.017386680666666664,0.007808003666666666,0.0043247958000000005
10,0.0021123449333333333,0.020500886333333336,0.0047234216666666665,0.011254543333333334,0.004895854,0.0031192084333333332,0.008403992666666667,0.008803157,0.0030710557666666664,0.010220488,0.0,0.011937835,0.02280496566666667,0.002629725166666667,0.004004748666666667,0.0054329673333333335,0.007513614333333333,0.011277103333333333,0.002599759866666667,0.0021859885,0.005921073666666667,0.006006775199999999,0.010368482333333333,0.013509378999999998,0.004991561166666667,0.027995956,0.004274976166666666,0.004280932666666667,0.008084750199999999,0.0069231093333333325,0.0025093237999999998,0.014759303999999999,0.004441088333333333,0.0026519119999999998,0.0022261658666666664,0.002837630133333333,0.006589891333333333,0.008012882800000001,0.005804727533333333,0.005170061166666667,0.0045606633333333335,0.004529261466666667,0.003977145733333334,0.0038981536000000003,0.006867742333333334,0.0051174878,0.006960203333333333,0.005102624533333333,0.006590298666666666,0.004036553666666666,0.006861293333333333,0.022605206666666666,0.006287199166666666,0.003450286366666667,0.0049120823666666666,0.0056900582,0.016539798666666664,0.002712583466666667,0.0072602628,0.004137158333333333,0.005804727533333333,0.0021123449333333333,0.0108367602,0.005170061166666667,0.0045606633333333335,0.024874220333333332,0.0021859885,0.004529261466666667,0.005921073666666667,0.006006775199999999,0.003977145733333334,0.020500886333333336,0.017923522,0.0058690467999999996,0.0047234216666666665,0.011254543333333334,0.0038981536000000003,0.010368482333333333,0.009648188,0.004895854,0.0031192084333333332,0.008403992666666667,0.013509378999999998,0.013132762999999999,0.008803157,0.0068766951333333335,0.011684584666666668,0.0030710557666666664,0.006867742333333334,0.004991561166666667,0.005694083333333333,0.007482615999999999,0.010220488,0.0051174878,0.022714613,0.006960203333333333,0.027995956,0.005102624533333333,0.006590298666666666,0.0,0.011937835,0.004036553666666666,0.009526131666666666,0.013328333666666666,0.02280496566666667,0.004274976166666666,0.015055503666666666,0.004280932666666667,0.006861293333333333,0.008084750199999999,0.008563323666666667,0.002629725166666667,0.004004748666666667,0.022605206666666666,0.006287199166666666,0.0054329673333333335,0.0069231093333333325,0.007513614333333333,0.0025093237999999998,0.014759303999999999,0.011277103333333333,0.003450286366666667,0.01893652033333333,0.005876630466666667,0.002599759866666667,0.004441088333333333,0.0026519119999999998,0.0049120823666666666,0.0056900582,0.0022261658666666664,0.002837630133333333,0.006589891333333333,0.0061298748,0.016539798666666664,0.008012882800000001,0.002712583466666667,0.0072602628,0.004137158333333333,0.0108367602,0.024874220333333332,0.017923522,0.0058690467999999996,0.009648188,0.013132762999999999,0.0068766951333333335,0.011684584666666668,0.005694083333333333,0.007482615999999999,0.022714613,0.009526131666666666,0.013328333666666666,0.015055503666666666,0.008563323666666667,0.01893652033333333,0.005876630466666667,0.0061298748
11,0.010211618666666667,0.010777727666666665,0.01578515386666667,0.0083508491,0.015704262333333333,0.013376263800000001,0.009792562333333333,0.007858256333333334,0.013176488666666665,0.0068699220000000005,0.011937835,7.947285999999998e-09,0.010828467,0.0119056185,0.016100073333333336,0.013529437666666668,0.015231889666666667,0.0077381155,0.012875533,0.010775858166666668,0.015190766333333333,0.01630390333333333,0.010860485000000001,0.010415087,0.013674511666666667,0.015522454666666666,0.014638097999999999,0.014503574333333333,0.014118556333333334,0.009585118333333333,0.014219124999999999,0.011410621666666667,0.016672466333333334,0.014570095000000002,0.011285700333333334,0.01008512,0.009691385333333333,0.007740306866666667,0.01717116633333333,0.012292309666666668,0.008642745,0.014607691666666667,0.011831734666666666,0.016596164666666666,0.015279356666666667,0.015704431333333334,0.010183596666666666,0.016800296133333333,0.011367110333333335,0.015908285,0.009920336666666666,0.014943160666666667,0.016308762333333334,0.015560998333333333,0.016402401666666667,0.016049967333333335,0.007988011666666666,0.015012987333333332,0.012518550466666667,0.0139551658,0.01717116633333333,0.010211618666666667,0.0071305276,0.012292309666666668,0.008642745,0.015170842333333334,0.010775858166666668,0.014607691666666667,0.015190766333333333,0.01630390333333333,0.011831734666666666,0.010777727666666665,0.0075682679333333325,0.016378871666666666,0.01578515386666667,0.0083508491,0.016596164666666666,0.010860485000000001,0.012270043166666666,0.015704262333333333,0.013376263800000001,0.009792562333333333,0.010415087,0.009849361533333333,0.007858256333333334,0.007812366666666667,0.006819723133333334,0.013176488666666665,0.015279356666666667,0.013674511666666667,0.0091663042,0.007132887833333334,0.0068699220000000005,0.015704431333333334,0.014049816666666666,0.010183596666666666,0.015522454666666666,0.016800296133333333,0.011367110333333335,0.011937835,7.947285999999998e-09,0.015908285,0.006665448333333334,0.013068989999999999,0.010828467,0.014638097999999999,0.01002537,0.014503574333333333,0.009920336666666666,0.014118556333333334,0.008313194933333334,0.0119056185,0.016100073333333336,0.014943160666666667,0.016308762333333334,0.013529437666666668,0.009585118333333333,0.015231889666666667,0.014219124999999999,0.011410621666666667,0.0077381155,0.015560998333333333,0.009586791333333334,0.014812000533333333,0.012875533,0.016672466333333334,0.014570095000000002,0.016402401666666667,0.016049967333333335,0.011285700333333334,0.01008512,0.009691385333333333,0.008893386666666666,0.007988011666666666,0.007740306866666667,0.015012987333333332,0.012518550466666667,0.0139551658,0.0071305276,0.015170842333333334,0.0075682679333333325,0.016378871666666666,0.012270043166666666,0.009849361533333333,0.007812366666666667,0.006819723133333334,0.0091663042,0.007132887833333334,0.014049816666666666,0.006665448333333334,0.013068989999999999,0.01002537,0.008313194933333334,0.009586791333333334,0.014812000533333333,0.008893386666666666
