,omer_02.jpg,tal_05.jpg,omer_07.jpg,tal_06.jpg,omer_06.jpg,omer_08.jpg,tal_01.jpg,omer_03.jpg,tal_07.jpg,tal_03.jpg,omer_04.jpg,omer_10.jpg,tal_09.jpg,tal_02.jpg,tal_08.jpg,omer_09.jpg,tal_10.jpg,omer_05.jpg,tal_04.jpg,matt_04.jpg,dom_10.jpg,dom_05.jpg,matt_08.jpg,dom_04.jpg,matt_02.jpg,matt_07.jpg,matt_06.jpg,matt_05.jpg,dom_07.jpg,dom_03.jpg,matt_03.jpg,matt_01.jpg,dom_06.jpg,matt_10.jpg,dom_01.jpg,dom_09.jpg,matt_09.jpg,dom_02.jpg,tess_03.jpg,taz_06.jpg,taz_04.jpg,taz_03.jpg,tess_01.jpg,tess_07.jpg,tess_05.jpg,taz_05.jpg,tess_02.jpg,tess_09.jpg,tess_06.jpg,taz_07.jpg,taz_02.jpg,tess_04.jpg,taz_09.jpg,tess_08.jpg,taz_08.jpg,taz_01.jpg,tess_10.jpg,taz_10.jpg,marina_07.jpg,tamar_04.jpg,tess_03.jpg.1,omer_02.jpg.1,marina_04.jpg,taz_06.jpg.1,taz_04.jpg.1,marina_01.jpg,matt_04.jpg.1,taz_03.jpg.1,dom_10.jpg.1,dom_05.jpg.1,tess_01.jpg.1,tal_05.jpg.1,marina_06.jpg,tamar_09.jpg,omer_07.jpg.1,tal_06.jpg.1,tess_07.jpg.1,matt_08.jpg.1,marina_08.jpg,omer_06.jpg.1,omer_08.jpg.1,tal_01.jpg.1,dom_04.jpg.1,tamar_10.jpg,omer_03.jpg.1,tamar_02.jpg,tamar_05.jpg,tal_07.jpg.1,tess_05.jpg.1,matt_02.jpg.1,tamar_07.jpg,tamar_03.jpg,tal_03.jpg.1,taz_05.jpg.1,marina_09.jpg,tess_02.jpg.1,matt_07.jpg.1,tess_09.jpg.1,tess_06.jpg.1,omer_04.jpg.1,omer_10.jpg.1,taz_07.jpg.1,tamar_01.jpg,marina_10.jpg,tal_09.jpg.1,matt_06.jpg.1,tamar_06.jpg,matt_05.jpg.1,taz_02.jpg.1,dom_07.jpg.1,marina_05.jpg,tal_02.jpg.1,tal_08.jpg.1,tess_04.jpg.1,taz_09.jpg.1,omer_09.jpg.1,dom_03.jpg.1,tal_10.jpg.1,matt_03.jpg.1,matt_01.jpg.1,omer_05.jpg.1,tess_08.jpg.1,marina_02.jpg,marina_03.jpg,tal_04.jpg.1,dom_06.jpg.1,matt_10.jpg.1,taz_08.jpg.1,taz_01.jpg.1,dom_01.jpg.1,dom_09.jpg.1,matt_09.jpg.1,tamar_08.jpg,tess_10.jpg.1,dom_02.jpg.1,taz_10.jpg.1,marina_07.jpg.1,tamar_04.jpg.1,marina_04.jpg.1,marina_01.jpg.1,marina_06.jpg.1,tamar_09.jpg.1,marina_08.jpg.1,tamar_10.jpg.1,tamar_02.jpg.1,tamar_05.jpg.1,tamar_07.jpg.1,tamar_03.jpg.1,marina_09.jpg.1,tamar_01.jpg.1,marina_10.jpg.1,tamar_06.jpg.1,marina_05.jpg.1,marina_02.jpg.1,marina_03.jpg.1,tamar_08.jpg.1
0,0.0,0.02033213766666667,0.018502599333333335,0.014946367333333333,0.013829231333333332,0.013024745333333332,0.010525445333333334,0.010918146333333333,0.013375556666666667,0.013036926,0.011086140333333333,0.022857566666666666,0.020515289,0.013141363999999999,0.02213666833333333,0.011975610000000001,0.025714564,0.0087967952,0.019665732333333335,0.018083435333333335,0.027883039,0.016880685333333333,0.033504824,0.028288806666666666,0.016555369,0.021611650666666666,0.017452947333333337,0.03450044766666667,0.020430642333333335,0.019966850666666664,0.031158429333333335,0.027223272333333333,0.01405165,0.026592083333333336,0.020034722333333334,0.018776796,0.02386578566666667,0.015988584333333333,0.039210563333333344,0.04558616233333333,0.04472596833333333,0.04477843533333334,0.04720418666666667,0.04098874466666667,0.04457271200000001,0.04755934766666667,0.04678567666666667,0.042926368666666666,0.038190402666666665,0.03849391533333333,0.037647589999999995,0.04601212666666667,0.041161888333333334,0.045653470999999994,0.043632951999999996,0.04418506866666667,0.04863546,0.043883138999999995,0.03764608766666667,0.043530980000000004,0.039210563333333344,0.0,0.037937522,0.04558616233333333,0.04472596833333333,0.04206308466666666,0.018083435333333335,0.04477843533333334,0.027883039,0.016880685333333333,0.04720418666666667,0.02033213766666667,0.03726375266666667,0.04277765333333334,0.018502599333333335,0.014946367333333333,0.04098874466666667,0.033504824,0.03699525666666667,0.013829231333333332,0.013024745333333332,0.010525445333333334,0.028288806666666666,0.03462949233333333,0.010918146333333333,0.04353177666666667,0.036575128666666665,0.013375556666666667,0.04457271200000001,0.016555369,0.04051643766666667,0.046708319666666664,0.013036926,0.04755934766666667,0.036691775999999995,0.04678567666666667,0.021611650666666666,0.042926368666666666,0.038190402666666665,0.011086140333333333,0.022857566666666666,0.03849391533333333,0.045161768666666664,0.03434226566666667,0.020515289,0.017452947333333337,0.050156425,0.03450044766666667,0.037647589999999995,0.020430642333333335,0.03580123999999999,0.013141363999999999,0.02213666833333333,0.04601212666666667,0.041161888333333334,0.011975610000000001,0.019966850666666664,0.025714564,0.031158429333333335,0.027223272333333333,0.0087967952,0.045653470999999994,0.03882521566666666,0.028368016,0.019665732333333335,0.01405165,0.026592083333333336,0.043632951999999996,0.04418506866666667,0.020034722333333334,0.018776796,0.02386578566666667,0.041560861666666664,0.04863546,0.015988584333333333,0.043883138999999995,0.03764608766666667,0.043530980000000004,0.037937522,0.04206308466666666,0.03726375266666667,0.04277765333333334,0.03699525666666667,0.03462949233333333,0.04353177666666667,0.036575128666666665,0.04051643766666667,0.046708319666666664,0.036691775999999995,0.045161768666666664,0.03434226566666667,0.050156425,0.03580123999999999,0.03882521566666666,0.028368016,0.041560861666666664
1,0.02033213766666667,0.0,0.023741060666666664,0.01971383933333333,0.022514382666666666,0.015988078000000003,0.017189987333333333,0.019837985333333332,0.025442927666666667,0.01689843766666667,0.01614664,0.02146636866666667,0.018270651333333335,0.020910898666666667,0.033332864999999996,0.017194060333333334,0.034432745333333334,0.023465929333333337,0.028738043666666664,0.020264536333333336,0.031862821666666666,0.025950928666666668,0.029298229999999998,0.031557309666666665,0.02290239133333333,0.028615868666666662,0.028376428,0.033124706,0.025499956666666667,0.023519655333333334,0.02838673833333333,0.025172462,0.025417755333333333,0.028830405333333333,0.028667851666666667,0.027236296666666663,0.023002841,0.02599997133333333,0.037287901,0.041376463333333335,0.03936137133333333,0.04052831333333333,0.044225331666666666,0.03929664200000001,0.04083027166666667,0.041649918333333334,0.04149422666666667,0.03902541466666666,0.038647618,0.037892740999999994,0.03955308466666666,0.04359028666666666,0.03882458133333334,0.04267441566666667,0.041791213333333334,0.040779956666666665,0.04359140166666666,0.042501828,0.04633946,0.039022768000000006,0.037287901,0.02033213766666667,0.04400745566666667,0.041376463333333335,0.03936137133333333,0.04703294000000001,0.020264536333333336,0.04052831333333333,0.031862821666666666,0.025950928666666668,0.044225331666666666,0.0,0.04353282666666667,0.03741907566666667,0.023741060666666664,0.01971383933333333,0.03929664200000001,0.029298229999999998,0.04616935666666667,0.022514382666666666,0.015988078000000003,0.017189987333333333,0.031557309666666665,0.038758440666666664,0.019837985333333332,0.04167985,0.03990476166666667,0.025442927666666667,0.04083027166666667,0.02290239133333333,0.04163174333333333,0.046620986999999996,0.01689843766666667,0.041649918333333334,0.040765624333333327,0.04149422666666667,0.028615868666666662,0.03902541466666666,0.038647618,0.01614664,0.02146636866666667,0.037892740999999994,0.04362028166666666,0.04170872466666667,0.018270651333333335,0.028376428,0.04508378666666667,0.033124706,0.03955308466666666,0.025499956666666667,0.042892429999999995,0.020910898666666667,0.033332864999999996,0.04359028666666666,0.03882458133333334,0.017194060333333334,0.023519655333333334,0.034432745333333334,0.02838673833333333,0.025172462,0.023465929333333337,0.04267441566666667,0.037607795,0.03864077733333334,0.028738043666666664,0.025417755333333333,0.028830405333333333,0.041791213333333334,0.040779956666666665,0.028667851666666667,0.027236296666666663,0.023002841,0.04347958366666667,0.04359140166666666,0.02599997133333333,0.042501828,0.04633946,0.039022768000000006,0.04400745566666667,0.04703294000000001,0.04353282666666667,0.03741907566666667,0.04616935666666667,0.038758440666666664,0.04167985,0.03990476166666667,0.04163174333333333,0.046620986999999996,0.040765624333333327,0.04362028166666666,0.04170872466666667,0.04508378666666667,0.042892429999999995,0.037607795,0.03864077733333334,0.04347958366666667
2,0.018502599333333335,0.023741060666666664,0.0,0.020082884999999998,0.016543315,0.02227587533333333,0.015872399,0.015097842666666665,0.026592457666666666,0.018950047333333334,0.021341438666666667,0.021307130666666667,0.025080772666666664,0.020195796000000002,0.024342262666666666,0.017465943333333334,0.026979522,0.020216918000000004,0.020862112333333335,0.018801468666666668,0.02623473033333333,0.02447633533333333,0.025385804999999997,0.024681961666666665,0.020929002333333335,0.022549155999999997,0.020489399999999998,0.03186276733333333,0.026103639666666668,0.019188115999999998,0.03226432,0.023539187333333333,0.013977050999999999,0.029007609666666666,0.016436986333333334,0.018028164,0.02782744333333333,0.015949354333333336,0.03823635,0.04120278133333333,0.04282136733333333,0.04103690666666667,0.04321932566666667,0.038542358666666665,0.040163644666666665,0.042426515666666664,0.041930593999999995,0.04074179666666667,0.03596115566666667,0.03422488166666667,0.03507725366666667,0.040747907666666666,0.035418932,0.041618425,0.036674291,0.038112543,0.044174878,0.042680772000000006,0.03954974133333333,0.040508639666666665,0.03823635,0.018502599333333335,0.03790871,0.04120278133333333,0.04282136733333333,0.040398782,0.018801468666666668,0.04103690666666667,0.02623473033333333,0.02447633533333333,0.04321932566666667,0.023741060666666664,0.035199354,0.037214081333333336,0.0,0.020082884999999998,0.038542358666666665,0.025385804999999997,0.037805358666666664,0.016543315,0.02227587533333333,0.015872399,0.024681961666666665,0.032308078999999996,0.015097842666666665,0.03640787266666667,0.034103393999999995,0.026592457666666666,0.040163644666666665,0.020929002333333335,0.03275666433333333,0.03740201099999999,0.018950047333333334,0.042426515666666664,0.030730700666666663,0.041930593999999995,0.022549155999999997,0.04074179666666667,0.03596115566666667,0.021341438666666667,0.021307130666666667,0.03422488166666667,0.037154662666666664,0.031028602000000002,0.025080772666666664,0.020489399999999998,0.042781898,0.03186276733333333,0.03507725366666667,0.026103639666666668,0.034226548,0.020195796000000002,0.024342262666666666,0.040747907666666666,0.035418932,0.017465943333333334,0.019188115999999998,0.026979522,0.03226432,0.023539187333333333,0.020216918000000004,0.041618425,0.040333172,0.02892496166666667,0.020862112333333335,0.013977050999999999,0.029007609666666666,0.036674291,0.038112543,0.016436986333333334,0.018028164,0.02782744333333333,0.035218136,0.044174878,0.015949354333333336,0.042680772000000006,0.03954974133333333,0.040508639666666665,0.03790871,0.040398782,0.035199354,0.037214081333333336,0.037805358666666664,0.032308078999999996,0.03640787266666667,0.034103393999999995,0.03275666433333333,0.03740201099999999,0.030730700666666663,0.037154662666666664,0.031028602000000002,0.042781898,0.034226548,0.040333172,0.02892496166666667,0.035218136
3,0.014946367333333333,0.01971383933333333,0.020082884999999998,0.0,0.017102004999999997,0.016737195333333333,0.010772300000000002,0.016441152666666667,0.017948033333333332,0.010818399999999999,0.015664285333333333,0.021840187,0.025534187,0.020346347666666667,0.022055391333333334,0.01810588633333333,0.026846909333333335,0.01894585266666667,0.020356072999999995,0.022519951666666666,0.024762976333333336,0.02145285,0.03149313333333333,0.026432468666666663,0.021859215,0.029353249333333335,0.021287302,0.03765495133333333,0.023419692333333336,0.017997165333333332,0.03456706566666667,0.029278929999999998,0.017992377333333334,0.027960596666666667,0.021230026,0.02284284433333333,0.028006675333333335,0.016574344666666668,0.03701237,0.04383876533333333,0.043553211999999994,0.042973935,0.04606025666666667,0.038360781,0.041552831666666665,0.045190259999999996,0.044227793333333335,0.04125602166666666,0.037047326666666665,0.03413259566666667,0.03595393666666667,0.044285343,0.03941688533333334,0.04333194233333333,0.042869247666666666,0.041275872666666664,0.04525139333333333,0.043936855000000004,0.038582126333333334,0.039215994,0.03701237,0.014946367333333333,0.03256205833333333,0.04383876533333333,0.043553211999999994,0.042641871666666664,0.022519951666666666,0.042973935,0.024762976333333336,0.02145285,0.04606025666666667,0.01971383933333333,0.036615213333333334,0.04063854866666667,0.020082884999999998,0.0,0.038360781,0.03149313333333333,0.03603595666666667,0.017102004999999997,0.016737195333333333,0.010772300000000002,0.026432468666666663,0.031190882,0.016441152666666667,0.040978135,0.032097723,0.017948033333333332,0.041552831666666665,0.021859215,0.037030585,0.04315339666666666,0.010818399999999999,0.045190259999999996,0.03287387666666666,0.044227793333333335,0.029353249333333335,0.04125602166666666,0.037047326666666665,0.015664285333333333,0.021840187,0.03413259566666667,0.04304114566666666,0.035412741333333324,0.025534187,0.021287302,0.045978180333333334,0.03765495133333333,0.03595393666666667,0.023419692333333336,0.03356698266666667,0.020346347666666667,0.022055391333333334,0.044285343,0.03941688533333334,0.01810588633333333,0.017997165333333332,0.026846909333333335,0.03456706566666667,0.029278929999999998,0.01894585266666667,0.04333194233333333,0.03640981333333334,0.02738748833333333,0.020356072999999995,0.017992377333333334,0.027960596666666667,0.042869247666666666,0.041275872666666664,0.021230026,0.02284284433333333,0.028006675333333335,0.0388238,0.04525139333333333,0.016574344666666668,0.043936855000000004,0.038582126333333334,0.039215994,0.03256205833333333,0.042641871666666664,0.036615213333333334,0.04063854866666667,0.03603595666666667,0.031190882,0.040978135,0.032097723,0.037030585,0.04315339666666666,0.03287387666666666,0.04304114566666666,0.035412741333333324,0.045978180333333334,0.03356698266666667,0.03640981333333334,0.02738748833333333,0.0388238
4,0.013829231333333332,0.022514382666666666,0.016543315,0.017102004999999997,0.0,0.018853928333333332,0.010228768666666667,0.013971650666666667,0.015328766999999998,0.012642685666666669,0.017538367,0.026219699666666665,0.025287393333333335,0.017800315333333334,0.018129819666666668,0.01716116666666667,0.021182986,0.01805611266666667,0.017805974,0.020044976,0.019011231000000003,0.021525472666666667,0.02912192066666667,0.025051328666666664,0.019902503666666668,0.023952683333333332,0.019576373333333334,0.038757741666666665,0.027555536,0.018318015000000003,0.035015283,0.029435462000000003,0.014553086,0.034151018,0.013883956333333334,0.013989295333333334,0.03366223,0.010114985666666666,0.03255784333333333,0.0395271,0.038443557333333336,0.03903832866666666,0.04093968133333334,0.033003111333333335,0.03699493,0.041469566666666666,0.040417532,0.036872371,0.029909579333333335,0.03022349833333333,0.02758654933333333,0.037367457,0.03245447666666666,0.03809451466666666,0.03759320333333334,0.036319736666666665,0.04278445233333333,0.038658106666666664,0.03199012666666667,0.04104791333333333,0.03255784333333333,0.013829231333333332,0.032071230666666665,0.0395271,0.038443557333333336,0.03794892033333333,0.020044976,0.03903832866666666,0.019011231000000003,0.021525472666666667,0.04093968133333334,0.022514382666666666,0.02787694766666667,0.038120568333333334,0.016543315,0.017102004999999997,0.033003111333333335,0.02912192066666667,0.031017638666666666,0.0,0.018853928333333332,0.010228768666666667,0.025051328666666664,0.025483073999999998,0.013971650666666667,0.035544159,0.027839593333333336,0.015328766999999998,0.03699493,0.019902503666666668,0.033777116666666655,0.038925958999999996,0.012642685666666669,0.041469566666666666,0.030617390000000005,0.040417532,0.023952683333333332,0.036872371,0.029909579333333335,0.017538367,0.026219699666666665,0.03022349833333333,0.03958199433333333,0.028555536333333336,0.025287393333333335,0.019576373333333334,0.04429860666666667,0.038757741666666665,0.02758654933333333,0.027555536,0.02763312,0.017800315333333334,0.018129819666666668,0.037367457,0.03245447666666666,0.01716116666666667,0.018318015000000003,0.021182986,0.035015283,0.029435462000000003,0.01805611266666667,0.03809451466666666,0.03272283933333333,0.023849101333333334,0.017805974,0.014553086,0.034151018,0.03759320333333334,0.036319736666666665,0.013883956333333334,0.013989295333333334,0.03366223,0.033341537,0.04278445233333333,0.010114985666666666,0.038658106666666664,0.03199012666666667,0.04104791333333333,0.032071230666666665,0.03794892033333333,0.02787694766666667,0.038120568333333334,0.031017638666666666,0.025483073999999998,0.035544159,0.027839593333333336,0.033777116666666655,0.038925958999999996,0.030617390000000005,0.03958199433333333,0.028555536333333336,0.04429860666666667,0.02763312,0.03272283933333333,0.023849101333333334,0.033341537
5,0.013024745333333332,0.015988078000000003,0.02227587533333333,0.016737195333333333,0.018853928333333332,1.9868214999999996e-09,0.014272775333333333,0.012260697333333332,0.017243711333333335,0.015497158,0.006648935900000001,0.02342690433333333,0.019996370666666666,0.019627158333333335,0.028800305000000002,0.0112251222,0.029813726,0.016608689333333333,0.025847870000000002,0.023000007666666666,0.03027703966666667,0.017749236,0.03312648433333333,0.03075355866666667,0.020107902999999996,0.028150773000000004,0.02355458733333333,0.032812754000000006,0.02063382466666667,0.017427108666666666,0.026826498666666664,0.026735566666666665,0.019630601000000004,0.02534427166666667,0.028692111,0.023935735333333333,0.024314146,0.020846108333333335,0.034357504000000004,0.040113206666666665,0.03854941733333333,0.03923863266666667,0.042180148,0.03751915533333334,0.03886628,0.04012086,0.04133198466666667,0.03678913733333333,0.03497437133333333,0.034430595999999994,0.037294282666666664,0.0419625,0.03767012566666666,0.040916196333333335,0.03997185633333333,0.037708292666666664,0.041219355666666666,0.03885543333333333,0.04092326366666666,0.04323840333333333,0.034357504000000004,0.013024745333333332,0.039393441,0.040113206666666665,0.03854941733333333,0.039582675666666664,0.023000007666666666,0.03923863266666667,0.03027703966666667,0.017749236,0.042180148,0.015988078000000003,0.03963247599999999,0.040398883999999996,0.02227587533333333,0.016737195333333333,0.03751915533333334,0.03312648433333333,0.04033768333333333,0.018853928333333332,1.9868214999999996e-09,0.014272775333333333,0.03075355866666667,0.03480134666666667,0.012260697333333332,0.04121949833333333,0.036764951,0.017243711333333335,0.03886628,0.020107902999999996,0.04094029166666666,0.04532899666666667,0.015497158,0.04012086,0.038760011999999996,0.04133198466666667,0.028150773000000004,0.03678913733333333,0.03497437133333333,0.006648935900000001,0.02342690433333333,0.034430595999999994,0.044198448333333334,0.039298940666666664,0.019996370666666666,0.02355458733333333,0.044182368,0.032812754000000006,0.037294282666666664,0.02063382466666667,0.03813582866666666,0.019627158333333335,0.028800305000000002,0.0419625,0.03767012566666666,0.0112251222,0.017427108666666666,0.029813726,0.026826498666666664,0.026735566666666665,0.016608689333333333,0.040916196333333335,0.0354827,0.031951684,0.025847870000000002,0.019630601000000004,0.02534427166666667,0.03997185633333333,0.037708292666666664,0.028692111,0.023935735333333333,0.024314146,0.04197502133333333,0.041219355666666666,0.020846108333333335,0.03885543333333333,0.04092326366666666,0.04323840333333333,0.039393441,0.039582675666666664,0.03963247599999999,0.040398883999999996,0.04033768333333333,0.03480134666666667,0.04121949833333333,0.036764951,0.04094029166666666,0.04532899666666667,0.038760011999999996,0.044198448333333334,0.039298940666666664,0.044182368,0.03813582866666666,0.0354827,0.031951684,0.04197502133333333
6,0.010525445333333334,0.017189987333333333,0.015872399,0.010772300000000002,0.010228768666666667,0.014272775333333333,0.0,0.011913836,0.015267979999999999,0.009276070333333334,0.011970583333333333,0.020380024333333333,0.022342747333333333,0.015741104,0.021954295999999998,0.011132417000000002,0.027063046,0.015486977666666669,0.020542595333333337,0.016281909,0.02424218566666667,0.016235663666666667,0.029220725666666666,0.023141598666666666,0.017547378666666665,0.023468703333333334,0.020095533,0.03538319833333334,0.019320235666666668,0.014769039666666666,0.028436074666666665,0.026140096,0.013153908666666665,0.025951991333333334,0.017605644666666666,0.018510354,0.023455826,0.012581481666666668,0.037659711000000005,0.04320993433333333,0.04225987766666666,0.04343374966666667,0.04615553333333333,0.03749416333333334,0.04224130466666667,0.045589787,0.044741205666666665,0.04087459666666667,0.03585754033333333,0.033365858666666665,0.03498723199999999,0.04307695633333333,0.03881336333333333,0.04298109866666667,0.04223572,0.04166438333333333,0.04688852333333334,0.04365190833333333,0.038909626,0.043597158,0.037659711000000005,0.010525445333333334,0.036218039333333334,0.04320993433333333,0.04225987766666666,0.043514637,0.016281909,0.04343374966666667,0.02424218566666667,0.016235663666666667,0.04615553333333333,0.017189987333333333,0.03560183633333334,0.04237605433333333,0.015872399,0.010772300000000002,0.03749416333333334,0.029220725666666666,0.03824548333333334,0.010228768666666667,0.014272775333333333,0.0,0.023141598666666666,0.032784792,0.011913836,0.04212452133333333,0.033763341,0.015267979999999999,0.04224130466666667,0.017547378666666665,0.038803649999999995,0.04492031333333334,0.009276070333333334,0.045589787,0.03501277,0.044741205666666665,0.023468703333333334,0.04087459666666667,0.03585754033333333,0.011970583333333333,0.020380024333333333,0.033365858666666665,0.044202157,0.036016484,0.022342747333333333,0.020095533,0.04901507833333333,0.03538319833333334,0.03498723199999999,0.019320235666666668,0.03425607333333334,0.015741104,0.021954295999999998,0.04307695633333333,0.03881336333333333,0.011132417000000002,0.014769039666666666,0.027063046,0.028436074666666665,0.026140096,0.015486977666666669,0.04298109866666667,0.035632807,0.02834816533333333,0.020542595333333337,0.013153908666666665,0.025951991333333334,0.04223572,0.04166438333333333,0.017605644666666666,0.018510354,0.023455826,0.040360860000000005,0.04688852333333334,0.012581481666666668,0.04365190833333333,0.038909626,0.043597158,0.036218039333333334,0.043514637,0.03560183633333334,0.04237605433333333,0.03824548333333334,0.032784792,0.04212452133333333,0.033763341,0.038803649999999995,0.04492031333333334,0.03501277,0.044202157,0.036016484,0.04901507833333333,0.03425607333333334,0.035632807,0.02834816533333333,0.040360860000000005
7,0.010918146333333333,0.019837985333333332,0.015097842666666665,0.016441152666666667,0.013971650666666667,0.012260697333333332,0.011913836,1.9868214999999996e-09,0.01875547966666667,0.015375834666666666,0.009027860666666667,0.023046408,0.018353375,0.020664624333333333,0.026836574,0.008670673666666665,0.02303754066666667,0.011364835666666665,0.023222665,0.022228813,0.02585501833333333,0.019035758333333333,0.0315586,0.03176878833333333,0.02117095,0.022986020666666666,0.019033375999999998,0.03701903333333333,0.026322314333333333,0.020144139000000002,0.03459654066666666,0.028657494000000002,0.014142795666666668,0.031807130333333336,0.021192830666666666,0.018866825,0.029370482333333333,0.013957327333333332,0.03530601133333334,0.04201236533333333,0.04126633166666666,0.04050993433333334,0.04363112533333333,0.037963054666666676,0.04067325333333333,0.04296508533333333,0.04332210533333334,0.03915518533333333,0.033429647666666666,0.03544147766666666,0.034390056,0.04137383666666667,0.036079001666666666,0.04255917866666667,0.03990405133333333,0.03887277,0.04390150699999999,0.039904046,0.035112593666666664,0.04439011333333333,0.03530601133333334,0.010918146333333333,0.03432430733333334,0.04201236533333333,0.04126633166666666,0.036479091666666665,0.022228813,0.04050993433333334,0.02585501833333333,0.019035758333333333,0.04363112533333333,0.019837985333333332,0.03366357866666667,0.03967500533333334,0.015097842666666665,0.016441152666666667,0.037963054666666676,0.0315586,0.03422638199999999,0.013971650666666667,0.012260697333333332,0.011913836,0.03176878833333333,0.029795404666666667,1.9868214999999996e-09,0.039465820666666665,0.034133498000000005,0.01875547966666667,0.04067325333333333,0.02117095,0.039337965333333336,0.044475022999999995,0.015375834666666666,0.04296508533333333,0.03235014266666667,0.04332210533333334,0.022986020666666666,0.03915518533333333,0.033429647666666666,0.009027860666666667,0.023046408,0.03544147766666666,0.04320323766666667,0.03142668233333333,0.018353375,0.019033375999999998,0.046691541333333336,0.03701903333333333,0.034390056,0.026322314333333333,0.03184019833333333,0.020664624333333333,0.026836574,0.04137383666666667,0.036079001666666666,0.008670673666666665,0.020144139000000002,0.02303754066666667,0.03459654066666666,0.028657494000000002,0.011364835666666665,0.04255917866666667,0.03723425666666667,0.025522186666666665,0.023222665,0.014142795666666668,0.031807130333333336,0.03990405133333333,0.03887277,0.021192830666666666,0.018866825,0.029370482333333333,0.039201265,0.04390150699999999,0.013957327333333332,0.039904046,0.035112593666666664,0.04439011333333333,0.03432430733333334,0.036479091666666665,0.03366357866666667,0.03967500533333334,0.03422638199999999,0.029795404666666667,0.039465820666666665,0.034133498000000005,0.039337965333333336,0.044475022999999995,0.03235014266666667,0.04320323766666667,0.03142668233333333,0.046691541333333336,0.03184019833333333,0.03723425666666667,0.025522186666666665,0.039201265
8,0.013375556666666667,0.025442927666666667,0.026592457666666666,0.017948033333333332,0.015328766999999998,0.017243711333333335,0.015267979999999999,0.01875547966666667,0.0,0.017965986333333333,0.015874401666666666,0.029091950666666665,0.022901396,0.018847541000000002,0.019730649333333336,0.01983817,0.022150466666666667,0.018319582666666667,0.020479257999999997,0.027015741666666666,0.023590183333333337,0.014254677333333333,0.03255557133333333,0.023509033333333332,0.021993261666666663,0.025679790666666664,0.023502964,0.03142043533333334,0.02047002133333333,0.021791317333333334,0.028909471,0.03126697866666667,0.020899818333333334,0.02725666133333333,0.025456975,0.019500365000000002,0.030468006,0.016552086666666667,0.030036673666666666,0.035453868666666666,0.034550899333333336,0.036016558000000004,0.037855702,0.029701425666666666,0.03593623233333333,0.03713319666666667,0.036457909000000004,0.03319157166666666,0.028871086666666667,0.026400723,0.02914695733333333,0.03585401333333334,0.03299033133333333,0.03377530833333333,0.03557819500000001,0.03654241933333333,0.038822800000000005,0.032509017999999994,0.030550258333333337,0.04006731133333333,0.030036673666666666,0.013375556666666667,0.026857472666666667,0.035453868666666666,0.034550899333333336,0.035652460999999996,0.027015741666666666,0.036016558000000004,0.023590183333333337,0.014254677333333333,0.037855702,0.025442927666666667,0.027775785666666667,0.036313605000000006,0.026592457666666666,0.017948033333333332,0.029701425666666666,0.03255557133333333,0.028670678333333335,0.015328766999999998,0.017243711333333335,0.015267979999999999,0.023509033333333332,0.025358714666666667,0.01875547966666667,0.036418311,0.024350992666666668,0.0,0.03593623233333333,0.021993261666666663,0.03442708333333333,0.04045260233333334,0.017965986333333333,0.03713319666666667,0.02909851466666667,0.036457909000000004,0.025679790666666664,0.03319157166666666,0.028871086666666667,0.015874401666666666,0.029091950666666665,0.026400723,0.039410102333333336,0.029657594333333332,0.022901396,0.023502964,0.04251415233333333,0.03142043533333334,0.02914695733333333,0.02047002133333333,0.02711630233333333,0.018847541000000002,0.019730649333333336,0.03585401333333334,0.03299033133333333,0.01983817,0.021791317333333334,0.022150466666666667,0.028909471,0.03126697866666667,0.018319582666666667,0.03377530833333333,0.025999372666666666,0.018614965666666664,0.020479257999999997,0.020899818333333334,0.02725666133333333,0.03557819500000001,0.03654241933333333,0.025456975,0.019500365000000002,0.030468006,0.034353793333333334,0.038822800000000005,0.016552086666666667,0.032509017999999994,0.030550258333333337,0.04006731133333333,0.026857472666666667,0.035652460999999996,0.027775785666666667,0.036313605000000006,0.028670678333333335,0.025358714666666667,0.036418311,0.024350992666666668,0.03442708333333333,0.04045260233333334,0.02909851466666667,0.039410102333333336,0.029657594333333332,0.04251415233333333,0.02711630233333333,0.025999372666666666,0.018614965666666664,0.034353793333333334
9,0.013036926,0.01689843766666667,0.018950047333333334,0.010818399999999999,0.012642685666666669,0.015497158,0.009276070333333334,0.015375834666666666,0.017965986333333333,5.960464499999999e-09,0.014815644333333332,0.021925158999999996,0.025120276,0.017728660666666667,0.023878159,0.015093129666666667,0.028459376666666664,0.019331960333333332,0.022121445666666666,0.017834721,0.026089698666666668,0.020524265333333336,0.030237637999999997,0.026897450000000003,0.018825408,0.025361879333333334,0.020897821,0.036831993333333334,0.021245038666666667,0.017023380666666664,0.030414895666666664,0.026377797333333335,0.015727063,0.028490061999999997,0.017906520666666665,0.020024567333333333,0.026269761666666665,0.017173365666666666,0.033883703333333334,0.041041168999999995,0.039849605333333336,0.040761285,0.04339616300000001,0.035434768666666665,0.039194808,0.04332887833333333,0.04371315433333334,0.03840190966666667,0.034456209999999994,0.033606901333333335,0.032520572666666664,0.042427041333333325,0.037070396666666665,0.041304498333333335,0.04100851866666666,0.03970662333333333,0.04697945333333333,0.04355721133333333,0.03762502166666667,0.042854313,0.033883703333333334,0.013036926,0.040676605666666664,0.041041168999999995,0.039849605333333336,0.046100511999999996,0.017834721,0.040761285,0.026089698666666668,0.020524265333333336,0.04339616300000001,0.01689843766666667,0.04012490133333334,0.04060002433333333,0.018950047333333334,0.010818399999999999,0.035434768666666665,0.030237637999999997,0.04209085333333333,0.012642685666666669,0.015497158,0.009276070333333334,0.026897450000000003,0.03309979933333333,0.015375834666666666,0.04312595666666666,0.034493108333333335,0.017965986333333333,0.039194808,0.018825408,0.039850616666666665,0.045157273333333324,5.960464499999999e-09,0.04332887833333333,0.037921178666666666,0.04371315433333334,0.025361879333333334,0.03840190966666667,0.034456209999999994,0.014815644333333332,0.021925158999999996,0.033606901333333335,0.04513714333333333,0.039516432,0.025120276,0.020897821,0.04871845666666667,0.036831993333333334,0.032520572666666664,0.021245038666666667,0.03710134666666667,0.017728660666666667,0.023878159,0.042427041333333325,0.037070396666666665,0.015093129666666667,0.017023380666666664,0.028459376666666664,0.030414895666666664,0.026377797333333335,0.019331960333333332,0.041304498333333335,0.03434872233333333,0.031139904333333336,0.022121445666666666,0.015727063,0.028490061999999997,0.04100851866666666,0.03970662333333333,0.017906520666666665,0.020024567333333333,0.026269761666666665,0.041912706666666674,0.04697945333333333,0.017173365666666666,0.04355721133333333,0.03762502166666667,0.042854313,0.040676605666666664,0.046100511999999996,0.04012490133333334,0.04060002433333333,0.04209085333333333,0.03309979933333333,0.04312595666666666,0.034493108333333335,0.039850616666666665,0.045157273333333324,0.037921178666666666,0.04513714333333333,0.039516432,0.04871845666666667,0.03710134666666667,0.03434872233333333,0.031139904333333336,0.041912706666666674
10,0.011086140333333333,0.01614664,0.021341438666666667,0.015664285333333333,0.017538367,0.006648935900000001,0.011970583333333333,0.009027860666666667,0.015874401666666666,0.014815644333333332,0.0,0.025126781,0.020322720000000002,0.021324076333333334,0.028964810666666667,0.0069893498333333335,0.02832124633333333,0.01650280133333333,0.026005151,0.023262081666666667,0.027362284999999997,0.016513399333333335,0.032375183999999994,0.030444732333333335,0.021945907666666667,0.029601165333333335,0.025045637333333332,0.03605620166666667,0.020943393333333334,0.018095052,0.028959793333333334,0.03009173266666667,0.018183296999999998,0.02628648466666667,0.028121228999999994,0.023633776,0.02405153733333333,0.020089941999999996,0.033466927333333334,0.040268338333333334,0.03835859866666667,0.03914643933333333,0.04290367666666666,0.03670368833333333,0.039620195000000004,0.040231199999999995,0.04112140766666666,0.03565791066666667,0.03352165466666667,0.03378906466666667,0.036913198333333334,0.041848518666666674,0.037101328333333336,0.041006633333333334,0.04011353633333334,0.038288772,0.04271269,0.038955485666666664,0.04045030066666667,0.044612128,0.033466927333333334,0.011086140333333333,0.037747704666666666,0.040268338333333334,0.03835859866666667,0.040333754666666666,0.023262081666666667,0.03914643933333333,0.027362284999999997,0.016513399333333335,0.04290367666666666,0.01614664,0.038840752,0.040544896,0.021341438666666667,0.015664285333333333,0.03670368833333333,0.032375183999999994,0.039765417666666664,0.017538367,0.006648935900000001,0.011970583333333333,0.030444732333333335,0.03372653700000001,0.009027860666666667,0.042089354,0.03568405733333333,0.015874401666666666,0.039620195000000004,0.021945907666666667,0.042770960000000004,0.04799778066666667,0.014815644333333332,0.040231199999999995,0.03789861800000001,0.04112140766666666,0.029601165333333335,0.03565791066666667,0.03352165466666667,0.0,0.025126781,0.03378906466666667,0.04639183433333334,0.039005615666666674,0.020322720000000002,0.025045637333333332,0.04638143666666667,0.03605620166666667,0.036913198333333334,0.020943393333333334,0.036788091,0.021324076333333334,0.028964810666666667,0.041848518666666674,0.037101328333333336,0.0069893498333333335,0.018095052,0.02832124633333333,0.028959793333333334,0.03009173266666667,0.01650280133333333,0.041006633333333334,0.03524755333333333,0.030289999666666664,0.026005151,0.018183296999999998,0.02628648466666667,0.04011353633333334,0.038288772,0.028121228999999994,0.023633776,0.02405153733333333,0.043575274666666663,0.04271269,0.020089941999999996,0.038955485666666664,0.04045030066666667,0.044612128,0.037747704666666666,0.040333754666666666,0.038840752,0.040544896,0.039765417666666664,0.03372653700000001,0.042089354,0.03568405733333333,0.042770960000000004,0.04799778066666667,0.03789861800000001,0.04639183433333334,0.039005615666666674,0.04638143666666667,0.036788091,0.03524755333333333,0.030289999666666664,0.043575274666666663
11,0.022857566666666666,0.02146636866666667,0.021307130666666667,0.021840187,0.026219699666666665,0.02342690433333333,0.020380024333333333,0.023046408,0.029091950666666665,0.021925158999999996,0.025126781,1.9868214999999996e-09,0.020627938000000002,0.023252872333333334,0.033885657666666666,0.02100406133333333,0.034863524,0.024787971333333336,0.030125567333333332,0.019894820333333334,0.035839741666666675,0.031277186666666665,0.027922342,0.028939205333333332,0.020180658666666667,0.02026581933333333,0.02547947966666667,0.02856780533333333,0.025517530999999996,0.024363551666666667,0.024797078333333333,0.020608488666666668,0.026467222000000002,0.025579945333333336,0.029301413,0.029954996,0.023592186,0.026785846666666665,0.047110534999999995,0.04767747666666667,0.048920135333333344,0.04836701833333334,0.050286539,0.04767485666666667,0.047709203333333325,0.048951588,0.049473873333333335,0.04851817666666666,0.046240061,0.043154698,0.04430640866666667,0.05025344266666667,0.04458473,0.04899273,0.044596538,0.046420710000000004,0.050608336999999996,0.04849497866666666,0.046785431333333335,0.03897696333333333,0.047110534999999995,0.022857566666666666,0.04309561333333334,0.04767747666666667,0.048920135333333344,0.045767194666666663,0.019894820333333334,0.04836701833333334,0.035839741666666675,0.031277186666666665,0.050286539,0.02146636866666667,0.044633864333333335,0.041615899666666664,0.021307130666666667,0.021840187,0.04767485666666667,0.027922342,0.042721086666666665,0.026219699666666665,0.02342690433333333,0.020380024333333333,0.028939205333333332,0.040422235333333334,0.023046408,0.04440542333333333,0.040116610000000004,0.029091950666666665,0.047709203333333325,0.020180658666666667,0.03911620366666667,0.044590664999999995,0.021925158999999996,0.048951588,0.03840989133333333,0.049473873333333335,0.02026581933333333,0.04851817666666666,0.046240061,0.025126781,1.9868214999999996e-09,0.043154698,0.04295438333333333,0.03988300333333334,0.020627938000000002,0.02547947966666667,0.04650317466666666,0.02856780533333333,0.04430640866666667,0.025517530999999996,0.04366183666666667,0.023252872333333334,0.033885657666666666,0.05025344266666667,0.04458473,0.02100406133333333,0.024363551666666667,0.034863524,0.024797078333333333,0.020608488666666668,0.024787971333333336,0.04899273,0.04499565333333334,0.039045129,0.030125567333333332,0.026467222000000002,0.025579945333333336,0.044596538,0.046420710000000004,0.029301413,0.029954996,0.023592186,0.04150353066666666,0.050608336999999996,0.026785846666666665,0.04849497866666666,0.046785431333333335,0.03897696333333333,0.04309561333333334,0.045767194666666663,0.044633864333333335,0.041615899666666664,0.042721086666666665,0.040422235333333334,0.04440542333333333,0.040116610000000004,0.03911620366666667,0.044590664999999995,0.03840989133333333,0.04295438333333333,0.03988300333333334,0.04650317466666666,0.04366183666666667,0.04499565333333334,0.039045129,0.04150353066666666
