,omer_02.jpg,tal_05.jpg,omer_07.jpg,tal_06.jpg,omer_06.jpg,omer_08.jpg,tal_01.jpg,omer_03.jpg,tal_07.jpg,tal_03.jpg,omer_04.jpg,omer_10.jpg,tal_09.jpg,tal_02.jpg,tal_08.jpg,omer_09.jpg,tal_10.jpg,omer_05.jpg,tal_04.jpg,matt_04.jpg,dom_10.jpg,dom_05.jpg,matt_08.jpg,dom_04.jpg,matt_02.jpg,matt_07.jpg,matt_06.jpg,matt_05.jpg,dom_07.jpg,dom_03.jpg,matt_03.jpg,matt_01.jpg,dom_06.jpg,matt_10.jpg,dom_01.jpg,dom_09.jpg,matt_09.jpg,dom_02.jpg,tess_03.jpg,taz_06.jpg,taz_04.jpg,taz_03.jpg,tess_01.jpg,tess_07.jpg,tess_05.jpg,taz_05.jpg,tess_02.jpg,tess_09.jpg,tess_06.jpg,taz_07.jpg,taz_02.jpg,tess_04.jpg,taz_09.jpg,tess_08.jpg,taz_08.jpg,taz_01.jpg,tess_10.jpg,taz_10.jpg,marina_07.jpg,tamar_04.jpg,tess_03.jpg.1,omer_02.jpg.1,marina_04.jpg,taz_06.jpg.1,taz_04.jpg.1,marina_01.jpg,matt_04.jpg.1,taz_03.jpg.1,dom_10.jpg.1,dom_05.jpg.1,tess_01.jpg.1,tal_05.jpg.1,marina_06.jpg,tamar_09.jpg,omer_07.jpg.1,tal_06.jpg.1,tess_07.jpg.1,matt_08.jpg.1,marina_08.jpg,omer_06.jpg.1,omer_08.jpg.1,tal_01.jpg.1,dom_04.jpg.1,tamar_10.jpg,omer_03.jpg.1,tamar_02.jpg,tamar_05.jpg,tal_07.jpg.1,tess_05.jpg.1,matt_02.jpg.1,tamar_07.jpg,tamar_03.jpg,tal_03.jpg.1,taz_05.jpg.1,marina_09.jpg,tess_02.jpg.1,matt_07.jpg.1,tess_09.jpg.1,tess_06.jpg.1,omer_04.jpg.1,omer_10.jpg.1,taz_07.jpg.1,tamar_01.jpg,marina_10.jpg,tal_09.jpg.1,matt_06.jpg.1,tamar_06.jpg,matt_05.jpg.1,taz_02.jpg.1,dom_07.jpg.1,marina_05.jpg,tal_02.jpg.1,tal_08.jpg.1,tess_04.jpg.1,taz_09.jpg.1,omer_09.jpg.1,dom_03.jpg.1,tal_10.jpg.1,matt_03.jpg.1,matt_01.jpg.1,omer_05.jpg.1,tess_08.jpg.1,marina_02.jpg,marina_03.jpg,tal_04.jpg.1,dom_06.jpg.1,matt_10.jpg.1,taz_08.jpg.1,taz_01.jpg.1,dom_01.jpg.1,dom_09.jpg.1,matt_09.jpg.1,tamar_08.jpg,tess_10.jpg.1,dom_02.jpg.1,taz_10.jpg.1,marina_07.jpg.1,tamar_04.jpg.1,marina_04.jpg.1,marina_01.jpg.1,marina_06.jpg.1,tamar_09.jpg.1,marina_08.jpg.1,tamar_10.jpg.1,tamar_02.jpg.1,tamar_05.jpg.1,tamar_07.jpg.1,tamar_03.jpg.1,marina_09.jpg.1,tamar_01.jpg.1,marina_10.jpg.1,tamar_06.jpg.1,marina_05.jpg.1,marina_02.jpg.1,marina_03.jpg.1,tamar_08.jpg.1
0,5.960464499999999e-09,0.013222420333333334,0.012123133666666668,0.014934158333333333,0.012530684666666668,0.013643878833333335,0.016255436333333335,0.012986703666666665,0.026141655666666666,0.012471052000000002,0.015886640333333334,0.01836828,0.016622452333333333,0.023104446999999997,0.03219151233333333,0.01204892,0.032285343333333334,0.013625844,0.03406342666666666,0.030313313333333335,0.030606915666666668,0.017700268666666668,0.03469631066666667,0.020104015,0.030243799999999998,0.026866535333333334,0.027028016,0.029495779,0.016279743333333332,0.019334723666666668,0.026807032,0.03279906266666667,0.023880623,0.030718582,0.022214337000000004,0.019575007666666665,0.030442577666666668,0.015180933666666667,0.039587346,0.04393005766666667,0.046083867666666674,0.050953776666666666,0.04769247866666667,0.04611004666666666,0.048465847666666666,0.046988852666666664,0.04634221333333333,0.044048761000000006,0.04430248866666666,0.039710268666666666,0.04222710933333333,0.04218116333333333,0.04710906333333333,0.043406722333333335,0.039577523333333336,0.04282865533333333,0.04440897666666667,0.04096713466666667,0.043744922,0.044026253333333334,0.039587346,5.960464499999999e-09,0.04782723,0.04393005766666667,0.046083867666666674,0.04537725,0.030313313333333335,0.050953776666666666,0.030606915666666668,0.017700268666666668,0.04769247866666667,0.013222420333333334,0.04360743333333333,0.04452121866666667,0.012123133666666668,0.014934158333333333,0.04611004666666666,0.03469631066666667,0.042495158,0.012530684666666668,0.013643878833333335,0.016255436333333335,0.020104015,0.046821753333333334,0.012986703666666665,0.047237643333333336,0.049463717666666664,0.026141655666666666,0.048465847666666666,0.030243799999999998,0.042022613666666674,0.05072898833333333,0.012471052000000002,0.046988852666666664,0.04762857133333333,0.04634221333333333,0.026866535333333334,0.044048761000000006,0.04430248866666666,0.015886640333333334,0.01836828,0.039710268666666666,0.04804221466666667,0.03845863133333334,0.016622452333333333,0.027028016,0.05138244666666667,0.029495779,0.04222710933333333,0.016279743333333332,0.043963265,0.023104446999999997,0.03219151233333333,0.04218116333333333,0.04710906333333333,0.01204892,0.019334723666666668,0.032285343333333334,0.026807032,0.03279906266666667,0.013625844,0.043406722333333335,0.043827685,0.04702781633333333,0.03406342666666666,0.023880623,0.030718582,0.039577523333333336,0.04282865533333333,0.022214337000000004,0.019575007666666665,0.030442577666666668,0.04567508466666667,0.04440897666666667,0.015180933666666667,0.04096713466666667,0.043744922,0.044026253333333334,0.04782723,0.04537725,0.04360743333333333,0.04452121866666667,0.042495158,0.046821753333333334,0.047237643333333336,0.049463717666666664,0.042022613666666674,0.05072898833333333,0.04762857133333333,0.04804221466666667,0.03845863133333334,0.05138244666666667,0.043963265,0.043827685,0.04702781633333333,0.04567508466666667
1,0.013222420333333334,0.0,0.01747949733333333,0.01815660033333333,0.019197009,0.017759104333333334,0.019406544666666668,0.020888207333333336,0.03261752566666667,0.014527301,0.020261333333333333,0.02401736966666667,0.024483345,0.029868422000000002,0.038032232000000006,0.016716561999999997,0.038018159,0.020620354,0.039446339000000004,0.03522542333333334,0.033708448333333335,0.020815766,0.03758227533333333,0.01831413733333333,0.037275505,0.03307601466666667,0.035217863333333335,0.03597806333333333,0.02229661133333333,0.023319198666666666,0.032742235,0.04002186533333333,0.030474265666666667,0.039033233333333334,0.028354509333333333,0.024376035,0.03754388233333333,0.019365533333333334,0.03640740566666667,0.042585308,0.04545791933333333,0.050558744,0.044457419,0.04214389500000001,0.04535889133333333,0.04613392333333334,0.043756912,0.03923070033333333,0.04075259333333334,0.039570706666666663,0.04021751666666666,0.03886770433333333,0.046385189,0.03843446166666666,0.03760964533333333,0.042590642,0.04166036066666667,0.04020133,0.043106551666666666,0.04322287066666666,0.03640740566666667,0.013222420333333334,0.04466507200000001,0.042585308,0.04545791933333333,0.043073338,0.03522542333333334,0.050558744,0.033708448333333335,0.020815766,0.044457419,0.0,0.041438600000000006,0.045311938999999996,0.01747949733333333,0.01815660033333333,0.04214389500000001,0.03758227533333333,0.039946399,0.019197009,0.017759104333333334,0.019406544666666668,0.01831413733333333,0.047442859999999996,0.020888207333333336,0.04769060666666667,0.047201327999999994,0.03261752566666667,0.04535889133333333,0.037275505,0.04048302599999999,0.05010601333333333,0.014527301,0.04613392333333334,0.043488066666666665,0.043756912,0.03307601466666667,0.03923070033333333,0.04075259333333334,0.020261333333333333,0.02401736966666667,0.039570706666666663,0.04847376766666667,0.03795794466666667,0.024483345,0.035217863333333335,0.050590788666666664,0.03597806333333333,0.04021751666666666,0.02229661133333333,0.04161393766666667,0.029868422000000002,0.038032232000000006,0.03886770433333333,0.046385189,0.016716561999999997,0.023319198666666666,0.038018159,0.032742235,0.04002186533333333,0.020620354,0.03843446166666666,0.04000982066666667,0.044929568,0.039446339000000004,0.030474265666666667,0.039033233333333334,0.03760964533333333,0.042590642,0.028354509333333333,0.024376035,0.03754388233333333,0.04443949,0.04166036066666667,0.019365533333333334,0.04020133,0.043106551666666666,0.04322287066666666,0.04466507200000001,0.043073338,0.041438600000000006,0.045311938999999996,0.039946399,0.047442859999999996,0.04769060666666667,0.047201327999999994,0.04048302599999999,0.05010601333333333,0.043488066666666665,0.04847376766666667,0.03795794466666667,0.050590788666666664,0.04161393766666667,0.04000982066666667,0.044929568,0.04443949
2,0.012123133666666668,0.01747949733333333,0.0,0.015038476666666667,0.020371703,0.01795173466666667,0.021035501999999998,0.017539149666666667,0.02252810166666667,0.013782380000000002,0.021568487,0.020614709999999998,0.018168000333333333,0.018985090333333333,0.026503268333333333,0.015797619,0.027286879333333333,0.018285998,0.02672532533333333,0.032689678,0.030485598,0.015860996333333332,0.03588668133333333,0.020738464666666668,0.026514184666666666,0.025446617333333334,0.020616724,0.022428639333333333,0.014699813,0.018422846,0.02312147566666667,0.02330745433333333,0.01757229366666667,0.02303919,0.022883296,0.01862750666666667,0.022057489,0.019482024333333334,0.037135410333333334,0.04094010333333333,0.03868321366666667,0.043442608,0.038990209666666664,0.038627249999999995,0.044341283333333335,0.04020779933333333,0.03863427333333334,0.038041579666666665,0.04101942433333334,0.035117232666666665,0.03817562533333333,0.033517044,0.03994448,0.03921479466666667,0.03471431333333333,0.03813115933333333,0.038619135666666665,0.038919848,0.04627521333333333,0.042239093666666665,0.037135410333333334,0.012123133666666668,0.049906824999999995,0.04094010333333333,0.03868321366666667,0.04665345666666666,0.032689678,0.043442608,0.030485598,0.015860996333333332,0.038990209666666664,0.01747949733333333,0.04067772466666667,0.03787592066666667,0.0,0.015038476666666667,0.038627249999999995,0.03588668133333333,0.04214041266666667,0.020371703,0.01795173466666667,0.021035501999999998,0.020738464666666668,0.04174504766666667,0.017539149666666667,0.042510102333333334,0.04626171999999999,0.02252810166666667,0.044341283333333335,0.026514184666666666,0.038974419999999996,0.04359882,0.013782380000000002,0.04020779933333333,0.045493553000000006,0.03863427333333334,0.025446617333333334,0.038041579666666665,0.04101942433333334,0.021568487,0.020614709999999998,0.035117232666666665,0.040267654666666666,0.03629999133333333,0.018168000333333333,0.020616724,0.044486168333333326,0.022428639333333333,0.03817562533333333,0.014699813,0.04370997533333334,0.018985090333333333,0.026503268333333333,0.033517044,0.03994448,0.015797619,0.018422846,0.027286879333333333,0.02312147566666667,0.02330745433333333,0.018285998,0.03921479466666667,0.042127971,0.04547022533333333,0.02672532533333333,0.01757229366666667,0.02303919,0.03471431333333333,0.03813115933333333,0.022883296,0.01862750666666667,0.022057489,0.043896466333333335,0.038619135666666665,0.019482024333333334,0.038919848,0.04627521333333333,0.042239093666666665,0.049906824999999995,0.04665345666666666,0.04067772466666667,0.03787592066666667,0.04214041266666667,0.04174504766666667,0.042510102333333334,0.04626171999999999,0.038974419999999996,0.04359882,0.045493553000000006,0.040267654666666666,0.03629999133333333,0.044486168333333326,0.04370997533333334,0.042127971,0.04547022533333333,0.043896466333333335
3,0.014934158333333333,0.01815660033333333,0.015038476666666667,0.0,0.013736448666666668,0.020423797666666667,0.012347154,0.020390528666666668,0.030997848333333338,0.007645178,0.023439828333333336,0.018388700666666667,0.021743019333333335,0.025634001,0.028294557333333335,0.021124345,0.027876702666666663,0.025989157,0.03290078933333333,0.028547785333333332,0.027831526333333335,0.019650437,0.033458659999999994,0.018378281333333333,0.029447888666666665,0.025878286333333334,0.022746115333333334,0.033054103333333335,0.017203370666666665,0.015777990999999998,0.028205311000000004,0.030674771666666663,0.022483320999999997,0.025617504,0.019355581000000004,0.021160753333333334,0.031819515,0.015412932666666665,0.03918132466666666,0.045427487999999995,0.04666053,0.050611415,0.04886210333333333,0.044446864,0.04608205333333334,0.04738505666666667,0.046451483,0.04364873666666667,0.044302636666666666,0.038198546666666666,0.04252369033333333,0.04069957466666666,0.046860298,0.044356498333333334,0.04116129866666666,0.041173845333333334,0.042738940999999996,0.04121529633333333,0.044320984333333334,0.042525255000000005,0.03918132466666666,0.014934158333333333,0.04520082666666667,0.045427487999999995,0.04666053,0.045747372,0.028547785333333332,0.050611415,0.027831526333333335,0.019650437,0.04886210333333333,0.01815660033333333,0.044847630000000006,0.042513379,0.015038476666666667,0.0,0.044446864,0.033458659999999994,0.042428969999999996,0.013736448666666668,0.020423797666666667,0.012347154,0.018378281333333333,0.04264009,0.020390528666666668,0.047645457999999995,0.048772891333333325,0.030997848333333338,0.04608205333333334,0.029447888666666665,0.04088402666666666,0.05032486166666666,0.007645178,0.04738505666666667,0.0429977,0.046451483,0.025878286333333334,0.04364873666666667,0.044302636666666666,0.023439828333333336,0.018388700666666667,0.038198546666666666,0.04838117333333334,0.04111822833333334,0.021743019333333335,0.022746115333333334,0.04925625733333334,0.033054103333333335,0.04252369033333333,0.017203370666666665,0.04329443866666667,0.025634001,0.028294557333333335,0.04069957466666666,0.046860298,0.021124345,0.015777990999999998,0.027876702666666663,0.028205311000000004,0.030674771666666663,0.025989157,0.044356498333333334,0.04348801566666667,0.043065973333333334,0.03290078933333333,0.022483320999999997,0.025617504,0.04116129866666666,0.041173845333333334,0.019355581000000004,0.021160753333333334,0.031819515,0.04754324233333333,0.042738940999999996,0.015412932666666665,0.04121529633333333,0.044320984333333334,0.042525255000000005,0.04520082666666667,0.045747372,0.044847630000000006,0.042513379,0.042428969999999996,0.04264009,0.047645457999999995,0.048772891333333325,0.04088402666666666,0.05032486166666666,0.0429977,0.04838117333333334,0.04111822833333334,0.04925625733333334,0.04329443866666667,0.04348801566666667,0.043065973333333334,0.04754324233333333
4,0.012530684666666668,0.019197009,0.020371703,0.013736448666666668,3.973642999999999e-09,0.015768866,0.008267855666666667,0.014769423,0.032618566333333335,0.014333415,0.015462346666666666,0.016865176,0.017724526,0.025658104666666667,0.028019046666666665,0.01793079133333333,0.028426629,0.020415135333333338,0.03196393833333334,0.024821060666666665,0.025574988,0.02215736,0.028334257333333335,0.018358939666666668,0.024935309,0.020963192000000002,0.027207821666666666,0.034263044666666666,0.020578727666666668,0.014184403666666668,0.027245925,0.03290394666666667,0.026519304333333337,0.030553823666666667,0.020616932333333334,0.023280964666666664,0.03629011333333333,0.013034115,0.03426619933333333,0.03889321266666667,0.044441352,0.04812353766666666,0.04898088233333333,0.04717795833333334,0.04500167333333333,0.04468162133333333,0.04607937933333333,0.044492197,0.04100542333333333,0.034902771000000006,0.037859996666666666,0.044237127,0.044406597000000006,0.040697612333333334,0.036740418999999996,0.038930341,0.04238706866666666,0.03380054933333333,0.038440158,0.037129741333333334,0.03426619933333333,0.012530684666666668,0.041166452,0.03889321266666667,0.044441352,0.04005498166666667,0.024821060666666665,0.04812353766666666,0.025574988,0.02215736,0.04898088233333333,0.019197009,0.040402957333333336,0.03930540666666667,0.020371703,0.013736448666666668,0.04717795833333334,0.028334257333333335,0.034073558,3.973642999999999e-09,0.015768866,0.008267855666666667,0.018358939666666668,0.03811795333333333,0.014769423,0.042357617666666667,0.044043295,0.032618566333333335,0.04500167333333333,0.024935309,0.035857735333333335,0.04795782966666667,0.014333415,0.04468162133333333,0.03772096333333333,0.04607937933333333,0.020963192000000002,0.044492197,0.04100542333333333,0.015462346666666666,0.016865176,0.034902771000000006,0.046105717666666664,0.033862952333333335,0.017724526,0.027207821666666666,0.047432999999999996,0.034263044666666666,0.037859996666666666,0.020578727666666668,0.03747293966666666,0.025658104666666667,0.028019046666666665,0.044237127,0.044406597000000006,0.01793079133333333,0.014184403666666668,0.028426629,0.027245925,0.03290394666666667,0.020415135333333338,0.040697612333333334,0.03762422766666667,0.04270941033333333,0.03196393833333334,0.026519304333333337,0.030553823666666667,0.036740418999999996,0.038930341,0.020616932333333334,0.023280964666666664,0.03629011333333333,0.039723555,0.04238706866666666,0.013034115,0.03380054933333333,0.038440158,0.037129741333333334,0.041166452,0.04005498166666667,0.040402957333333336,0.03930540666666667,0.034073558,0.03811795333333333,0.042357617666666667,0.044043295,0.035857735333333335,0.04795782966666667,0.03772096333333333,0.046105717666666664,0.033862952333333335,0.047432999999999996,0.03747293966666666,0.03762422766666667,0.04270941033333333,0.039723555
5,0.013643878833333335,0.017759104333333334,0.01795173466666667,0.020423797666666667,0.015768866,1.9868214999999996e-09,0.013872007466666666,0.008507776333333335,0.03350092366666667,0.014324093,0.005919569866666667,0.0106106558,0.014500341666666666,0.030096429333333334,0.03830011166666667,0.010946528333333335,0.03383265433333334,0.018949586666666667,0.03821626733333334,0.029490011333333333,0.035399076,0.022128719,0.03542719466666667,0.021057379333333334,0.03047264766666667,0.02442595566666667,0.030701820666666664,0.032382805,0.019530278666666668,0.019124714666666667,0.026686674333333334,0.035556566666666664,0.029718782666666665,0.037001346666666664,0.02438182033333334,0.024297617,0.037056964666666664,0.02349579833333333,0.04094071133333334,0.0438473,0.04952254666666667,0.05273369866666666,0.053778550999999994,0.05336556466666667,0.05113611666666666,0.048821604666666664,0.052739135666666666,0.04924781,0.04527444666666667,0.04000951,0.04477087666666666,0.05151696033333333,0.04943343999999999,0.04852497433333334,0.04319351133333333,0.04469507466666666,0.04999831666666667,0.039879486666666665,0.04420365833333333,0.045096632000000005,0.04094071133333334,0.013643878833333335,0.050382363666666666,0.0438473,0.04952254666666667,0.04752304666666666,0.029490011333333333,0.05273369866666666,0.035399076,0.022128719,0.053778550999999994,0.017759104333333334,0.04844158666666667,0.046481085,0.01795173466666667,0.020423797666666667,0.05336556466666667,0.03542719466666667,0.04400643533333333,0.015768866,1.9868214999999996e-09,0.013872007466666666,0.021057379333333334,0.048697371999999996,0.008507776333333335,0.04771596333333334,0.05272499333333333,0.03350092366666667,0.05113611666666666,0.03047264766666667,0.04486652333333333,0.053960458,0.014324093,0.048821604666666664,0.047060068,0.052739135666666666,0.02442595566666667,0.04924781,0.04527444666666667,0.005919569866666667,0.0106106558,0.04000951,0.05234039000000001,0.041096504666666665,0.014500341666666666,0.030701820666666664,0.05213655466666667,0.032382805,0.04477087666666666,0.019530278666666668,0.046406866666666664,0.030096429333333334,0.03830011166666667,0.05151696033333333,0.04943343999999999,0.010946528333333335,0.019124714666666667,0.03383265433333334,0.026686674333333334,0.035556566666666664,0.018949586666666667,0.04852497433333334,0.04644426233333334,0.05287178000000001,0.03821626733333334,0.029718782666666665,0.037001346666666664,0.04319351133333333,0.04469507466666666,0.02438182033333334,0.024297617,0.037056964666666664,0.047225477333333335,0.04999831666666667,0.02349579833333333,0.039879486666666665,0.04420365833333333,0.045096632000000005,0.050382363666666666,0.04752304666666666,0.04844158666666667,0.046481085,0.04400643533333333,0.048697371999999996,0.04771596333333334,0.05272499333333333,0.04486652333333333,0.053960458,0.047060068,0.05234039000000001,0.041096504666666665,0.05213655466666667,0.046406866666666664,0.04644426233333334,0.05287178000000001,0.047225477333333335
6,0.016255436333333335,0.019406544666666668,0.021035501999999998,0.012347154,0.008267855666666667,0.013872007466666666,5.960464499999999e-09,0.015662519,0.03206055766666667,0.011296403333333335,0.014478593666666668,0.011671175666666667,0.016418034,0.026361076,0.027781520666666667,0.019456768333333332,0.02628173433333333,0.02706063133333333,0.032063362,0.022607466000000003,0.027387659333333335,0.017428432,0.026947743333333333,0.015101856333333332,0.023406493666666663,0.018509650333333336,0.022049786666666668,0.031785252,0.015418362666666666,0.012720616666666665,0.022245889999999997,0.031062883333333333,0.023599803333333336,0.026576392,0.017345514,0.01992927,0.03271158933333333,0.018318353,0.03697162933333333,0.03823220166666667,0.04589063,0.049327738999999995,0.05217265333333333,0.04799131833333333,0.047753858999999996,0.04576836,0.049139785666666665,0.04667791,0.04255442466666667,0.032337448666666664,0.04034468666666667,0.045994623666666665,0.045416132666666664,0.04421714666666667,0.038757854333333334,0.039699326,0.046149063,0.033914056,0.040015745666666665,0.036690622666666665,0.03697162933333333,0.016255436333333335,0.042334133333333336,0.03823220166666667,0.04589063,0.04312568566666666,0.022607466000000003,0.049327738999999995,0.027387659333333335,0.017428432,0.05217265333333333,0.019406544666666668,0.04550999866666667,0.040775073333333335,0.021035501999999998,0.012347154,0.04799131833333333,0.026947743333333333,0.037080987333333336,0.008267855666666667,0.013872007466666666,5.960464499999999e-09,0.015101856333333332,0.039226118000000004,0.015662519,0.04480404466666667,0.04656746,0.03206055766666667,0.047753858999999996,0.023406493666666663,0.03612874,0.050796280000000006,0.011296403333333335,0.04576836,0.038588899333333336,0.049139785666666665,0.018509650333333336,0.04667791,0.04255442466666667,0.014478593666666668,0.011671175666666667,0.032337448666666664,0.04880177333333333,0.038338534666666674,0.016418034,0.022049786666666668,0.0490401,0.031785252,0.04034468666666667,0.015418362666666666,0.041966981333333334,0.026361076,0.027781520666666667,0.045994623666666665,0.045416132666666664,0.019456768333333332,0.012720616666666665,0.02628173433333333,0.022245889999999997,0.031062883333333333,0.02706063133333333,0.04421714666666667,0.03931855333333333,0.044114695666666676,0.032063362,0.023599803333333336,0.026576392,0.038757854333333334,0.039699326,0.017345514,0.01992927,0.03271158933333333,0.044023771999999996,0.046149063,0.018318353,0.033914056,0.040015745666666665,0.036690622666666665,0.042334133333333336,0.04312568566666666,0.04550999866666667,0.040775073333333335,0.037080987333333336,0.039226118000000004,0.04480404466666667,0.04656746,0.03612874,0.050796280000000006,0.038588899333333336,0.04880177333333333,0.038338534666666674,0.0490401,0.041966981333333334,0.03931855333333333,0.044114695666666676,0.044023771999999996
7,0.012986703666666665,0.020888207333333336,0.017539149666666667,0.020390528666666668,0.014769423,0.008507776333333335,0.015662519,3.973642999999999e-09,0.030886155333333335,0.016729299333333333,0.0059224505,0.011786685333333333,0.012448090333333332,0.029377754333333332,0.03608471466666666,0.006050461666666667,0.030162096000000003,0.012759016,0.03457026066666667,0.032264808666666665,0.03558363166666667,0.027100601000000002,0.03577956933333334,0.027191689999999998,0.028217399333333334,0.022107410333333334,0.031787769333333334,0.034733205999999996,0.024844787666666663,0.02414069233333333,0.02997548766666667,0.035240670333333335,0.031850453,0.037435238333333336,0.029061898333333332,0.02934402866666667,0.03741799366666667,0.02227073716666667,0.037571891333333336,0.039776977000000005,0.04497928466666667,0.047851573333333335,0.049013759,0.05098066166666667,0.046018529,0.04567509333333333,0.0478485,0.047032030999999995,0.043042567999999996,0.038233591,0.039662988999999996,0.050093080000000005,0.044789924333333335,0.04468048233333333,0.04024779866666666,0.03928142333333333,0.04521622633333333,0.036565062333333335,0.040428128333333334,0.043390908666666665,0.037571891333333336,0.012986703666666665,0.048982020333333334,0.039776977000000005,0.04497928466666667,0.04181923,0.032264808666666665,0.047851573333333335,0.03558363166666667,0.027100601000000002,0.049013759,0.020888207333333336,0.04253714466666667,0.04200934433333334,0.017539149666666667,0.020390528666666668,0.05098066166666667,0.03577956933333334,0.04093502,0.014769423,0.008507776333333335,0.015662519,0.027191689999999998,0.044752342,3.973642999999999e-09,0.04289026,0.049594303,0.030886155333333335,0.046018529,0.028217399333333334,0.041522073666666666,0.049486293333333334,0.016729299333333333,0.04567509333333333,0.045303253333333335,0.0478485,0.022107410333333334,0.047032030999999995,0.043042567999999996,0.0059224505,0.011786685333333333,0.038233591,0.04776452900000001,0.03624801233333333,0.012448090333333332,0.031787769333333334,0.04798819666666666,0.034733205999999996,0.039662988999999996,0.024844787666666663,0.04060154333333334,0.029377754333333332,0.03608471466666666,0.050093080000000005,0.044789924333333335,0.006050461666666667,0.02414069233333333,0.030162096000000003,0.02997548766666667,0.035240670333333335,0.012759016,0.04468048233333333,0.04309467766666667,0.051050301666666666,0.03457026066666667,0.031850453,0.037435238333333336,0.04024779866666666,0.03928142333333333,0.029061898333333332,0.02934402866666667,0.03741799366666667,0.041300509333333325,0.04521622633333333,0.02227073716666667,0.036565062333333335,0.040428128333333334,0.043390908666666665,0.048982020333333334,0.04181923,0.04253714466666667,0.04200934433333334,0.04093502,0.044752342,0.04289026,0.049594303,0.041522073666666666,0.049486293333333334,0.045303253333333335,0.04776452900000001,0.03624801233333333,0.04798819666666666,0.04060154333333334,0.04309467766666667,0.051050301666666666,0.041300509333333325
8,0.026141655666666666,0.03261752566666667,0.02252810166666667,0.030997848333333338,0.032618566333333335,0.03350092366666667,0.03206055766666667,0.030886155333333335,5.960464499999999e-09,0.02758561966666667,0.034651874000000006,0.034978161,0.022037438,0.020505767999999997,0.024330106,0.032163765,0.02135478266666667,0.027274182,0.024763115333333332,0.037478323333333334,0.033848238,0.025347149333333333,0.035225129333333334,0.03379948333333333,0.02508279466666667,0.02745789,0.02922584566666667,0.020631834,0.025772995,0.03555509233333334,0.025569834333333333,0.025023386999999998,0.023287838666666668,0.024923304666666667,0.036487073333333335,0.029232541666666667,0.020574105000000002,0.036713761000000004,0.031216214333333332,0.029668807999999998,0.027761675666666666,0.028259083999999997,0.02809807333333333,0.027721936666666665,0.03300867666666667,0.02960548666666667,0.02642888,0.027407384666666663,0.03186937533333333,0.027306368,0.032322787666666665,0.029546280666666667,0.027711065666666663,0.031200138666666665,0.028521434666666665,0.030922820666666666,0.02823866233333333,0.029042949333333335,0.03835104733333334,0.033573715,0.031216214333333332,0.026141655666666666,0.040714075,0.029668807999999998,0.027761675666666666,0.04116592200000001,0.037478323333333334,0.028259083999999997,0.033848238,0.025347149333333333,0.02809807333333333,0.03261752566666667,0.030582976333333334,0.024969206333333334,0.02252810166666667,0.030997848333333338,0.027721936666666665,0.035225129333333334,0.033854434333333336,0.032618566333333335,0.03350092366666667,0.03206055766666667,0.03379948333333333,0.030655376000000005,0.030886155333333335,0.028469526666666665,0.032151385,5.960464499999999e-09,0.03300867666666667,0.02508279466666667,0.029016233666666665,0.031868522333333336,0.02758561966666667,0.02960548666666667,0.03751543266666667,0.02642888,0.02745789,0.027407384666666663,0.03186937533333333,0.034651874000000006,0.034978161,0.027306368,0.028383699999999998,0.02991183866666667,0.022037438,0.02922584566666667,0.030390086,0.020631834,0.032322787666666665,0.025772995,0.035180514,0.020505767999999997,0.024330106,0.029546280666666667,0.027711065666666663,0.032163765,0.03555509233333334,0.02135478266666667,0.025569834333333333,0.025023386999999998,0.027274182,0.031200138666666665,0.03306352866666667,0.033610994000000005,0.024763115333333332,0.023287838666666668,0.024923304666666667,0.028521434666666665,0.030922820666666666,0.036487073333333335,0.029232541666666667,0.020574105000000002,0.032868060000000004,0.02823866233333333,0.036713761000000004,0.029042949333333335,0.03835104733333334,0.033573715,0.040714075,0.04116592200000001,0.030582976333333334,0.024969206333333334,0.033854434333333336,0.030655376000000005,0.028469526666666665,0.032151385,0.029016233666666665,0.031868522333333336,0.03751543266666667,0.028383699999999998,0.02991183866666667,0.030390086,0.035180514,0.03306352866666667,0.033610994000000005,0.032868060000000004
9,0.012471052000000002,0.014527301,0.013782380000000002,0.007645178,0.014333415,0.014324093,0.011296403333333335,0.016729299333333333,0.02758561966666667,0.0,0.018349603666666665,0.017177510133333334,0.016303741666666666,0.023456075333333333,0.028449784,0.018751663,0.024437215,0.022898329999999998,0.031913159999999996,0.027995509,0.030428963333333333,0.017334556666666667,0.032427715333333336,0.014882985666666666,0.027232534,0.022534857,0.024326372333333332,0.031424904,0.014015271333333334,0.015823008466666667,0.025628972333333333,0.03117734,0.023495642333333334,0.028727519333333333,0.020492931333333336,0.019123075333333336,0.031332420666666666,0.019934058333333334,0.03543543766666667,0.04216420666666667,0.04546833133333334,0.049171694333333335,0.04763964566666667,0.044270382000000004,0.04616669799999999,0.045510611666666666,0.04528845,0.041176855,0.04062781333333333,0.03602517000000001,0.04040038666666666,0.04064360233333333,0.044926636666666665,0.04200830766666667,0.038374734333333334,0.040030745666666666,0.042258651333333334,0.036438170666666665,0.042977774333333336,0.042671801333333335,0.03543543766666667,0.012471052000000002,0.04692729333333333,0.04216420666666667,0.04546833133333334,0.047163753333333336,0.027995509,0.049171694333333335,0.030428963333333333,0.017334556666666667,0.04763964566666667,0.014527301,0.04422678866666666,0.041034144333333335,0.013782380000000002,0.007645178,0.044270382000000004,0.032427715333333336,0.03985066,0.014333415,0.014324093,0.011296403333333335,0.014882985666666666,0.044162887666666664,0.016729299333333333,0.04509654033333333,0.048710036666666665,0.02758561966666667,0.04616669799999999,0.027232534,0.039414579000000005,0.05017871333333333,0.0,0.045510611666666666,0.043249622,0.04528845,0.022534857,0.041176855,0.04062781333333333,0.018349603666666665,0.017177510133333334,0.03602517000000001,0.04805164666666666,0.03823245966666667,0.016303741666666666,0.024326372333333332,0.04779411333333334,0.031424904,0.04040038666666666,0.014015271333333334,0.04344866233333334,0.023456075333333333,0.028449784,0.04064360233333333,0.044926636666666665,0.018751663,0.015823008466666667,0.024437215,0.025628972333333333,0.03117734,0.022898329999999998,0.04200830766666667,0.041781062,0.04586016166666666,0.031913159999999996,0.023495642333333334,0.028727519333333333,0.038374734333333334,0.040030745666666666,0.020492931333333336,0.019123075333333336,0.031332420666666666,0.04624397133333333,0.042258651333333334,0.019934058333333334,0.036438170666666665,0.042977774333333336,0.042671801333333335,0.04692729333333333,0.047163753333333336,0.04422678866666666,0.041034144333333335,0.03985066,0.044162887666666664,0.04509654033333333,0.048710036666666665,0.039414579000000005,0.05017871333333333,0.043249622,0.04805164666666666,0.03823245966666667,0.04779411333333334,0.04344866233333334,0.041781062,0.04586016166666666,0.04624397133333333
10,0.015886640333333334,0.020261333333333333,0.021568487,0.023439828333333336,0.015462346666666666,0.005919569866666667,0.014478593666666668,0.0059224505,0.034651874000000006,0.018349603666666665,3.973642999999999e-09,0.008996786666666668,0.014566141333333334,0.03363075233333333,0.039285738333333334,0.008640501666666666,0.033651081666666666,0.01953864533333333,0.038038185999999995,0.029662011,0.03471032733333333,0.026282706,0.032531779000000004,0.023630133333333334,0.028719203333333332,0.021833024666666666,0.032067958333333334,0.03486976633333334,0.023690927000000004,0.022881464,0.027819989,0.036981332,0.03297198166666667,0.03824417166666667,0.027396281666666668,0.02826483833333333,0.039286264,0.025333162000000003,0.03965580999999999,0.03952365766666667,0.046706776666666665,0.049940721333333334,0.052346826666666665,0.053096055,0.04847966666666667,0.04659608333333334,0.05117077033333333,0.04982037766666667,0.04435134833333333,0.038269642000000006,0.04112460166666666,0.052592198,0.046573819999999995,0.046593341,0.042040145333333334,0.04076965,0.04919995866666667,0.036213235333333336,0.041199577,0.040872973333333326,0.03965580999999999,0.015886640333333334,0.04847083,0.03952365766666667,0.046706776666666665,0.042186675333333326,0.029662011,0.049940721333333334,0.03471032733333333,0.026282706,0.052346826666666665,0.020261333333333333,0.04614402466666667,0.04453494666666667,0.021568487,0.023439828333333336,0.053096055,0.032531779000000004,0.04113652999999999,0.015462346666666666,0.005919569866666667,0.014478593666666668,0.023630133333333334,0.04480974666666667,0.0059224505,0.044743271333333334,0.050213156,0.034651874000000006,0.04847966666666667,0.028719203333333332,0.041483877,0.052119787666666674,0.018349603666666665,0.04659608333333334,0.04398466933333333,0.05117077033333333,0.021833024666666666,0.04982037766666667,0.04435134833333333,3.973642999999999e-09,0.008996786666666668,0.038269642000000006,0.050650745,0.03901692166666667,0.014566141333333334,0.032067958333333334,0.05033873166666667,0.03486976633333334,0.04112460166666666,0.023690927000000004,0.04295474666666667,0.03363075233333333,0.039285738333333334,0.052592198,0.046573819999999995,0.008640501666666666,0.022881464,0.033651081666666666,0.027819989,0.036981332,0.01953864533333333,0.046593341,0.042670471999999994,0.051654769999999996,0.038038185999999995,0.03297198166666667,0.03824417166666667,0.042040145333333334,0.04076965,0.027396281666666668,0.02826483833333333,0.039286264,0.043302755333333325,0.04919995866666667,0.025333162000000003,0.036213235333333336,0.041199577,0.040872973333333326,0.04847083,0.042186675333333326,0.04614402466666667,0.04453494666666667,0.04113652999999999,0.04480974666666667,0.044743271333333334,0.050213156,0.041483877,0.052119787666666674,0.04398466933333333,0.050650745,0.03901692166666667,0.05033873166666667,0.04295474666666667,0.042670471999999994,0.051654769999999996,0.043302755333333325
11,0.01836828,0.02401736966666667,0.020614709999999998,0.018388700666666667,0.016865176,0.0106106558,0.011671175666666667,0.011786685333333333,0.034978161,0.017177510133333334,0.008996786666666668,3.973642999999999e-09,0.014667123666666667,0.030720196666666665,0.034594633,0.013701590000000001,0.031248597333333333,0.025913788666666666,0.03552525133333333,0.025614796,0.03248277433333334,0.024060267333333333,0.029019767,0.020830490666666666,0.026440209,0.020692394,0.02251710466666667,0.03194900766666667,0.020590742333333335,0.01976398633333333,0.022768063999999998,0.032310976666666665,0.027772990666666667,0.028397655333333334,0.021762057,0.024091784,0.03353413933333334,0.025058748333333332,0.042711591,0.041329269999999994,0.04651462766666667,0.050915295666666666,0.05359845566666666,0.05054791333333333,0.05022872866666666,0.04623143,0.053208239,0.04991702133333333,0.04469250633333333,0.036711226666666666,0.041749966666666666,0.048700600999999996,0.04682364766666667,0.049029630000000005,0.043259542000000005,0.039680572,0.051926426,0.03851499333333333,0.042222034666666665,0.03979694,0.042711591,0.01836828,0.04709156333333333,0.041329269999999994,0.04651462766666667,0.042081741666666665,0.025614796,0.050915295666666666,0.03248277433333334,0.024060267333333333,0.05359845566666666,0.02401736966666667,0.04973958133333333,0.046245323333333324,0.020614709999999998,0.018388700666666667,0.05054791333333333,0.029019767,0.04243256166666667,0.016865176,0.0106106558,0.011671175666666667,0.020830490666666666,0.04369414566666666,0.011786685333333333,0.04828002866666667,0.050465475,0.034978161,0.05022872866666666,0.026440209,0.042121251,0.053429372999999995,0.017177510133333334,0.04623143,0.043357249,0.053208239,0.020692394,0.04991702133333333,0.04469250633333333,0.008996786666666668,3.973642999999999e-09,0.036711226666666666,0.05123599333333333,0.04220849766666667,0.014667123666666667,0.02251710466666667,0.051453236666666666,0.03194900766666667,0.041749966666666666,0.020590742333333335,0.047020917999999995,0.030720196666666665,0.034594633,0.048700600999999996,0.04682364766666667,0.013701590000000001,0.01976398633333333,0.031248597333333333,0.022768063999999998,0.032310976666666665,0.025913788666666666,0.049029630000000005,0.04255646166666667,0.05008227,0.03552525133333333,0.027772990666666667,0.028397655333333334,0.043259542000000005,0.039680572,0.021762057,0.024091784,0.03353413933333334,0.04751453766666667,0.051926426,0.025058748333333332,0.03851499333333333,0.042222034666666665,0.03979694,0.04709156333333333,0.042081741666666665,0.04973958133333333,0.046245323333333324,0.04243256166666667,0.04369414566666666,0.04828002866666667,0.050465475,0.042121251,0.053429372999999995,0.043357249,0.05123599333333333,0.04220849766666667,0.051453236666666666,0.047020917999999995,0.04255646166666667,0.05008227,0.04751453766666667
12,0.016622452333333333,0.024483345,0.018168000333333333,0.021743019333333335,0.017724526,0.014500341666666666,0.016418034,0.012448090333333332,0.022037438,0.016303741666666666,0.014566141333333334,0.014667123666666667,0.0,0.022023477666666666,0.028042204333333338,0.015962026666666667,0.02225247633333333,0.017774061,0.028043901333333333,0.028932862333333333,0.033711695,0.02545807166666667,0.030049146666666672,0.025130097666666667,0.021996690666666666,0.017376923666666665,0.024621356,0.027293324333333334,0.022073004999999996,0.02496327933333333,0.023688719666666667,0.02930745933333333,0.027827094,0.02865831866666667,0.028437610333333332,0.026561103,0.029214316666666667,0.028621864333333337,0.032164708666666667,0.03424512733333333,0.03840461,0.041245282,0.04344623333333333,0.04299270533333333,0.04142116466666666,0.039437193333333335,0.04215057133333334,0.03910123,0.034076646,0.03159802133333333,0.034270445,0.04112020400000001,0.03759164266666667,0.03907051866666667,0.03462988,0.03181271333333333,0.040665269999999996,0.029471363333333334,0.03679602466666666,0.03739179,0.032164708666666667,0.016622452333333333,0.04516373133333333,0.03424512733333333,0.03840461,0.03935969266666666,0.028932862333333333,0.041245282,0.033711695,0.02545807166666667,0.04344623333333333,0.024483345,0.03905455133333333,0.035483309,0.018168000333333333,0.021743019333333335,0.04299270533333333,0.030049146666666672,0.034134985666666666,0.017724526,0.014500341666666666,0.016418034,0.025130097666666667,0.037841541333333326,0.012448090333333332,0.03670590533333334,0.04327551766666667,0.022037438,0.04142116466666666,0.021996690666666666,0.03402167333333333,0.04420803133333333,0.016303741666666666,0.039437193333333335,0.03894595533333334,0.04215057133333334,0.017376923666666665,0.03910123,0.034076646,0.014566141333333334,0.014667123666666667,0.03159802133333333,0.041759250000000005,0.031391636333333334,0.0,0.024621356,0.041871805,0.027293324333333334,0.034270445,0.022073004999999996,0.038435423333333336,0.022023477666666666,0.028042204333333338,0.04112020400000001,0.03759164266666667,0.015962026666666667,0.02496327933333333,0.02225247633333333,0.023688719666666667,0.02930745933333333,0.017774061,0.03907051866666667,0.03570926566666666,0.0456436,0.028043901333333333,0.027827094,0.02865831866666667,0.03462988,0.03181271333333333,0.028437610333333332,0.026561103,0.029214316666666667,0.03754270666666667,0.040665269999999996,0.028621864333333337,0.029471363333333334,0.03679602466666666,0.03739179,0.04516373133333333,0.03935969266666666,0.03905455133333333,0.035483309,0.034134985666666666,0.037841541333333326,0.03670590533333334,0.04327551766666667,0.03402167333333333,0.04420803133333333,0.03894595533333334,0.041759250000000005,0.031391636333333334,0.041871805,0.038435423333333336,0.03570926566666666,0.0456436,0.03754270666666667
