,omer_02.jpg,tal_05.jpg,omer_07.jpg,tal_06.jpg,omer_06.jpg,omer_08.jpg,tal_01.jpg,omer_03.jpg,tal_07.jpg,tal_03.jpg,omer_04.jpg,omer_10.jpg,tal_09.jpg,tal_02.jpg,tal_08.jpg,omer_09.jpg,tal_10.jpg,omer_05.jpg,tal_04.jpg,matt_04.jpg,dom_10.jpg,dom_05.jpg,matt_08.jpg,dom_04.jpg,matt_02.jpg,matt_07.jpg,matt_06.jpg,matt_05.jpg,dom_07.jpg,dom_03.jpg,matt_03.jpg,matt_01.jpg,dom_06.jpg,matt_10.jpg,dom_01.jpg,dom_09.jpg,matt_09.jpg,dom_02.jpg,tess_03.jpg,taz_06.jpg,taz_04.jpg,taz_03.jpg,tess_01.jpg,tess_07.jpg,tess_05.jpg,taz_05.jpg,tess_02.jpg,tess_09.jpg,tess_06.jpg,taz_07.jpg,taz_02.jpg,tess_04.jpg,taz_09.jpg,tess_08.jpg,taz_08.jpg,taz_01.jpg,tess_10.jpg,taz_10.jpg,marina_07.jpg,tamar_04.jpg,tess_03.jpg.1,omer_02.jpg.1,marina_04.jpg,taz_06.jpg.1,taz_04.jpg.1,marina_01.jpg,matt_04.jpg.1,taz_03.jpg.1,dom_10.jpg.1,dom_05.jpg.1,tess_01.jpg.1,tal_05.jpg.1,marina_06.jpg,tamar_09.jpg,omer_07.jpg.1,tal_06.jpg.1,tess_07.jpg.1,matt_08.jpg.1,marina_08.jpg,omer_06.jpg.1,omer_08.jpg.1,tal_01.jpg.1,dom_04.jpg.1,tamar_10.jpg,omer_03.jpg.1,tamar_02.jpg,tamar_05.jpg,tal_07.jpg.1,tess_05.jpg.1,matt_02.jpg.1,tamar_07.jpg,tamar_03.jpg,tal_03.jpg.1,taz_05.jpg.1,marina_09.jpg,tess_02.jpg.1,matt_07.jpg.1,tess_09.jpg.1,tess_06.jpg.1,omer_04.jpg.1,omer_10.jpg.1,taz_07.jpg.1,tamar_01.jpg,marina_10.jpg,tal_09.jpg.1,matt_06.jpg.1,tamar_06.jpg,matt_05.jpg.1,taz_02.jpg.1,dom_07.jpg.1,marina_05.jpg,tal_02.jpg.1,tal_08.jpg.1,tess_04.jpg.1,taz_09.jpg.1,omer_09.jpg.1,dom_03.jpg.1,tal_10.jpg.1,matt_03.jpg.1,matt_01.jpg.1,omer_05.jpg.1,tess_08.jpg.1,marina_02.jpg,marina_03.jpg,tal_04.jpg.1,dom_06.jpg.1,matt_10.jpg.1,taz_08.jpg.1,taz_01.jpg.1,dom_01.jpg.1,dom_09.jpg.1,matt_09.jpg.1,tamar_08.jpg,tess_10.jpg.1,dom_02.jpg.1,taz_10.jpg.1,marina_07.jpg.1,tamar_04.jpg.1,marina_04.jpg.1,marina_01.jpg.1,marina_06.jpg.1,tamar_09.jpg.1,marina_08.jpg.1,tamar_10.jpg.1,tamar_02.jpg.1,tamar_05.jpg.1,tamar_07.jpg.1,tamar_03.jpg.1,marina_09.jpg.1,tamar_01.jpg.1,marina_10.jpg.1,tamar_06.jpg.1,marina_05.jpg.1,marina_02.jpg.1,marina_03.jpg.1,tamar_08.jpg.1
0,0.0,0.40432745,0.35225767,0.5422262,0.13801742,0.28120852,0.21407467,0.17562836,0.31494659999999997,0.29255033,0.18929458,0.40861654,0.36016309999999996,0.282609,0.2827499,0.25760323,0.43620545,0.26373523,0.45302194,0.71196806,0.6273745,0.5697836,0.732931,0.53062105,0.56896317,0.6222711,0.44972706,0.6906147,0.5851964,0.49085784,0.62264025,0.69893175,0.6359058000000001,0.47004962,0.66642594,0.6622264,0.72350985,0.51888216,0.67981243,0.78222525,0.7806050999999999,0.8394883,0.8270482,0.7348784,0.86928785,0.84191716,0.86060816,0.76895565,0.72171134,0.64274013,0.71287346,0.8140337,0.8319486999999999,0.775167,0.66160935,0.76445645,0.90890384,0.7021954,0.7827887,0.8774318000000001,0.67981243,0.0,0.8841465000000001,0.78222525,0.7806050999999999,0.86661935,0.71196806,0.8394883,0.6273745,0.5697836,0.8270482,0.40432745,0.6521958000000001,0.76970875,0.35225767,0.5422262,0.7348784,0.732931,0.88139254,0.13801742,0.28120852,0.21407467,0.53062105,0.8131873000000001,0.17562836,0.84669554,0.828865,0.31494659999999997,0.86928785,0.56896317,0.6682449,0.8422801999999999,0.29255033,0.84191716,0.83954704,0.86060816,0.6222711,0.76895565,0.72171134,0.18929458,0.40861654,0.64274013,0.8604790000000001,0.59963524,0.36016309999999996,0.44972706,0.8779029,0.6906147,0.71287346,0.5851964,0.77644074,0.282609,0.2827499,0.8140337,0.8319486999999999,0.25760323,0.49085784,0.43620545,0.62264025,0.69893175,0.26373523,0.775167,0.79377866,0.74434125,0.45302194,0.6359058000000001,0.47004962,0.66160935,0.76445645,0.66642594,0.6622264,0.72350985,0.8079752,0.90890384,0.51888216,0.7021954,0.7827887,0.8774318000000001,0.8841465000000001,0.86661935,0.6521958000000001,0.76970875,0.88139254,0.8131873000000001,0.84669554,0.828865,0.6682449,0.8422801999999999,0.83954704,0.8604790000000001,0.59963524,0.8779029,0.77644074,0.79377866,0.74434125,0.8079752
1,0.40432745,0.0,0.45831716,0.37842596,0.51060677,0.3410768,0.40914172,0.3636042,0.4739009,0.21160531,0.30686623,0.26806283,0.35216856,0.49618304,0.6221453,0.37894058,0.5024706,0.45110315,0.66292644,0.8228058000000001,0.69347644,0.6363366,0.8064446,0.49824327,0.6616938,0.6005472,0.62326944,0.7543951,0.60753495,0.6342890999999999,0.77532935,0.7793621999999999,0.64101267,0.7194704000000001,0.7841888000000001,0.7457285,0.76057035,0.61976457,0.70231247,0.82066786,0.8316723,0.81359625,0.8197247,0.77559423,0.83311677,0.83171797,0.83336586,0.7545126,0.7073934000000001,0.71153605,0.7470524000000001,0.78166115,0.82573295,0.8355019,0.7916993,0.7334191,0.88826907,0.7877333000000001,0.78235614,0.8860091,0.70231247,0.40432745,0.7958708999999999,0.82066786,0.8316723,0.76809424,0.8228058000000001,0.81359625,0.69347644,0.6363366,0.8197247,0.0,0.79158765,0.8078509,0.45831716,0.37842596,0.77559423,0.8064446,0.8674025,0.51060677,0.3410768,0.40914172,0.49824327,0.80916023,0.3636042,0.82953376,0.84858084,0.4739009,0.83311677,0.6616938,0.7776675000000001,0.88297564,0.21160531,0.83171797,0.7637114,0.83336586,0.6005472,0.7545126,0.7073934000000001,0.30686623,0.26806283,0.71153605,0.88885957,0.69999605,0.35216856,0.62326944,0.8654350000000001,0.7543951,0.7470524000000001,0.60753495,0.7576655,0.49618304,0.6221453,0.78166115,0.82573295,0.37894058,0.6342890999999999,0.5024706,0.77532935,0.7793621999999999,0.45110315,0.8355019,0.7790066999999999,0.7822806999999999,0.66292644,0.64101267,0.7194704000000001,0.7916993,0.7334191,0.7841888000000001,0.7457285,0.76057035,0.839405,0.88826907,0.61976457,0.7877333000000001,0.78235614,0.8860091,0.7958708999999999,0.76809424,0.79158765,0.8078509,0.8674025,0.80916023,0.82953376,0.84858084,0.7776675000000001,0.88297564,0.7637114,0.88885957,0.69999605,0.8654350000000001,0.7576655,0.7790066999999999,0.7822806999999999,0.839405
2,0.35225767,0.45831716,0.0,0.5431259,0.42354548,0.41482568,0.33832985,0.35227102,0.4225911,0.4047885,0.42157406,0.38764477,0.5719887,0.43002248,0.48906094,0.33518916,0.5026577999999999,0.39304888,0.584709,0.88666576,0.62615895,0.6469616,0.89162457,0.6369994000000001,0.7572566,0.75989914,0.5766529,0.8083520000000001,0.66269,0.6215503000000001,0.8469399,0.8426530000000001,0.66163033,0.69308186,0.7882851,0.73098254,0.857886,0.5479368,0.6075206,0.7886754,0.78497905,0.7615772,0.71126854,0.65754396,0.80649066,0.83533883,0.7953241999999999,0.6879102,0.6361349000000001,0.6225636999999999,0.6873100999999999,0.78259444,0.7538438000000001,0.7799761,0.5526663,0.7214957,0.8898545,0.7865257,0.71608514,0.93714213,0.6075206,0.35225767,0.8299118000000001,0.7886754,0.78497905,0.7795991999999999,0.88666576,0.7615772,0.62615895,0.6469616,0.71126854,0.45831716,0.60581243,0.8047433,0.0,0.5431259,0.65754396,0.89162457,0.88661784,0.42354548,0.41482568,0.33832985,0.6369994000000001,0.8728254000000001,0.35227102,0.79369175,0.81163216,0.4225911,0.80649066,0.7572566,0.68451315,0.7219802,0.4047885,0.83533883,0.8100514,0.7953241999999999,0.75989914,0.6879102,0.6361349000000001,0.42157406,0.38764477,0.6225636999999999,0.8284002,0.615059,0.5719887,0.5766529,0.8760287,0.8083520000000001,0.6873100999999999,0.66269,0.74316883,0.43002248,0.48906094,0.78259444,0.7538438000000001,0.33518916,0.6215503000000001,0.5026577999999999,0.8469399,0.8426530000000001,0.39304888,0.7799761,0.83818793,0.65765524,0.584709,0.66163033,0.69308186,0.5526663,0.7214957,0.7882851,0.73098254,0.857886,0.7775639,0.8898545,0.5479368,0.7865257,0.71608514,0.93714213,0.8299118000000001,0.7795991999999999,0.60581243,0.8047433,0.88661784,0.8728254000000001,0.79369175,0.81163216,0.68451315,0.7219802,0.8100514,0.8284002,0.615059,0.8760287,0.74316883,0.83818793,0.65765524,0.7775639
3,0.5422262,0.37842596,0.5431259,0.0,0.5192922000000001,0.51203513,0.42563182,0.5454834,0.5068649000000001,0.29834282,0.5445224,0.3981433,0.5260766,0.47225500000000004,0.6126803000000001,0.57362145,0.50091964,0.5112449,0.54676485,0.732819,0.43226433,0.6203586,0.7676286999999999,0.39817536,0.5488462,0.5466466,0.6222201,0.61868966,0.55433667,0.5299465,0.7339435999999999,0.69669205,0.5264101,0.7101938,0.5986289,0.70196676,0.7307443,0.39052045,0.8184640999999999,0.8586743,0.92555684,0.8871462999999999,0.91640544,0.88541305,0.8864285,0.90688807,0.84801704,0.87415326,0.8721411,0.7931951999999999,0.8240966999999999,0.9223415,0.90201116,0.9244038,0.8334617,0.87723035,0.87842554,0.7964274,0.77466196,0.7471287,0.8184640999999999,0.5422262,0.6381456999999999,0.8586743,0.92555684,0.84121823,0.732819,0.8871462999999999,0.43226433,0.6203586,0.91640544,0.37842596,0.7634847,0.7636778000000001,0.5431259,0.0,0.88541305,0.7676286999999999,0.8115713999999999,0.5192922000000001,0.51203513,0.42563182,0.39817536,0.63998723,0.5454834,0.73402673,0.7521605,0.5068649000000001,0.8864285,0.5488462,0.66781497,0.8522565999999999,0.29834282,0.90688807,0.792087,0.84801704,0.5466466,0.87415326,0.8721411,0.5445224,0.3981433,0.7931951999999999,0.7945485999999999,0.749106,0.5260766,0.6222201,0.8296826999999999,0.61868966,0.8240966999999999,0.55433667,0.6666907,0.47225500000000004,0.6126803000000001,0.9223415,0.90201116,0.57362145,0.5299465,0.50091964,0.7339435999999999,0.69669205,0.5112449,0.9244038,0.8704812,0.69978225,0.54676485,0.5264101,0.7101938,0.8334617,0.87723035,0.5986289,0.70196676,0.7307443,0.78365606,0.87842554,0.39052045,0.7964274,0.77466196,0.7471287,0.6381456999999999,0.84121823,0.7634847,0.7636778000000001,0.8115713999999999,0.63998723,0.73402673,0.7521605,0.66781497,0.8522565999999999,0.792087,0.7945485999999999,0.749106,0.8296826999999999,0.6666907,0.8704812,0.69978225,0.78365606
4,0.13801742,0.51060677,0.42354548,0.5192922000000001,0.0,0.34101665,0.1817208,0.2907616,0.2556051,0.36413014,0.28545702,0.5015037999999999,0.44707483,0.2712074,0.24109298,0.37709838,0.45706713,0.2875365,0.34456509999999996,0.61159897,0.54869175,0.5309043000000001,0.71218204,0.49453420000000003,0.49132025,0.6060233,0.48719716,0.5634197,0.5435629,0.37395436,0.51525587,0.62516177,0.57291865,0.4581777,0.5639976,0.6149472,0.6781701,0.3858937,0.7420621000000001,0.7650893,0.8072924,0.8675149999999999,0.86426294,0.7518342,0.87735325,0.8381622,0.864381,0.8198001,0.77190423,0.6624373,0.7614913000000001,0.83424777,0.8607216999999999,0.75764185,0.7000059000000001,0.82262444,0.8771177,0.6666559,0.81977564,0.80615085,0.7420621000000001,0.13801742,0.8755161,0.7650893,0.8072924,0.9040100000000001,0.61159897,0.8675149999999999,0.54869175,0.5309043000000001,0.86426294,0.51060677,0.64413804,0.72710085,0.42354548,0.5192922000000001,0.7518342,0.71218204,0.8172863,0.0,0.34101665,0.1817208,0.49453420000000003,0.7618518,0.2907616,0.8249526,0.776894,0.2556051,0.87735325,0.49132025,0.62281764,0.8178149,0.36413014,0.8381622,0.8182635,0.864381,0.6060233,0.8198001,0.77190423,0.28545702,0.5015037999999999,0.6624373,0.8113581,0.6067720999999999,0.44707483,0.48719716,0.8338291999999999,0.5634197,0.7614913000000001,0.5435629,0.76530254,0.2712074,0.24109298,0.83424777,0.8607216999999999,0.37709838,0.37395436,0.45706713,0.51525587,0.62516177,0.2875365,0.75764185,0.796798,0.7155354,0.34456509999999996,0.57291865,0.4581777,0.7000059000000001,0.82262444,0.5639976,0.6149472,0.6781701,0.7689071,0.8771177,0.3858937,0.6666559,0.81977564,0.80615085,0.8755161,0.9040100000000001,0.64413804,0.72710085,0.8172863,0.7618518,0.8249526,0.776894,0.62281764,0.8178149,0.8182635,0.8113581,0.6067720999999999,0.8338291999999999,0.76530254,0.796798,0.7155354,0.7689071
5,0.28120852,0.3410768,0.41482568,0.51203513,0.34101665,0.0,0.40633523,0.21744144,0.38880354,0.30344522,0.10380691,0.28861237,0.39218128,0.4140612,0.57858026,0.22396069999999998,0.5376363000000001,0.24630511,0.63766384,0.75886905,0.7271688000000001,0.59627056,0.8188018,0.5636496999999999,0.6617498,0.6804136,0.572973,0.74756736,0.63047665,0.56650996,0.71557796,0.77104914,0.6250041000000001,0.6988281999999999,0.7558038,0.6717559000000001,0.7746154000000001,0.5903721,0.8373379999999999,0.89063144,0.9031892,0.9059723,0.9024639999999999,0.84018105,0.94024724,0.89075357,0.94341856,0.87800246,0.82649827,0.7615086999999999,0.86135674,0.8503335999999999,0.9202469000000001,0.8840478999999999,0.8352002000000001,0.8685541999999999,0.9605198,0.85254645,0.87684095,0.9265777000000001,0.8373379999999999,0.28120852,0.9081773999999999,0.89063144,0.9031892,0.8885328000000001,0.75886905,0.9059723,0.7271688000000001,0.59627056,0.9024639999999999,0.3410768,0.8231792,0.8967516999999999,0.41482568,0.51203513,0.84018105,0.8188018,0.92954296,0.34101665,0.0,0.40633523,0.5636496999999999,0.8823694,0.21744144,0.9034749,0.92105615,0.38880354,0.94024724,0.6617498,0.84725857,0.92814183,0.30344522,0.89075357,0.86289567,0.94341856,0.6804136,0.87800246,0.82649827,0.10380691,0.28861237,0.7615086999999999,0.94882107,0.7460989,0.39218128,0.572973,0.910499,0.74756736,0.86135674,0.63047665,0.85820574,0.4140612,0.57858026,0.8503335999999999,0.9202469000000001,0.22396069999999998,0.56650996,0.5376363000000001,0.71557796,0.77104914,0.24630511,0.8840478999999999,0.86767244,0.8225912000000001,0.63766384,0.6250041000000001,0.6988281999999999,0.8352002000000001,0.8685541999999999,0.7558038,0.6717559000000001,0.7746154000000001,0.8834200000000001,0.9605198,0.5903721,0.85254645,0.87684095,0.9265777000000001,0.9081773999999999,0.8885328000000001,0.8231792,0.8967516999999999,0.92954296,0.8823694,0.9034749,0.92105615,0.84725857,0.92814183,0.86289567,0.94882107,0.7460989,0.910499,0.85820574,0.86767244,0.8225912000000001,0.8834200000000001
6,0.21407467,0.40914172,0.33832985,0.42563182,0.1817208,0.40633523,0.0,0.3740583,0.21167725,0.2752236,0.36989534,0.4585291,0.46875244,0.25639862,0.22277111,0.44167036,0.41899943,0.36844665,0.35978150000000003,0.7622312,0.5426573,0.44205079999999997,0.77849317,0.41345249999999995,0.5560111999999999,0.57508135,0.4691005999999999,0.56113386,0.45718026,0.40695083,0.6293367,0.67801976,0.49103463,0.44733083,0.62771535,0.66912234,0.693203,0.361225,0.6754340999999999,0.72066814,0.79841197,0.8343464,0.81677735,0.67901826,0.84760684,0.83489066,0.8345244,0.75306416,0.7254623,0.60830086,0.7322485,0.81438565,0.8355999,0.7469392,0.6887314999999999,0.7841308000000001,0.8801677,0.6783722,0.8366219000000001,0.88060796,0.6754340999999999,0.21407467,0.874259,0.72066814,0.79841197,0.9073123,0.7622312,0.8343464,0.5426573,0.44205079999999997,0.81677735,0.40914172,0.67486465,0.7148444,0.33832985,0.42563182,0.67901826,0.77849317,0.86099315,0.1817208,0.40633523,0.0,0.41345249999999995,0.80933833,0.3740583,0.85032713,0.7697854000000001,0.21167725,0.84760684,0.5560111999999999,0.6464618000000001,0.8264501,0.2752236,0.83489066,0.80218923,0.8345244,0.57508135,0.75306416,0.7254623,0.36989534,0.4585291,0.60830086,0.81651676,0.67277837,0.46875244,0.4691005999999999,0.87487566,0.56113386,0.7322485,0.45718026,0.8026638,0.25639862,0.22277111,0.81438565,0.8355999,0.44167036,0.40695083,0.41899943,0.6293367,0.67801976,0.36844665,0.7469392,0.8193729,0.62731946,0.35978150000000003,0.49103463,0.44733083,0.6887314999999999,0.7841308000000001,0.62771535,0.66912234,0.693203,0.82606435,0.8801677,0.361225,0.6783722,0.8366219000000001,0.88060796,0.874259,0.9073123,0.67486465,0.7148444,0.86099315,0.80933833,0.85032713,0.7697854000000001,0.6464618000000001,0.8264501,0.80218923,0.81651676,0.67277837,0.87487566,0.8026638,0.8193729,0.62731946,0.82606435
7,0.17562836,0.3636042,0.35227102,0.5454834,0.2907616,0.21744144,0.3740583,0.0,0.35628915,0.36396074,0.12896591,0.35734493,0.2678759,0.45865512,0.49494797,0.105258465,0.44965315,0.23388928,0.6123779,0.7581851,0.66807985,0.66984695,0.7947069,0.6112687,0.6753321999999999,0.6581349,0.55328727,0.7981216,0.66498256,0.6126989,0.72210574,0.7923716,0.6966007,0.6560383000000001,0.7590111999999999,0.6592887,0.8244574,0.567832,0.69198036,0.7925615,0.80345106,0.8141178000000001,0.8241288,0.7782036,0.8662032,0.8190609000000001,0.8582860999999999,0.7703833999999999,0.70090437,0.6536201,0.71195453,0.7608693,0.80959004,0.78800166,0.6595764000000001,0.7697704000000001,0.90801805,0.73287475,0.7396232,0.8847222,0.69198036,0.17562836,0.834614,0.7925615,0.80345106,0.78795236,0.7581851,0.8141178000000001,0.66807985,0.66984695,0.8241288,0.3636042,0.6331619,0.78372777,0.35227102,0.5454834,0.7782036,0.7947069,0.8475501,0.2907616,0.21744144,0.3740583,0.6112687,0.8058137,0.0,0.79813606,0.82511127,0.35628915,0.8662032,0.6753321999999999,0.69114697,0.82038975,0.36396074,0.8190609000000001,0.7669655,0.8582860999999999,0.6581349,0.7703833999999999,0.70090437,0.12896591,0.35734493,0.6536201,0.86518407,0.52265096,0.2678759,0.55328727,0.8429469999999999,0.7981216,0.71195453,0.66498256,0.7109058000000001,0.45865512,0.49494797,0.7608693,0.80959004,0.105258465,0.6126989,0.44965315,0.72210574,0.7923716,0.23388928,0.78800166,0.7259379,0.7326659000000001,0.6123779,0.6966007,0.6560383000000001,0.6595764000000001,0.7697704000000001,0.7590111999999999,0.6592887,0.8244574,0.75697315,0.90801805,0.567832,0.73287475,0.7396232,0.8847222,0.834614,0.78795236,0.6331619,0.78372777,0.8475501,0.8058137,0.79813606,0.82511127,0.69114697,0.82038975,0.7669655,0.86518407,0.52265096,0.8429469999999999,0.7109058000000001,0.7259379,0.7326659000000001,0.75697315
8,0.31494659999999997,0.4739009,0.4225911,0.5068649000000001,0.2556051,0.38880354,0.21167725,0.35628915,1.1920928999999999e-07,0.40365416,0.35856158,0.43573803,0.48680347,0.39068043,0.35977006,0.42235243,0.44770038,0.42379049999999996,0.4512018,0.7153354999999999,0.5648506999999999,0.3966487,0.7559768,0.33811212,0.61955905,0.58535534,0.41853136,0.50249815,0.38602608,0.41348845,0.5831430000000001,0.7537924,0.44156670000000003,0.46512717,0.58359134,0.47142375,0.71687365,0.42708862,0.7399361,0.6841904999999999,0.8127605,0.818645,0.8540523000000001,0.65750444,0.8623791,0.7733095999999999,0.84351516,0.8012414000000001,0.73336536,0.53308535,0.7343755,0.76578915,0.8373509,0.7536491999999999,0.67126715,0.82017463,0.879835,0.63484204,0.8352343000000001,0.8582281999999999,0.7399361,0.31494659999999997,0.8222722,0.6841904999999999,0.8127605,0.88575876,0.7153354999999999,0.818645,0.5648506999999999,0.3966487,0.8540523000000001,0.4739009,0.6400983,0.7396102,0.4225911,0.5068649000000001,0.65750444,0.7559768,0.8096489,0.2556051,0.38880354,0.21167725,0.33811212,0.7518471999999999,0.35628915,0.85621727,0.6808574000000001,1.1920928999999999e-07,0.8623791,0.61955905,0.62332356,0.8034844,0.40365416,0.7733095999999999,0.7356807,0.84351516,0.58535534,0.8012414000000001,0.73336536,0.35856158,0.43573803,0.53308535,0.8277404,0.6466626,0.48680347,0.41853136,0.84233725,0.50249815,0.7343755,0.38602608,0.7477835,0.39068043,0.35977006,0.76578915,0.8373509,0.42235243,0.41348845,0.44770038,0.5831430000000001,0.7537924,0.42379049999999996,0.7536491999999999,0.7508945,0.5438786999999999,0.4512018,0.44156670000000003,0.46512717,0.67126715,0.82017463,0.58359134,0.47142375,0.71687365,0.82979864,0.879835,0.42708862,0.63484204,0.8352343000000001,0.8582281999999999,0.8222722,0.88575876,0.6400983,0.7396102,0.8096489,0.7518471999999999,0.85621727,0.6808574000000001,0.62332356,0.8034844,0.7356807,0.8277404,0.6466626,0.84233725,0.7477835,0.7508945,0.5438786999999999,0.82979864
9,0.29255033,0.21160531,0.4047885,0.29834282,0.36413014,0.30344522,0.2752236,0.36396074,0.40365416,5.960464499999999e-08,0.27554345,0.31378192,0.41410327,0.40694225,0.50895244,0.44336998,0.4181853,0.35129136,0.57170326,0.73183906,0.6163090999999999,0.4875508,0.7024201,0.39227188,0.4974246,0.51367295,0.5563754,0.6544446999999999,0.44597542,0.43058163,0.6538613,0.66019344,0.5358075,0.6207196,0.65175045,0.6597991,0.72634065,0.48861843,0.7028463,0.80821455,0.84704006,0.8421204,0.82847923,0.7565936,0.8475589,0.83325386,0.84355867,0.77095616,0.73061764,0.7095625,0.7297224,0.8227791999999999,0.8552548000000001,0.839633,0.7865978,0.75743264,0.91469264,0.72980666,0.81213456,0.88124645,0.7028463,0.29255033,0.8408909,0.80821455,0.84704006,0.8509655999999999,0.73183906,0.8421204,0.6163090999999999,0.4875508,0.82847923,0.21160531,0.79546636,0.7952452,0.4047885,0.29834282,0.7565936,0.7024201,0.88750577,0.36413014,0.30344522,0.2752236,0.39227188,0.76519525,0.36396074,0.85202813,0.8267453000000001,0.40365416,0.8475589,0.4974246,0.76133907,0.8938371999999999,5.960464499999999e-08,0.83325386,0.8234544,0.84355867,0.51367295,0.77095616,0.73061764,0.27554345,0.31378192,0.7095625,0.87478155,0.742893,0.41410327,0.5563754,0.8730629999999999,0.6544446999999999,0.7297224,0.44597542,0.7767196,0.40694225,0.50895244,0.8227791999999999,0.8552548000000001,0.44336998,0.43058163,0.4181853,0.6538613,0.66019344,0.35129136,0.839633,0.81822854,0.79251957,0.57170326,0.5358075,0.6207196,0.7865978,0.75743264,0.65175045,0.6597991,0.72634065,0.87161994,0.91469264,0.48861843,0.72980666,0.81213456,0.88124645,0.8408909,0.8509655999999999,0.79546636,0.7952452,0.88750577,0.76519525,0.85202813,0.8267453000000001,0.76133907,0.8938371999999999,0.8234544,0.87478155,0.742893,0.8730629999999999,0.7767196,0.81822854,0.79251957,0.87161994
10,0.18929458,0.30686623,0.42157406,0.5445224,0.28545702,0.10380691,0.36989534,0.12896591,0.35856158,0.27554345,0.0,0.29951279999999997,0.31774843,0.46403372,0.53220224,0.15573001,0.5091851,0.25878316,0.639495,0.72679806,0.69133407,0.622203,0.7691631999999999,0.56825006,0.65038955,0.6548384,0.5663648,0.7566111,0.63163054,0.57717115,0.6686411999999999,0.7559252,0.6791636999999999,0.6427755999999999,0.75121284,0.668633,0.78353477,0.5963423000000001,0.7540484000000001,0.83070946,0.84459096,0.85513324,0.84787405,0.7890675,0.8870278,0.848377,0.88815224,0.8068571,0.74825096,0.72381055,0.78529984,0.7899833,0.8619776,0.80908644,0.7705271,0.8086244,0.93032974,0.77978057,0.83331394,0.89466393,0.7540484000000001,0.18929458,0.8860374,0.83070946,0.84459096,0.8542674000000001,0.72679806,0.85513324,0.69133407,0.622203,0.84787405,0.30686623,0.7591411,0.83631194,0.42157406,0.5445224,0.7890675,0.7691631999999999,0.8959809999999999,0.28545702,0.10380691,0.36989534,0.56825006,0.8278715,0.12896591,0.8588902,0.87150633,0.35856158,0.8870278,0.65038955,0.7721104,0.89369464,0.27554345,0.848377,0.8119459,0.88815224,0.6548384,0.8068571,0.74825096,0.0,0.29951279999999997,0.72381055,0.91699195,0.67952776,0.31774843,0.5663648,0.8707769000000001,0.7566111,0.78529984,0.63163054,0.7992958,0.46403372,0.53220224,0.7899833,0.8619776,0.15573001,0.57717115,0.5091851,0.6686411999999999,0.7559252,0.25878316,0.80908644,0.7739022,0.7830783,0.639495,0.6791636999999999,0.6427755999999999,0.7705271,0.8086244,0.75121284,0.668633,0.78353477,0.84381956,0.93032974,0.5963423000000001,0.77978057,0.83331394,0.89466393,0.8860374,0.8542674000000001,0.7591411,0.83631194,0.8959809999999999,0.8278715,0.8588902,0.87150633,0.7721104,0.89369464,0.8119459,0.91699195,0.67952776,0.8707769000000001,0.7992958,0.7739022,0.7830783,0.84381956
11,0.40861654,0.26806283,0.38764477,0.3981433,0.5015037999999999,0.28861237,0.4585291,0.35734493,0.43573803,0.31378192,0.29951279999999997,0.0,0.3893481,0.5536502,0.67060286,0.28082192,0.5617465,0.47507380000000005,0.70300233,0.83681804,0.68558455,0.7224165,0.8281360999999999,0.5723180999999999,0.7550452,0.69950795,0.5839318,0.7965971,0.71341383,0.71350586,0.8183828000000001,0.8648220999999999,0.7224339,0.73144084,0.7992800999999999,0.7429129,0.85401696,0.65224254,0.82328594,0.87341785,0.89502573,0.87524396,0.8907989,0.83641,0.9185894,0.8857771000000001,0.92244464,0.86265093,0.8111212,0.7740859999999999,0.8238236999999999,0.87296075,0.88533723,0.91660637,0.7878858,0.8344357,0.95852584,0.8616549000000001,0.79300904,0.91229546,0.82328594,0.40861654,0.778655,0.87341785,0.89502573,0.7721017,0.83681804,0.87524396,0.68558455,0.7224165,0.8907989,0.26806283,0.7610246999999999,0.91007435,0.38764477,0.3981433,0.83641,0.8281360999999999,0.91047156,0.5015037999999999,0.28861237,0.4585291,0.5723180999999999,0.83283556,0.35734493,0.87941,0.8677421999999999,0.43573803,0.9185894,0.7550452,0.80452675,0.88987434,0.31378192,0.8857771000000001,0.8008425,0.92244464,0.69950795,0.86265093,0.8111212,0.29951279999999997,0.0,0.7740859999999999,0.9417046999999998,0.74391013,0.3893481,0.5839318,0.92388886,0.7965971,0.8238236999999999,0.71341383,0.7822759,0.5536502,0.67060286,0.87296075,0.88533723,0.28082192,0.71350586,0.5617465,0.8183828000000001,0.8648220999999999,0.47507380000000005,0.91660637,0.8581021999999999,0.75468504,0.70300233,0.7224339,0.73144084,0.7878858,0.8344357,0.7992800999999999,0.7429129,0.85401696,0.8920924000000001,0.95852584,0.65224254,0.8616549000000001,0.79300904,0.91229546,0.778655,0.7721017,0.7610246999999999,0.91007435,0.91047156,0.83283556,0.87941,0.8677421999999999,0.80452675,0.88987434,0.8008425,0.9417046999999998,0.74391013,0.92388886,0.7822759,0.8581021999999999,0.75468504,0.8920924000000001
12,0.36016309999999996,0.35216856,0.5719887,0.5260766,0.44707483,0.39218128,0.46875244,0.2678759,0.48680347,0.41410327,0.31774843,0.3893481,0.0,0.5092949000000001,0.5912638000000001,0.30618894,0.38280153,0.44536757,0.63310874,0.7942674,0.70814717,0.7696333000000001,0.77168137,0.64141,0.6158526999999999,0.47419047,0.53264636,0.74460375,0.7220821,0.720958,0.7390317,0.775464,0.7148948,0.70303345,0.77004665,0.75867426,0.77795017,0.6525591,0.75230426,0.7755911999999999,0.8328142,0.81706166,0.8702931,0.83801275,0.86371225,0.78066933,0.88514674,0.8044020000000001,0.761857,0.68421227,0.70389056,0.7764409999999999,0.8008605999999999,0.8379716,0.7467114,0.79326534,0.91766,0.6980619,0.7222944,0.84469986,0.75230426,0.36016309999999996,0.7770898,0.7755911999999999,0.8328142,0.75958776,0.7942674,0.81706166,0.70814717,0.7696333000000001,0.8702931,0.35216856,0.6914084,0.7078205,0.5719887,0.5260766,0.83801275,0.77168137,0.7270460999999999,0.44707483,0.39218128,0.46875244,0.64141,0.70771855,0.2678759,0.7957059,0.7456003999999999,0.48680347,0.86371225,0.6158526999999999,0.73352844,0.8673238999999999,0.41410327,0.78066933,0.67351985,0.88514674,0.47419047,0.8044020000000001,0.761857,0.31774843,0.3893481,0.68421227,0.8491343000000001,0.49616104,0.0,0.53264636,0.81036043,0.74460375,0.70389056,0.7220821,0.7414586999999999,0.5092949000000001,0.5912638000000001,0.7764409999999999,0.8008605999999999,0.30618894,0.720958,0.38280153,0.7390317,0.775464,0.44536757,0.8379716,0.70734286,0.6743989,0.63310874,0.7148948,0.70303345,0.7467114,0.79326534,0.77004665,0.75867426,0.77795017,0.7895664000000001,0.91766,0.6525591,0.6980619,0.7222944,0.84469986,0.7770898,0.75958776,0.6914084,0.7078205,0.7270460999999999,0.70771855,0.7957059,0.7456003999999999,0.73352844,0.8673238999999999,0.67351985,0.8491343000000001,0.49616104,0.81036043,0.7414586999999999,0.70734286,0.6743989,0.7895664000000001
13,0.282609,0.49618304,0.43002248,0.47225500000000004,0.2712074,0.4140612,0.25639862,0.45865512,0.39068043,0.40694225,0.46403372,0.5536502,0.5092949000000001,0.0,0.21763855,0.49919079999999993,0.44462395,0.3170936,0.19094795,0.73487514,0.5635791,0.49070394,0.79416984,0.47293884,0.47023922,0.5557156999999999,0.4408769,0.4971438,0.52711856,0.44153094,0.6379899,0.58028805,0.44264448,0.5059516,0.59060967,0.6789979,0.53720236,0.41009104,0.80572844,0.81872654,0.8398193000000002,0.8836181000000001,0.8838084,0.7766307,0.90562415,0.8638537000000001,0.8862421999999999,0.85204476,0.84080386,0.679834,0.8187714,0.85806763,0.8804871,0.83823043,0.774827,0.84643126,0.89941204,0.75009155,0.8696431,0.84141624,0.80572844,0.282609,0.89910865,0.81872654,0.8398193000000002,0.9150851999999999,0.73487514,0.8836181000000001,0.5635791,0.49070394,0.8838084,0.49618304,0.7675569999999999,0.74434185,0.43002248,0.47225500000000004,0.7766307,0.79416984,0.85580575,0.2712074,0.4140612,0.25639862,0.47293884,0.8433642,0.45865512,0.8312506,0.83159244,0.39068043,0.90562415,0.47023922,0.7327933000000001,0.87198865,0.40694225,0.8638537000000001,0.8676424,0.8862421999999999,0.5557156999999999,0.85204476,0.84080386,0.46403372,0.5536502,0.679834,0.81948674,0.7132999,0.5092949000000001,0.4408769,0.87485534,0.4971438,0.8187714,0.52711856,0.8661572,0.0,0.21763855,0.85806763,0.8804871,0.49919079999999993,0.44153094,0.44462395,0.6379899,0.58028805,0.3170936,0.83823043,0.9017978999999999,0.74027723,0.19094795,0.44264448,0.5059516,0.774827,0.84643126,0.59060967,0.6789979,0.53720236,0.800165,0.89941204,0.41009104,0.75009155,0.8696431,0.84141624,0.89910865,0.9150851999999999,0.7675569999999999,0.74434185,0.85580575,0.8433642,0.8312506,0.83159244,0.7327933000000001,0.87198865,0.8676424,0.81948674,0.7132999,0.87485534,0.8661572,0.9017978999999999,0.74027723,0.800165
14,0.2827499,0.6221453,0.48906094,0.6126803000000001,0.24109298,0.57858026,0.22277111,0.49494797,0.35977006,0.50895244,0.53220224,0.67060286,0.5912638000000001,0.21763855,0.0,0.57938844,0.47640198,0.44597375,0.17800903,0.7337557,0.547186,0.4537905,0.7458661999999999,0.49198782,0.5429567,0.6215042,0.4675271,0.51812303,0.49276495,0.42514759999999996,0.57084155,0.60461557,0.5058255,0.32872188,0.6106815,0.6754873,0.57083523,0.42849106,0.69255936,0.6708542,0.6994520000000001,0.8035549,0.7952353,0.6379909,0.8411795,0.79221207,0.80814517,0.74204385,0.7696907,0.5719424,0.7159534000000001,0.7890235999999999,0.80050164,0.68377256,0.64871264,0.7615522,0.81923485,0.6034703,0.8467994000000001,0.81288224,0.69255936,0.2827499,0.9048605,0.6708542,0.6994520000000001,0.91439325,0.7337557,0.8035549,0.547186,0.4537905,0.7952353,0.6221453,0.6931641,0.6361543000000001,0.48906094,0.6126803000000001,0.6379909,0.7458661999999999,0.8341245999999999,0.24109298,0.57858026,0.22277111,0.49198782,0.8046409000000001,0.49494797,0.82827866,0.75941193,0.35977006,0.8411795,0.5429567,0.6194867,0.81662405,0.50895244,0.79221207,0.8471226999999999,0.80814517,0.6215042,0.74204385,0.7696907,0.53220224,0.67060286,0.5719424,0.75708365,0.6832633,0.5912638000000001,0.4675271,0.8610841,0.51812303,0.7159534000000001,0.49276495,0.8461921,0.21763855,0.0,0.7890235999999999,0.80050164,0.57938844,0.42514759999999996,0.47640198,0.57084155,0.60461557,0.44597375,0.68377256,0.83024085,0.67422783,0.17800903,0.5058255,0.32872188,0.64871264,0.7615522,0.6106815,0.6754873,0.57083523,0.7809536,0.81923485,0.42849106,0.6034703,0.8467994000000001,0.81288224,0.9048605,0.91439325,0.6931641,0.6361543000000001,0.8341245999999999,0.8046409000000001,0.82827866,0.75941193,0.6194867,0.81662405,0.8471226999999999,0.75708365,0.6832633,0.8610841,0.8461921,0.83024085,0.67422783,0.7809536
15,0.25760323,0.37894058,0.33518916,0.57362145,0.37709838,0.22396069999999998,0.44167036,0.105258465,0.42235243,0.44336998,0.15573001,0.28082192,0.30618894,0.49919079999999993,0.57938844,0.0,0.54962826,0.30802625,0.6608111999999999,0.8311801,0.66813594,0.78482735,0.87395096,0.69997275,0.77943367,0.7598648,0.6264616,0.8593402,0.7954371,0.7345047,0.82508916,0.8579382,0.79011697,0.7432873000000001,0.83573145,0.75793767,0.8765804,0.620641,0.76338345,0.86665833,0.86095726,0.862324,0.85368454,0.8308465,0.90372014,0.88700116,0.89682275,0.8213858,0.76242083,0.7558889,0.8001590999999999,0.82389957,0.8483643,0.844249,0.7090085,0.83124185,0.9367183000000001,0.8510538000000001,0.77222097,0.906467,0.76338345,0.25760323,0.8203367,0.86665833,0.86095726,0.78398496,0.8311801,0.862324,0.66813594,0.78482735,0.85368454,0.37894058,0.64981884,0.855404,0.33518916,0.57362145,0.8308465,0.87395096,0.88743967,0.37709838,0.22396069999999998,0.44167036,0.69997275,0.8650476,0.105258465,0.79818445,0.869561,0.42235243,0.90372014,0.77943367,0.74356997,0.8299459000000001,0.44336998,0.88700116,0.78697,0.89682275,0.7598648,0.8213858,0.76242083,0.15573001,0.28082192,0.7558889,0.90230525,0.58180577,0.30618894,0.6264616,0.88475776,0.8593402,0.8001590999999999,0.7954371,0.7472141,0.49919079999999993,0.57938844,0.82389957,0.8483643,0.0,0.7345047,0.54962826,0.82508916,0.8579382,0.30802625,0.844249,0.80476063,0.7250757,0.6608111999999999,0.79011697,0.7432873000000001,0.7090085,0.83124185,0.83573145,0.75793767,0.8765804,0.7703812,0.9367183000000001,0.620641,0.8510538000000001,0.77222097,0.906467,0.8203367,0.78398496,0.64981884,0.855404,0.88743967,0.8650476,0.79818445,0.869561,0.74356997,0.8299459000000001,0.78697,0.90230525,0.58180577,0.88475776,0.7472141,0.80476063,0.7250757,0.7703812
16,0.43620545,0.5024706,0.5026577999999999,0.50091964,0.45706713,0.5376363000000001,0.41899943,0.44965315,0.44770038,0.4181853,0.5091851,0.5617465,0.38280153,0.44462395,0.47640198,0.54962826,0.0,0.5599828,0.5257696999999999,0.7212764,0.55986613,0.5934299,0.6736764000000001,0.44772238,0.4150017,0.3202755,0.39801764,0.5985825,0.4920839,0.5313251999999999,0.63920176,0.67474353,0.49367607,0.65899503,0.6045655,0.5967872,0.754825,0.5832914,0.6557647,0.6011456999999999,0.75716937,0.68571407,0.83614385,0.7036717,0.77517736,0.63017404,0.8312376,0.7212483000000001,0.7483084,0.48098183,0.5578301999999999,0.72018635,0.6853975,0.77135503,0.6244470999999999,0.70907056,0.8938024,0.4758656,0.6500585999999999,0.81192213,0.6557647,0.43620545,0.81240463,0.6011456999999999,0.75716937,0.7634661,0.7212764,0.68571407,0.55986613,0.5934299,0.83614385,0.5024706,0.76240563,0.5639335999999999,0.5026577999999999,0.50091964,0.7036717,0.6736764000000001,0.6458446,0.45706713,0.5376363000000001,0.41899943,0.44772238,0.66133344,0.44965315,0.8051634,0.67243934,0.44770038,0.77517736,0.4150017,0.6563958000000001,0.81215215,0.4181853,0.63017404,0.6297812,0.8312376,0.3202755,0.7212483000000001,0.7483084,0.5091851,0.5617465,0.48098183,0.77979666,0.55294013,0.38280153,0.39801764,0.74898887,0.5985825,0.5578301999999999,0.4920839,0.76722866,0.44462395,0.47640198,0.72018635,0.6853975,0.54962826,0.5313251999999999,0.0,0.63920176,0.67474353,0.5599828,0.77135503,0.6870611,0.58298874,0.5257696999999999,0.49367607,0.65899503,0.6244470999999999,0.70907056,0.6045655,0.5967872,0.754825,0.79812515,0.8938024,0.5832914,0.4758656,0.6500585999999999,0.81192213,0.81240463,0.7634661,0.76240563,0.5639335999999999,0.6458446,0.66133344,0.8051634,0.67243934,0.6563958000000001,0.81215215,0.6297812,0.77979666,0.55294013,0.74898887,0.76722866,0.6870611,0.58298874,0.79812515
17,0.26373523,0.45110315,0.39304888,0.5112449,0.2875365,0.24630511,0.36844665,0.23388928,0.42379049999999996,0.35129136,0.25878316,0.47507380000000005,0.44536757,0.3170936,0.44597375,0.30802625,0.5599828,0.0,0.46851218,0.7056135,0.6316535,0.54495454,0.80172145,0.6198474,0.5985614,0.6848806,0.64624333,0.68717694,0.5810433,0.47804368,0.69249135,0.62495327,0.5695180999999999,0.6378281,0.6649119000000001,0.6412316,0.65239674,0.39600563,0.7764684000000001,0.87973046,0.8721609,0.8879128000000001,0.83733827,0.81539905,0.8966556,0.88648784,0.8519861999999999,0.82901204,0.76991624,0.7708744000000001,0.81779015,0.82311666,0.8940087999999999,0.8362511,0.78138995,0.8477752000000001,0.8810452,0.80987763,0.86684245,0.8664931,0.7764684000000001,0.26373523,0.90304977,0.87973046,0.8721609,0.9022391,0.7056135,0.8879128000000001,0.6316535,0.54495454,0.83733827,0.45110315,0.7092649000000001,0.79880154,0.39304888,0.5112449,0.81539905,0.80172145,0.88834727,0.2875365,0.24630511,0.36844665,0.6198474,0.83096004,0.23388928,0.78079265,0.85520375,0.42379049999999996,0.8966556,0.5985614,0.7500339,0.8538338,0.35129136,0.88648784,0.89117295,0.8519861999999999,0.6848806,0.82901204,0.76991624,0.25878316,0.47507380000000005,0.7708744000000001,0.8197694999999999,0.68185943,0.44536757,0.64624333,0.83493924,0.68717694,0.81779015,0.5810433,0.7915222,0.3170936,0.44597375,0.82311666,0.8940087999999999,0.30802625,0.47804368,0.5599828,0.69249135,0.62495327,0.0,0.8362511,0.86077476,0.8253646000000001,0.46851218,0.5695180999999999,0.6378281,0.78138995,0.8477752000000001,0.6649119000000001,0.6412316,0.65239674,0.75466466,0.8810452,0.39600563,0.80987763,0.86684245,0.8664931,0.90304977,0.9022391,0.7092649000000001,0.79880154,0.88834727,0.83096004,0.78079265,0.85520375,0.7500339,0.8538338,0.89117295,0.8197694999999999,0.68185943,0.83493924,0.7915222,0.86077476,0.8253646000000001,0.75466466
18,0.45302194,0.66292644,0.584709,0.54676485,0.34456509999999996,0.63766384,0.35978150000000003,0.6123779,0.4512018,0.57170326,0.639495,0.70300233,0.63310874,0.19094795,0.17800903,0.6608111999999999,0.5257696999999999,0.46851218,5.960464499999999e-08,0.62731427,0.44989989999999996,0.49366558,0.7117292,0.46460962,0.44075519999999996,0.56575775,0.5066179,0.35529828,0.51599056,0.41844153,0.5383263,0.4607901,0.41559684,0.40808994,0.46849890000000005,0.6192098,0.4222268,0.30438805,0.8411324,0.75085396,0.8032199000000001,0.8553638000000001,0.8886791999999999,0.775235,0.8846940999999999,0.83043504,0.8383059000000002,0.86586773,0.8768790999999999,0.6832752,0.82034326,0.84041035,0.86701775,0.8128814999999999,0.7572005999999999,0.86163574,0.79865766,0.66995174,0.8791761999999999,0.67119247,0.8411324,0.45302194,0.86575323,0.75085396,0.8032199000000001,0.92108583,0.62731427,0.8553638000000001,0.44989989999999996,0.49366558,0.8886791999999999,0.66292644,0.7297517,0.6396505,0.584709,0.54676485,0.775235,0.7117292,0.7625699,0.34456509999999996,0.63766384,0.35978150000000003,0.46460962,0.7360114999999999,0.6123779,0.7544841999999999,0.7239413,0.4512018,0.8846940999999999,0.44075519999999996,0.62594104,0.81346077,0.57170326,0.83043504,0.84619296,0.8383059000000002,0.56575775,0.86586773,0.8768790999999999,0.639495,0.70300233,0.6832752,0.68036926,0.7119898,0.63310874,0.5066179,0.819501,0.35529828,0.82034326,0.51599056,0.8375925999999999,0.19094795,0.17800903,0.84041035,0.86701775,0.6608111999999999,0.41844153,0.5257696999999999,0.5383263,0.4607901,0.46851218,0.8128814999999999,0.86868715,0.6867475000000001,5.960464499999999e-08,0.41559684,0.40808994,0.7572005999999999,0.86163574,0.46849890000000005,0.6192098,0.4222268,0.7170403000000001,0.79865766,0.30438805,0.66995174,0.8791761999999999,0.67119247,0.86575323,0.92108583,0.7297517,0.6396505,0.7625699,0.7360114999999999,0.7544841999999999,0.7239413,0.62594104,0.81346077,0.84619296,0.68036926,0.7119898,0.819501,0.8375925999999999,0.86868715,0.6867475000000001,0.7170403000000001
19,0.71196806,0.8228058000000001,0.88666576,0.732819,0.61159897,0.75886905,0.7622312,0.7581851,0.7153354999999999,0.73183906,0.72679806,0.83681804,0.7942674,0.73487514,0.7337557,0.8311801,0.7212764,0.7056135,0.62731427,1.1920928999999999e-07,0.60829604,0.60617924,0.25322902,0.58207893,0.31880677,0.49844408,0.63496816,0.3677212,0.55980176,0.4228778,0.17819357,0.28061134,0.5462724,0.5534543000000001,0.21757132,0.36520922,0.4788143,0.562301,0.8795445,0.6964547,0.81951636,0.7950803000000001,0.91276866,0.8567370000000001,0.8154060000000001,0.70784056,0.80340326,0.894433,0.88889056,0.7730161999999999,0.7973821999999999,0.7685156,0.84493756,0.81060934,0.8128977,0.8861617,0.7494748999999999,0.5506276999999999,0.83798504,0.39775459999999996,0.8795445,0.71196806,0.81965107,0.6964547,0.81951636,0.9228668999999999,1.1920928999999999e-07,0.7950803000000001,0.60829604,0.60617924,0.91276866,0.8228058000000001,0.8047968000000001,0.62712586,0.88666576,0.732819,0.8567370000000001,0.25322902,0.61146384,0.61159897,0.75886905,0.7622312,0.58207893,0.46559393,0.7581851,0.76685894,0.6495545,0.7153354999999999,0.8154060000000001,0.31880677,0.64206755,0.77385324,0.73183906,0.70784056,0.712916,0.80340326,0.49844408,0.894433,0.88889056,0.72679806,0.83681804,0.7730161999999999,0.6266793,0.77067816,0.7942674,0.63496816,0.6398863,0.3677212,0.7973821999999999,0.55980176,0.7387284000000001,0.73487514,0.7337557,0.7685156,0.84493756,0.8311801,0.4228778,0.7212764,0.17819357,0.28061134,0.7056135,0.81060934,0.6304806,0.7806384,0.62731427,0.5462724,0.5534543000000001,0.8128977,0.8861617,0.21757132,0.36520922,0.4788143,0.7524496999999999,0.7494748999999999,0.562301,0.5506276999999999,0.83798504,0.39775459999999996,0.81965107,0.9228668999999999,0.8047968000000001,0.62712586,0.61146384,0.46559393,0.76685894,0.6495545,0.64206755,0.77385324,0.712916,0.6266793,0.77067816,0.6398863,0.7387284000000001,0.6304806,0.7806384,0.7524496999999999
