,omer_02.jpg,tal_05.jpg,omer_07.jpg,tal_06.jpg,omer_06.jpg,omer_08.jpg,tal_01.jpg,omer_03.jpg,tal_07.jpg,tal_03.jpg,omer_04.jpg,omer_10.jpg,tal_09.jpg,tal_02.jpg,tal_08.jpg,omer_09.jpg,tal_10.jpg,omer_05.jpg,tal_04.jpg,matt_04.jpg,dom_10.jpg,dom_05.jpg,matt_08.jpg,dom_04.jpg,matt_02.jpg,matt_07.jpg,matt_06.jpg,matt_05.jpg,dom_07.jpg,dom_03.jpg,matt_03.jpg,matt_01.jpg,dom_06.jpg,matt_10.jpg,dom_01.jpg,dom_09.jpg,matt_09.jpg,dom_02.jpg,tess_03.jpg,taz_06.jpg,taz_04.jpg,taz_03.jpg,tess_01.jpg,tess_07.jpg,tess_05.jpg,taz_05.jpg,tess_02.jpg,tess_09.jpg,tess_06.jpg,taz_07.jpg,taz_02.jpg,tess_04.jpg,taz_09.jpg,tess_08.jpg,taz_08.jpg,taz_01.jpg,tess_10.jpg,taz_10.jpg,marina_07.jpg,tamar_04.jpg,tess_03.jpg.1,omer_02.jpg.1,marina_04.jpg,taz_06.jpg.1,taz_04.jpg.1,marina_01.jpg,matt_04.jpg.1,taz_03.jpg.1,dom_10.jpg.1,dom_05.jpg.1,tess_01.jpg.1,tal_05.jpg.1,marina_06.jpg,tamar_09.jpg,omer_07.jpg.1,tal_06.jpg.1,tess_07.jpg.1,matt_08.jpg.1,marina_08.jpg,omer_06.jpg.1,omer_08.jpg.1,tal_01.jpg.1,dom_04.jpg.1,tamar_10.jpg,omer_03.jpg.1,tamar_02.jpg,tamar_05.jpg,tal_07.jpg.1,tess_05.jpg.1,matt_02.jpg.1,tamar_07.jpg,tamar_03.jpg,tal_03.jpg.1,taz_05.jpg.1,marina_09.jpg,tess_02.jpg.1,matt_07.jpg.1,tess_09.jpg.1,tess_06.jpg.1,omer_04.jpg.1,omer_10.jpg.1,taz_07.jpg.1,tamar_01.jpg,marina_10.jpg,tal_09.jpg.1,matt_06.jpg.1,tamar_06.jpg,matt_05.jpg.1,taz_02.jpg.1,dom_07.jpg.1,marina_05.jpg,tal_02.jpg.1,tal_08.jpg.1,tess_04.jpg.1,taz_09.jpg.1,omer_09.jpg.1,dom_03.jpg.1,tal_10.jpg.1,matt_03.jpg.1,matt_01.jpg.1,omer_05.jpg.1,tess_08.jpg.1,marina_02.jpg,marina_03.jpg,tal_04.jpg.1,dom_06.jpg.1,matt_10.jpg.1,taz_08.jpg.1,taz_01.jpg.1,dom_01.jpg.1,dom_09.jpg.1,matt_09.jpg.1,tamar_08.jpg,tess_10.jpg.1,dom_02.jpg.1,taz_10.jpg.1,marina_07.jpg.1,tamar_04.jpg.1,marina_04.jpg.1,marina_01.jpg.1,marina_06.jpg.1,tamar_09.jpg.1,marina_08.jpg.1,tamar_10.jpg.1,tamar_02.jpg.1,tamar_05.jpg.1,tamar_07.jpg.1,tamar_03.jpg.1,marina_09.jpg.1,tamar_01.jpg.1,marina_10.jpg.1,tamar_06.jpg.1,marina_05.jpg.1,marina_02.jpg.1,marina_03.jpg.1,tamar_08.jpg.1
0,3.973642999999999e-09,0.002225019533333333,0.0060528098666666665,0.0028723220333333336,0.0012716233833333333,0.0035912017333333333,0.0028212487666666665,0.002885850266666667,0.0014312982333333332,0.0015701155,0.0018620074,0.0019246618,0.0024939636333333333,0.0008859216999999999,0.0022446651666666664,0.0017571946,0.0019314031,0.012688602766666666,0.0018008431000000001,0.00097966392,0.0008335570333333333,0.0080247642,0.005038549546666666,0.0015164911999999999,0.007724050653333332,0.0025465369333333336,0.0017363130900000003,0.0021016141,0.006938914333333333,0.0014160255833333335,0.0029479045666666666,0.009849421200000002,0.0027157981666666663,0.00185975628,0.0013179520999999999,0.0031352122666666667,0.0038565039,0.0108265838,0.00199541449,0.0020310958233333335,0.0015772064666666663,0.0019136349333333331,0.0034204861766666665,0.0016962209833333332,0.0014928102533333333,0.015379234193333334,0.0019424697,0.0014880160333333333,0.0010633965333333333,0.0012267232000000002,0.0018050909666666665,0.002104101566666667,0.0028755485,0.0012669980533333333,0.0017968893,0.0021261593066666667,0.0037944713333333334,0.0007878263666666667,0.002560011633333333,0.0016034185666666668,0.00199541449,3.973642999999999e-09,0.003897166266666667,0.0020310958233333335,0.0015772064666666663,0.007145591666666667,0.00097966392,0.0019136349333333331,0.0008335570333333333,0.0080247642,0.0034204861766666665,0.002225019533333333,0.0028811773,0.0020671545833333333,0.0060528098666666665,0.0028723220333333336,0.0016962209833333332,0.005038549546666666,0.0020924469000000003,0.0012716233833333333,0.0035912017333333333,0.0028212487666666665,0.0015164911999999999,0.003207180833333333,0.002885850266666667,0.0021357099333333333,0.0027364433,0.0014312982333333332,0.0014928102533333333,0.007724050653333332,0.002707948333333333,0.0022917608333333337,0.0015701155,0.015379234193333334,0.003662848433333333,0.0019424697,0.0025465369333333336,0.0014880160333333333,0.0010633965333333333,0.0018620074,0.0019246618,0.0012267232000000002,0.0029167454333333333,0.0029544174833333334,0.0024939636333333333,0.0017363130900000003,0.0024541119666666666,0.0021016141,0.0018050909666666665,0.006938914333333333,0.0029434581666666665,0.0008859216999999999,0.0022446651666666664,0.002104101566666667,0.0028755485,0.0017571946,0.0014160255833333335,0.0019314031,0.0029479045666666666,0.009849421200000002,0.012688602766666666,0.0012669980533333333,0.0022260526333333338,0.004292198033333333,0.0018008431000000001,0.0027157981666666663,0.00185975628,0.0017968893,0.0021261593066666667,0.0013179520999999999,0.0031352122666666667,0.0038565039,0.001989263266666667,0.0037944713333333334,0.0108265838,0.0007878263666666667,0.002560011633333333,0.0016034185666666668,0.003897166266666667,0.007145591666666667,0.0028811773,0.0020671545833333333,0.0020924469000000003,0.003207180833333333,0.0021357099333333333,0.0027364433,0.002707948333333333,0.0022917608333333337,0.003662848433333333,0.0029167454333333333,0.0029544174833333334,0.0024541119666666666,0.0029434581666666665,0.0022260526333333338,0.004292198033333333,0.001989263266666667
1,0.002225019533333333,0.0,0.007751498533333334,0.0016250133333333334,0.0016417086666666665,0.0035860339,0.0019991219,0.002256381533333333,0.0015973528,0.0010639449,0.0022786021333333333,0.0025828103333333328,0.0021360695666666667,0.0015110870333333334,0.0015960713333333335,0.0015025377333333333,0.0017014146,0.016742274999999997,0.0010530511666666665,0.0016839325666666667,0.0021187266333333333,0.008681849633333332,0.009352821533333333,0.0023357014666666666,0.011060502166666665,0.0034836808666666667,0.0013125260666666666,0.0030627469999999998,0.0102363071,0.004262240766666666,0.005562905533333333,0.012035242733333335,0.0060785273,0.0013171970666666667,0.0016115387333333333,0.005681566400000001,0.006563989333333333,0.0138587117,0.0010915617166666668,0.0018671373666666667,0.003642483633333333,0.001848514866666667,0.005460626,0.0012229482333333333,0.0010186712000000001,0.01944275746666667,0.0030991951,0.0015253504,0.0019609550333333334,0.0014537433666666668,0.0015025834333333332,0.0009798725666666666,0.004244017666666666,0.0012675364999999998,0.0025985459666666663,0.0014710843666666668,0.0038185556666666667,0.0013492365666666667,0.0022755464000000004,0.0015685340000000001,0.0010915617166666668,0.002225019533333333,0.004518030066666667,0.0018671373666666667,0.003642483633333333,0.009728054233333333,0.0016839325666666667,0.001848514866666667,0.0021187266333333333,0.008681849633333332,0.005460626,0.0,0.0033970037333333333,0.0009241700000000001,0.007751498533333334,0.0016250133333333334,0.0012229482333333333,0.009352821533333333,0.0017927070333333334,0.0016417086666666665,0.0035860339,0.0019991219,0.0023357014666666666,0.002396655,0.002256381533333333,0.0020449737833333334,0.0017950157333333334,0.0015973528,0.0010186712000000001,0.011060502166666665,0.0034401336666666665,0.0022878289333333334,0.0010639449,0.01944275746666667,0.004588192666666667,0.0030991951,0.0034836808666666667,0.0015253504,0.0019609550333333334,0.0022786021333333333,0.0025828103333333328,0.0014537433666666668,0.0019407153,0.005976786233333333,0.0021360695666666667,0.0013125260666666666,0.002199618,0.0030627469999999998,0.0015025834333333332,0.0102363071,0.0038814664333333333,0.0015110870333333334,0.0015960713333333335,0.0009798725666666666,0.004244017666666666,0.0015025377333333333,0.004262240766666666,0.0017014146,0.005562905533333333,0.012035242733333335,0.016742274999999997,0.0012675364999999998,0.0016091803666666668,0.003955996133333333,0.0010530511666666665,0.0060785273,0.0013171970666666667,0.0025985459666666663,0.0014710843666666668,0.0016115387333333333,0.005681566400000001,0.006563989333333333,0.0021521985000000003,0.0038185556666666667,0.0138587117,0.0013492365666666667,0.0022755464000000004,0.0015685340000000001,0.004518030066666667,0.009728054233333333,0.0033970037333333333,0.0009241700000000001,0.0017927070333333334,0.002396655,0.0020449737833333334,0.0017950157333333334,0.0034401336666666665,0.0022878289333333334,0.004588192666666667,0.0019407153,0.005976786233333333,0.002199618,0.0038814664333333333,0.0016091803666666668,0.003955996133333333,0.0021521985000000003
2,0.0060528098666666665,0.007751498533333334,3.973642999999999e-09,0.005270431533333333,0.004830223233333333,0.0026302972533333332,0.003930769366666666,0.0033861836,0.0051486334,0.0074090819666666665,0.003365697346666667,0.0064086516,0.0040666659666666665,0.006575691866666666,0.0058373391166666655,0.004524725766666667,0.006132594860000001,0.0041384736466666665,0.006664433,0.005206924583333333,0.005021264199999999,0.0036877294166666667,0.005091124923333333,0.005422286333333333,0.00227357149,0.004119326666666668,0.005452454233333333,0.0032543838000000003,0.0032961029666666664,0.004490174966666666,0.002795914803333333,0.0020829121333333337,0.004357393423333333,0.005577850433333333,0.004763495933333333,0.0036485911,0.0038106520333333334,0.0025981366199999997,0.0058193165,0.0041088759866666665,0.00363582962,0.004413930506666666,0.0018375595466666665,0.006744454186666667,0.00614921052,0.005694685446666667,0.0035324970999999995,0.004644113956666667,0.0056430977166666675,0.006608744380000001,0.0048472802133333335,0.0074486711,0.0019825757,0.004719698400000001,0.003025374913333334,0.00481790284,0.0027001917333333335,0.006236279149999999,0.0036143361999999997,0.00482708635,0.0058193165,0.0060528098666666665,0.0023914099,0.0041088759866666665,0.00363582962,0.0023813267666666664,0.005206924583333333,0.004413930506666666,0.005021264199999999,0.0036877294166666667,0.0018375595466666665,0.007751498533333334,0.0030301572,0.006371790166666666,3.973642999999999e-09,0.005270431533333333,0.006744454186666667,0.005091124923333333,0.0042063156,0.004830223233333333,0.0026302972533333332,0.003930769366666666,0.005422286333333333,0.004648242266666667,0.0033861836,0.004767398199999999,0.004294758966666667,0.0051486334,0.00614921052,0.00227357149,0.0024704416,0.004194863633333334,0.0074090819666666665,0.005694685446666667,0.002111659466666667,0.0035324970999999995,0.004119326666666668,0.004644113956666667,0.0056430977166666675,0.003365697346666667,0.0064086516,0.006608744380000001,0.005058725533333334,0.0038586676,0.0040666659666666665,0.005452454233333333,0.004844258133333334,0.0032543838000000003,0.0048472802133333335,0.0032961029666666664,0.0024647236,0.006575691866666666,0.0058373391166666655,0.0074486711,0.0019825757,0.004524725766666667,0.004490174966666666,0.006132594860000001,0.002795914803333333,0.0020829121333333337,0.0041384736466666665,0.004719698400000001,0.00517204785,0.0021121760233333334,0.006664433,0.004357393423333333,0.005577850433333333,0.003025374913333334,0.00481790284,0.004763495933333333,0.0036485911,0.0038106520333333334,0.0043071489,0.0027001917333333335,0.0025981366199999997,0.006236279149999999,0.0036143361999999997,0.00482708635,0.0023914099,0.0023813267666666664,0.0030301572,0.006371790166666666,0.0042063156,0.004648242266666667,0.004767398199999999,0.004294758966666667,0.0024704416,0.004194863633333334,0.002111659466666667,0.005058725533333334,0.0038586676,0.004844258133333334,0.0024647236,0.00517204785,0.0021121760233333334,0.0043071489
3,0.0028723220333333336,0.0016250133333333334,0.005270431533333333,0.0,0.0014352560166666667,0.0020665923833333337,0.0008555472000000001,0.0007257878899999999,0.0017494161999999998,0.00116582115,0.0016161858999999999,0.0023407558333333332,0.0016842087666666665,0.0023219148666666664,0.0017095665,0.0011917829333333333,0.0017640988,0.013980321223333333,0.0017130017333333335,0.0019474685333333334,0.0021363596666666663,0.007223608100000001,0.0090744296,0.0030980527333333333,0.008870351266666666,0.0029293715666666663,0.0010122438333333332,0.0023474494333333338,0.008720648200000002,0.004134535733333333,0.004695775166666667,0.009522193833333333,0.005575988566666666,0.0010674337333333333,0.0017301261333333333,0.005034530166666666,0.006187176733333333,0.011100557980000002,0.0007423381,0.0007443487666666667,0.003404859666666667,0.0014249682333333333,0.0039568166666666665,0.0012327492333333333,0.0010237793,0.016953780166666665,0.0030848562666666666,0.0011133075,0.0019433121333333333,0.0017896592666666667,0.0009192744999999999,0.0012739777666666665,0.002844715066666667,0.0013014654333333333,0.0016076922333333333,0.0006523112333333333,0.00128767291,0.0017499843666666666,0.0008888165133333333,0.0012905399333333334,0.0007423381,0.0028723220333333336,0.0023805837866666666,0.0007443487666666667,0.003404859666666667,0.007796126599999999,0.0019474685333333334,0.0014249682333333333,0.0021363596666666663,0.007223608100000001,0.0039568166666666665,0.0016250133333333334,0.002132107766666667,0.0008129895,0.005270431533333333,0.0,0.0012327492333333333,0.0090744296,0.0014413197666666667,0.0014352560166666667,0.0020665923833333337,0.0008555472000000001,0.0030980527333333333,0.0011306961466666667,0.0007257878899999999,0.0019590040333333334,0.0008071879666666666,0.0017494161999999998,0.0010237793,0.008870351266666666,0.001791908366666667,0.0013910611666666667,0.00116582115,0.016953780166666665,0.002933657053333333,0.0030848562666666666,0.0029293715666666663,0.0011133075,0.0019433121333333333,0.0016161858999999999,0.0023407558333333332,0.0017896592666666667,0.0008412301500000002,0.0055891434,0.0016842087666666665,0.0010122438333333332,0.0010424573999999998,0.0023474494333333338,0.0009192744999999999,0.008720648200000002,0.0026283265333333335,0.0023219148666666664,0.0017095665,0.0012739777666666665,0.002844715066666667,0.0011917829333333333,0.004134535733333333,0.0017640988,0.004695775166666667,0.009522193833333333,0.013980321223333333,0.0013014654333333333,0.0011858741666666668,0.0020743926333333332,0.0017130017333333335,0.005575988566666666,0.0010674337333333333,0.0016076922333333333,0.0006523112333333333,0.0017301261333333333,0.005034530166666666,0.006187176733333333,0.0018062869666666667,0.00128767291,0.011100557980000002,0.0017499843666666666,0.0008888165133333333,0.0012905399333333334,0.0023805837866666666,0.007796126599999999,0.002132107766666667,0.0008129895,0.0014413197666666667,0.0011306961466666667,0.0019590040333333334,0.0008071879666666666,0.001791908366666667,0.0013910611666666667,0.002933657053333333,0.0008412301500000002,0.0055891434,0.0010424573999999998,0.0026283265333333335,0.0011858741666666668,0.0020743926333333332,0.0018062869666666667
4,0.0012716233833333333,0.0016417086666666665,0.004830223233333333,0.0014352560166666667,1.9868214999999996e-09,0.0026685158333333335,0.0009755810133333333,0.0015002667666666667,0.001416504366666667,0.0011221925333333332,0.0015591144399999999,0.002647056266666667,0.0019803663166666667,0.0013047437,0.0009043673666666666,0.0007723430666666667,0.0008509914000000001,0.013033543,0.0008027732333333333,0.0013301392333333335,0.0012141267333333333,0.007352048233333334,0.0066560466433333325,0.0022710045333333333,0.007962749456666668,0.0024449309000000004,0.0005069096833333334,0.0019103527200000003,0.007879314923333334,0.0020780225333333333,0.00362851819,0.008925483666666668,0.004216080933333334,0.0008982161666666667,0.0011686166333333332,0.004226599066666667,0.005044829866666666,0.010376967950000001,0.0007022360866666666,0.0010080496333333335,0.0021572014000000002,0.0007517079333333334,0.0030883094800000003,0.00091411869,0.0007885594999999999,0.015461613600000002,0.001974183333333333,0.0005602081666666666,0.0014266510766666666,0.0007226030099999999,0.0009145319500000001,0.0013318658000000003,0.0019901215866666667,0.0008867760666666666,0.0012200931866666665,0.00080464882,0.0023730477,0.0009742697,0.0010629872333333334,0.0008270224,0.0007022360866666666,0.0012716233833333333,0.0023809213666666665,0.0010080496333333335,0.0021572014000000002,0.0067025165,0.0013301392333333335,0.0007517079333333334,0.0012141267333333333,0.007352048233333334,0.0030883094800000003,0.0016417086666666665,0.0022466619999999995,0.0008842011333333332,0.004830223233333333,0.0014352560166666667,0.00091411869,0.0066560466433333325,0.0008334597000000001,1.9868214999999996e-09,0.0026685158333333335,0.0009755810133333333,0.0022710045333333333,0.00136502585,0.0015002667666666667,0.0012658993333333334,0.0011512935333333333,0.001416504366666667,0.0007885594999999999,0.007962749456666668,0.0018149077333333332,0.0013710995333333332,0.0011221925333333332,0.015461613600000002,0.0020892461,0.001974183333333333,0.0024449309000000004,0.0005602081666666666,0.0014266510766666666,0.0015591144399999999,0.002647056266666667,0.0007226030099999999,0.0013422846666666668,0.003789673233333333,0.0019803663166666667,0.0005069096833333334,0.0013406078000000002,0.0019103527200000003,0.0009145319500000001,0.007879314923333334,0.002304351316666667,0.0013047437,0.0009043673666666666,0.0013318658000000003,0.0019901215866666667,0.0007723430666666667,0.0020780225333333333,0.0008509914000000001,0.00362851819,0.008925483666666668,0.013033543,0.0008867760666666666,0.0017495851000000001,0.002260023333333333,0.0008027732333333333,0.004216080933333334,0.0008982161666666667,0.0012200931866666665,0.00080464882,0.0011686166333333332,0.004226599066666667,0.005044829866666666,0.0011464397333333335,0.0023730477,0.010376967950000001,0.0009742697,0.0010629872333333334,0.0008270224,0.0023809213666666665,0.0067025165,0.0022466619999999995,0.0008842011333333332,0.0008334597000000001,0.00136502585,0.0012658993333333334,0.0011512935333333333,0.0018149077333333332,0.0013710995333333332,0.0020892461,0.0013422846666666668,0.003789673233333333,0.0013406078000000002,0.002304351316666667,0.0017495851000000001,0.002260023333333333,0.0011464397333333335
5,0.0035912017333333333,0.0035860339,0.0026302972533333332,0.0020665923833333337,0.0026685158333333335,0.0,0.0016487459000000002,0.0012041787200000001,0.0018453399333333332,0.003419653633333333,0.00090868075,0.003291044633333333,0.0011289079833333333,0.003063960866666667,0.003037224233333333,0.00208516321,0.0036674718566666667,0.009227871833333335,0.0034056624,0.0021833936466666664,0.0026601294,0.004632611946666667,0.007285199633333333,0.0028736828666666666,0.0050633748433333335,0.0025727690000000004,0.0026708742000000002,0.0018462518900000003,0.005092744086666667,0.0038488506533333336,0.00260643354,0.005836451156666667,0.004304411033333333,0.0023835618099999996,0.001983519433333333,0.00317224668,0.003799096733333333,0.006817495766666667,0.0024700760933333336,0.0013723969333333333,0.0028362969333333337,0.0022627254333333333,0.0025124212000000004,0.0030227918666666668,0.0027069747333333333,0.012107833206666667,0.0022795418333333337,0.002082934,0.002944366066666667,0.0034634093466666665,0.0019567549166666664,0.0032134672,0.0020956675,0.002130502413333333,0.0013513863666666666,0.001957112546666667,0.0010750413,0.0029092808666666666,0.0018327593333333334,0.0022243718,0.0024700760933333336,0.0035912017333333333,0.0022361854666666666,0.0013723969333333333,0.0028362969333333337,0.005704246,0.0021833936466666664,0.0022627254333333333,0.0026601294,0.004632611946666667,0.0025124212000000004,0.0035860339,0.0016791442333333332,0.0026516636,0.0026302972533333332,0.0020665923833333337,0.0030227918666666668,0.007285199633333333,0.0024435878,0.0026685158333333335,0.0,0.0016487459000000002,0.0028736828666666666,0.0027809839,0.0012041787200000001,0.0026307344333333328,0.0020604471666666666,0.0018453399333333332,0.0027069747333333333,0.0050633748433333335,0.0014977634,0.0022005458333333333,0.003419653633333333,0.012107833206666667,0.0023157397833333333,0.0022795418333333337,0.0025727690000000004,0.002082934,0.002944366066666667,0.00090868075,0.003291044633333333,0.0034634093466666665,0.0023694694,0.0045205870666666665,0.0011289079833333333,0.0026708742000000002,0.0026614825666666665,0.0018462518900000003,0.0019567549166666664,0.005092744086666667,0.0017853458833333334,0.003063960866666667,0.003037224233333333,0.0032134672,0.0020956675,0.00208516321,0.0038488506533333336,0.0036674718566666667,0.00260643354,0.005836451156666667,0.009227871833333335,0.002130502413333333,0.0014174779666666665,0.0015827338,0.0034056624,0.004304411033333333,0.0023835618099999996,0.0013513863666666666,0.001957112546666667,0.001983519433333333,0.00317224668,0.003799096733333333,0.0024069706666666668,0.0010750413,0.006817495766666667,0.0029092808666666666,0.0018327593333333334,0.0022243718,0.0022361854666666666,0.005704246,0.0016791442333333332,0.0026516636,0.0024435878,0.0027809839,0.0026307344333333328,0.0020604471666666666,0.0014977634,0.0022005458333333333,0.0023157397833333333,0.0023694694,0.0045205870666666665,0.0026614825666666665,0.0017853458833333334,0.0014174779666666665,0.0015827338,0.0024069706666666668
6,0.0028212487666666665,0.0019991219,0.003930769366666666,0.0008555472000000001,0.0009755810133333333,0.0016487459000000002,1.9868214999999996e-09,0.0007388651333333333,0.0017381489333333333,0.0017918149666666665,0.0014130731333333335,0.0030457237,0.0014706134666666666,0.0023997227333333333,0.0013781983999999999,0.00102908215,0.0017980079000000002,0.0123177963,0.0016256272666666668,0.0020080605666666666,0.0022006134333333333,0.006002193843333333,0.00774219819,0.002935324066666667,0.007373835743333334,0.0023811658,0.0009715497666666667,0.0019130389,0.0075644910666666666,0.0034333090000000003,0.0039248368,0.00760573164,0.0050406415,0.0011721273333333332,0.0016476015333333335,0.004563965499999999,0.0052974125,0.009405781899999998,0.0009412149666666666,0.0007719635833333333,0.0029477636666666667,0.0011340856666666665,0.0031532744566666665,0.0015891551666666669,0.0013481756,0.014832703300000001,0.002374903333333333,0.0010758261,0.00226742228,0.0018727938333333333,0.0010601281999999999,0.0017615397333333334,0.0021250486333333337,0.00126139522,0.0013961216333333334,0.0007531643,0.001377610366666667,0.0020391980866666668,0.0008982678333333334,0.0013213832999999999,0.0009412149666666666,0.0028212487666666665,0.0019628127333333337,0.0007719635833333333,0.0029477636666666667,0.006625362166666667,0.0020080605666666666,0.0011340856666666665,0.0022006134333333333,0.006002193843333333,0.0031532744566666665,0.0019991219,0.0019088923833333333,0.0011532187333333332,0.003930769366666666,0.0008555472000000001,0.0015891551666666669,0.00774219819,0.0011801064,0.0009755810133333333,0.0016487459000000002,1.9868214999999996e-09,0.002935324066666667,0.0012549678333333332,0.0007388651333333333,0.0017164946,0.0007858236666666666,0.0017381489333333333,0.0013481756,0.007373835743333334,0.0015752355166666666,0.0015212794166666668,0.0017918149666666665,0.014832703300000001,0.001780931166666667,0.002374903333333333,0.0023811658,0.0010758261,0.00226742228,0.0014130731333333335,0.0030457237,0.0018727938333333333,0.0010674675333333333,0.004759969166666668,0.0014706134666666666,0.0009715497666666667,0.0015489895666666667,0.0019130389,0.0010601281999999999,0.0075644910666666666,0.0021795471333333335,0.0023997227333333333,0.0013781983999999999,0.0017615397333333334,0.0021250486333333337,0.00102908215,0.0034333090000000003,0.0017980079000000002,0.0039248368,0.00760573164,0.0123177963,0.00126139522,0.0013484139999999998,0.0013037602,0.0016256272666666668,0.0050406415,0.0011721273333333332,0.0013961216333333334,0.0007531643,0.0016476015333333335,0.004563965499999999,0.0052974125,0.0016313255,0.001377610366666667,0.009405781899999998,0.0020391980866666668,0.0008982678333333334,0.0013213832999999999,0.0019628127333333337,0.006625362166666667,0.0019088923833333333,0.0011532187333333332,0.0011801064,0.0012549678333333332,0.0017164946,0.0007858236666666666,0.0015752355166666666,0.0015212794166666668,0.001780931166666667,0.0010674675333333333,0.004759969166666668,0.0015489895666666667,0.0021795471333333335,0.0013484139999999998,0.0013037602,0.0016313255
7,0.002885850266666667,0.002256381533333333,0.0033861836,0.0007257878899999999,0.0015002667666666667,0.0012041787200000001,0.0007388651333333333,1.9868214999999996e-09,0.0014620105666666668,0.0018312970833333332,0.0009061237333333333,0.0025963525133333334,0.0011087596333333334,0.002547884,0.0020522654,0.0008892516266666668,0.0022179961000000003,0.011424964516666667,0.0021221419333333335,0.001919200033333333,0.002047179133333333,0.0059448102,0.007652499266666667,0.002821973966666667,0.006834016233333333,0.002122676433333333,0.0012974242333333335,0.0017146269666666668,0.0068274973,0.003518356843333333,0.0033789951999999993,0.007329704333333333,0.004535315306666667,0.0012120406,0.0016888062333333333,0.003971193233333333,0.004787691266666667,0.0088392096,0.0011865079333333334,0.0007341941466666667,0.0027993461666666664,0.0014201839666666666,0.002987233823333333,0.0018326559999999998,0.0015296320000000002,0.014328475753333335,0.0024373034666666663,0.0011695444466666668,0.0021238784,0.002310653533333333,0.0009957194433333335,0.0018344302999999996,0.0019559880666666666,0.0013441681666666668,0.0012532750666666666,0.0009181380233333334,0.0009938995333333334,0.00207645695,0.0008608976999999999,0.0013983826,0.0011865079333333334,0.002885850266666667,0.0020868797999999997,0.0007341941466666667,0.0027993461666666664,0.006527100033333334,0.001919200033333333,0.0014201839666666666,0.002047179133333333,0.0059448102,0.002987233823333333,0.002256381533333333,0.0017496228333333333,0.0013323485866666665,0.0033861836,0.0007257878899999999,0.0018326559999999998,0.007652499266666667,0.0014322022333333334,0.0015002667666666667,0.0012041787200000001,0.0007388651333333333,0.002821973966666667,0.0015046557,1.9868214999999996e-09,0.0020811260000000004,0.0007374227,0.0014620105666666668,0.0015296320000000002,0.006834016233333333,0.0013935585666666665,0.0015684247,0.0018312970833333332,0.014328475753333335,0.0019972721666666666,0.0024373034666666663,0.002122676433333333,0.0011695444466666668,0.0021238784,0.0009061237333333333,0.0025963525133333334,0.002310653533333333,0.0011927286666666666,0.004887900633333333,0.0011087596333333334,0.0012974242333333335,0.0013348758000000002,0.0017146269666666668,0.0009957194433333335,0.0068274973,0.0020346999,0.002547884,0.0020522654,0.0018344302999999996,0.0019559880666666666,0.0008892516266666668,0.003518356843333333,0.0022179961000000003,0.0033789951999999993,0.007329704333333333,0.011424964516666667,0.0013441681666666668,0.0012217978666666665,0.0013536076333333332,0.0021221419333333335,0.004535315306666667,0.0012120406,0.0012532750666666666,0.0009181380233333334,0.0016888062333333333,0.003971193233333333,0.004787691266666667,0.0019233664000000003,0.0009938995333333334,0.0088392096,0.00207645695,0.0008608976999999999,0.0013983826,0.0020868797999999997,0.006527100033333334,0.0017496228333333333,0.0013323485866666665,0.0014322022333333334,0.0015046557,0.0020811260000000004,0.0007374227,0.0013935585666666665,0.0015684247,0.0019972721666666666,0.0011927286666666666,0.004887900633333333,0.0013348758000000002,0.0020346999,0.0012217978666666665,0.0013536076333333332,0.0019233664000000003
8,0.0014312982333333332,0.0015973528,0.0051486334,0.0017494161999999998,0.001416504366666667,0.0018453399333333332,0.0017381489333333333,0.0014620105666666668,3.973642999999999e-09,0.0013999919,0.0007361372333333333,0.0017019510333333334,0.0011020442,0.001034885656666667,0.0019181350666666666,0.0009701748666666667,0.002244937433333334,0.012573313866666666,0.0016949395333333331,0.0007007837333333334,0.000901109,0.0067157428,0.006696794300000001,0.0013267576666666668,0.007178546833333333,0.0018599192,0.0014367679666666665,0.0011977454,0.0064059755,0.00287549485,0.0024483820433333337,0.009089249533333335,0.0033252358,0.0011919240333333333,0.0007893939666666666,0.00282596742,0.0034649411899999997,0.010223501483333335,0.001326880866666667,0.0010444978666666667,0.0019147674333333331,0.0015165646666666667,0.0032647827,0.0015126327166666668,0.0011302073666666667,0.015555630133333333,0.0015767832333333333,0.0011222342666666668,0.0012059986333333333,0.0016747375333333334,0.0010665198333333335,0.0015062372,0.0024751862,0.0008373181,0.0010457972833333334,0.0012770354666666666,0.002455250433333333,0.0010502119666666665,0.0017403066333333333,0.0010419766,0.001326880866666667,0.0014312982333333332,0.0032766381666666667,0.0010444978666666667,0.0019147674333333331,0.007473089466666667,0.0007007837333333334,0.0015165646666666667,0.000901109,0.0067157428,0.0032647827,0.0015973528,0.0021017452,0.0014029840666666667,0.0051486334,0.0017494161999999998,0.0015126327166666668,0.006696794300000001,0.0017037590333333333,0.001416504366666667,0.0018453399333333332,0.0017381489333333333,0.0013267576666666668,0.0026947219999999997,0.0014620105666666668,0.0019423008000000002,0.0017291704333333333,3.973642999999999e-09,0.0011302073666666667,0.007178546833333333,0.0019086301,0.0018316110000000001,0.0013999919,0.015555630133333333,0.0032636702333333333,0.0015767832333333333,0.0018599192,0.0011222342666666668,0.0012059986333333333,0.0007361372333333333,0.0017019510333333334,0.0016747375333333334,0.0020837545333333334,0.0042355776,0.0011020442,0.0014367679666666665,0.0020642598666666665,0.0011977454,0.0010665198333333335,0.0064059755,0.002297480933333333,0.001034885656666667,0.0019181350666666666,0.0015062372,0.0024751862,0.0009701748666666667,0.00287549485,0.002244937433333334,0.0024483820433333337,0.009089249533333335,0.012573313866666666,0.0008373181,0.0009127756000000001,0.0028468628666666667,0.0016949395333333331,0.0033252358,0.0011919240333333333,0.0010457972833333334,0.0012770354666666666,0.0007893939666666666,0.00282596742,0.0034649411899999997,0.0018068253333333336,0.002455250433333333,0.010223501483333335,0.0010502119666666665,0.0017403066333333333,0.0010419766,0.0032766381666666667,0.007473089466666667,0.0021017452,0.0014029840666666667,0.0017037590333333333,0.0026947219999999997,0.0019423008000000002,0.0017291704333333333,0.0019086301,0.0018316110000000001,0.0032636702333333333,0.0020837545333333334,0.0042355776,0.0020642598666666665,0.002297480933333333,0.0009127756000000001,0.0028468628666666667,0.0018068253333333336
9,0.0015701155,0.0010639449,0.0074090819666666665,0.00116582115,0.0011221925333333332,0.003419653633333333,0.0017918149666666665,0.0018312970833333332,0.0013999919,0.0,0.0020383775000000002,0.0019906719666666667,0.002093970766666667,0.0011487881333333333,0.0015168746333333336,0.0011645456333333334,0.0012916426333333334,0.016134393133333334,0.0009542187166666667,0.0014970421666666667,0.0014525354,0.0094756325,0.008795591033333335,0.0025174379666666664,0.010576842216666667,0.0031344931333333334,0.00094563365,0.0028673728333333333,0.0099276304,0.003346931873333333,0.004950698333333334,0.012016918133333334,0.005152781733333333,0.0010010083333333334,0.0015792548666666668,0.0053827088,0.0062635520666666665,0.01349868959,0.0006910165,0.0012244144899999998,0.00314935235,0.0014813145,0.0049848495,0.0006429851,0.0005551854833333332,0.019256956366666664,0.0030503392666666666,0.0009712357999999999,0.0012190898333333331,0.0008539537666666666,0.0009705643,0.0006360113533333333,0.003680594666666667,0.0012287080333333335,0.0021416167,0.0010752022333333333,0.0030184071,0.0007939219666666666,0.0018237968333333333,0.0012704193666666667,0.0006910165,0.0015701155,0.0038289844400000005,0.0012244144899999998,0.00314935235,0.00939041765,0.0014970421666666667,0.0014813145,0.0014525354,0.0094756325,0.0049848495,0.0010639449,0.0030602931,0.0006506800666666666,0.0074090819666666665,0.00116582115,0.0006429851,0.008795591033333335,0.0018222848666666668,0.0011221925333333332,0.003419653633333333,0.0017918149666666665,0.0025174379666666664,0.002024332733333333,0.0018312970833333332,0.002086140733333333,0.0015017192,0.0013999919,0.0005551854833333332,0.010576842216666667,0.0029121121999999998,0.0019508182999999999,0.0,0.019256956366666664,0.003886268546666667,0.0030503392666666666,0.0031344931333333334,0.0009712357999999999,0.0012190898333333331,0.0020383775000000002,0.0019906719666666667,0.0008539537666666666,0.0015123585999999999,0.0056898237,0.002093970766666667,0.00094563365,0.0014698902866666667,0.0028673728333333333,0.0009705643,0.0099276304,0.003552414966666667,0.0011487881333333333,0.0015168746333333336,0.0006360113533333333,0.003680594666666667,0.0011645456333333334,0.003346931873333333,0.0012916426333333334,0.004950698333333334,0.012016918133333334,0.016134393133333334,0.0012287080333333335,0.0014636417333333332,0.003774340966666666,0.0009542187166666667,0.005152781733333333,0.0010010083333333334,0.0021416167,0.0010752022333333333,0.0015792548666666668,0.0053827088,0.0062635520666666665,0.002061555766666667,0.0030184071,0.01349868959,0.0007939219666666666,0.0018237968333333333,0.0012704193666666667,0.0038289844400000005,0.00939041765,0.0030602931,0.0006506800666666666,0.0018222848666666668,0.002024332733333333,0.002086140733333333,0.0015017192,0.0029121121999999998,0.0019508182999999999,0.003886268546666667,0.0015123585999999999,0.0056898237,0.0014698902866666667,0.003552414966666667,0.0014636417333333332,0.003774340966666666,0.002061555766666667
10,0.0018620074,0.0022786021333333333,0.003365697346666667,0.0016161858999999999,0.0015591144399999999,0.00090868075,0.0014130731333333335,0.0009061237333333333,0.0007361372333333333,0.0020383775000000002,7.947285999999998e-09,0.0017907301666666665,0.00061587095,0.0016250173333333335,0.0021958053,0.0008967737333333332,0.0024361054,0.010353602833333333,0.0021480381499999995,0.00088790855,0.0012267093,0.005647536133333334,0.006168145006666667,0.0013964950999999998,0.005473423113333333,0.0016869088,0.0016610880333333333,0.0010824720000000001,0.005107237903333334,0.00276665492,0.0020498633566666665,0.0072392562,0.0031092365433333332,0.0014608303666666666,0.0007604618833333334,0.00222327908,0.0031370679666666663,0.008216323466666666,0.0015359739433333333,0.0007403949999999999,0.0015361209766666664,0.0013041814,0.0020716329866666667,0.0018563966099999997,0.0014701127566666666,0.013231088726666668,0.001208698733333333,0.00106837552,0.0013704518333333333,0.0020802517866666667,0.0009532014566666667,0.0020283679,0.0015482286466666668,0.0010306278666666667,0.0006694336666666666,0.0011768559666666667,0.0016276955666666667,0.0013679643499999998,0.0013646642333333334,0.0011874954,0.0015359739433333333,0.0018620074,0.0023247519666666663,0.0007403949999999999,0.0015361209766666664,0.005807652,0.00088790855,0.0013041814,0.0012267093,0.005647536133333334,0.0020716329866666667,0.0022786021333333333,0.0013067185666666666,0.0016449987933333332,0.003365697346666667,0.0016161858999999999,0.0018563966099999997,0.006168145006666667,0.0015978554833333334,0.0015591144399999999,0.00090868075,0.0014130731333333335,0.0013964950999999998,0.0023000717166666664,0.0009061237333333333,0.0017377515666666668,0.0013678769333333334,0.0007361372333333333,0.0014701127566666666,0.005473423113333333,0.0011761784666666666,0.0014548381,0.0020383775000000002,0.013231088726666668,0.0024835645666666665,0.001208698733333333,0.0016869088,0.00106837552,0.0013704518333333333,7.947285999999998e-09,0.0017907301666666665,0.0020802517866666667,0.0017912825000000001,0.003456417623333333,0.00061587095,0.0016610880333333333,0.0016981899999999998,0.0010824720000000001,0.0009532014566666667,0.005107237903333334,0.0014226317333333332,0.0016250173333333335,0.0021958053,0.0020283679,0.0015482286466666668,0.0008967737333333332,0.00276665492,0.0024361054,0.0020498633566666665,0.0072392562,0.010353602833333333,0.0010306278666666667,0.00079018671,0.00213117398,0.0021480381499999995,0.0031092365433333332,0.0014608303666666666,0.0006694336666666666,0.0011768559666666667,0.0007604618833333334,0.00222327908,0.0031370679666666663,0.0015523712,0.0016276955666666667,0.008216323466666666,0.0013679643499999998,0.0013646642333333334,0.0011874954,0.0023247519666666663,0.005807652,0.0013067185666666666,0.0016449987933333332,0.0015978554833333334,0.0023000717166666664,0.0017377515666666668,0.0013678769333333334,0.0011761784666666666,0.0014548381,0.0024835645666666665,0.0017912825000000001,0.003456417623333333,0.0016981899999999998,0.0014226317333333332,0.00079018671,0.00213117398,0.0015523712
11,0.0019246618,0.0025828103333333328,0.0064086516,0.0023407558333333332,0.002647056266666667,0.003291044633333333,0.0030457237,0.0025963525133333334,0.0017019510333333334,0.0019906719666666667,0.0017907301666666665,1.9868214999999996e-09,0.0018618007666666668,0.0016879359666666664,0.003096950033333333,0.0019405106766666666,0.0027315239100000003,0.013180418753333334,0.0027758420666666667,0.0013592978333333333,0.0014175613666666668,0.0087786872,0.006954526933333333,0.0013056934,0.007915526643333334,0.002373957633333333,0.0024729589666666668,0.002633400766666667,0.0070994517666666665,0.003964491733333334,0.0037755428666666666,0.010802682183333334,0.0038370649999999997,0.0022730231333333334,0.0016196885999999998,0.002582848033333333,0.0042048196000000005,0.011521871866666667,0.002343843333333333,0.0018658956000000002,0.0018863777666666666,0.0022719661333333334,0.0036027193666666665,0.0020600497666666668,0.0017999609333333333,0.01636246235,0.0023377279333333333,0.002044343933333333,0.0008231639999999999,0.002249397833333333,0.0015958368833333333,0.002215635766666667,0.0030722182333333334,0.0021215677333333337,0.0019291798333333332,0.0020659625333333334,0.0033427398000000002,0.0014413893333333333,0.0025092124433333334,0.0020056109,0.002343843333333333,0.0019246618,0.0036775290666666667,0.0018658956000000002,0.0018863777666666666,0.007232226916666667,0.0013592978333333333,0.0022719661333333334,0.0014175613666666668,0.0087786872,0.0036027193666666665,0.0025828103333333328,0.0023653944333333335,0.002302483713333333,0.0064086516,0.0023407558333333332,0.0020600497666666668,0.006954526933333333,0.0026927968,0.002647056266666667,0.003291044633333333,0.0030457237,0.0013056934,0.0032080371866666665,0.0025963525133333334,0.0024927477,0.0026215573,0.0017019510333333334,0.0017999609333333333,0.007915526643333334,0.0024582762333333332,0.0020930449,0.0019906719666666667,0.01636246235,0.0047929169,0.0023377279333333333,0.002373957633333333,0.002044343933333333,0.0008231639999999999,0.0017907301666666665,1.9868214999999996e-09,0.002249397833333333,0.0025726616333333332,0.003866863333333333,0.0018618007666666668,0.0024729589666666668,0.0020835121333333336,0.002633400766666667,0.0015958368833333333,0.0070994517666666665,0.0025397717666666665,0.0016879359666666664,0.003096950033333333,0.002215635766666667,0.0030722182333333334,0.0019405106766666666,0.003964491733333334,0.0027315239100000003,0.0037755428666666666,0.010802682183333334,0.013180418753333334,0.0021215677333333337,0.0015271167000000003,0.004402349266666666,0.0027758420666666667,0.0038370649999999997,0.0022730231333333334,0.0019291798333333332,0.0020659625333333334,0.0016196885999999998,0.002582848033333333,0.0042048196000000005,0.0025064091,0.0033427398000000002,0.011521871866666667,0.0014413893333333333,0.0025092124433333334,0.0020056109,0.0036775290666666667,0.007232226916666667,0.0023653944333333335,0.002302483713333333,0.0026927968,0.0032080371866666665,0.0024927477,0.0026215573,0.0024582762333333332,0.0020930449,0.0047929169,0.0025726616333333332,0.003866863333333333,0.0020835121333333336,0.0025397717666666665,0.0015271167000000003,0.004402349266666666,0.0025064091
