,omer_02.jpg,tal_05.jpg,omer_07.jpg,tal_06.jpg,omer_06.jpg,omer_08.jpg,tal_01.jpg,omer_03.jpg,tal_07.jpg,tal_03.jpg,omer_04.jpg,omer_10.jpg,tal_09.jpg,tal_02.jpg,tal_08.jpg,omer_09.jpg,tal_10.jpg,omer_05.jpg,tal_04.jpg,matt_04.jpg,dom_10.jpg,dom_05.jpg,matt_08.jpg,dom_04.jpg,matt_02.jpg,matt_07.jpg,matt_06.jpg,matt_05.jpg,dom_07.jpg,dom_03.jpg,matt_03.jpg,matt_01.jpg,dom_06.jpg,matt_10.jpg,dom_01.jpg,dom_09.jpg,matt_09.jpg,dom_02.jpg,tess_03.jpg,taz_06.jpg,taz_04.jpg,taz_03.jpg,tess_01.jpg,tess_07.jpg,tess_05.jpg,taz_05.jpg,tess_02.jpg,tess_09.jpg,tess_06.jpg,taz_07.jpg,taz_02.jpg,tess_04.jpg,taz_09.jpg,tess_08.jpg,taz_08.jpg,taz_01.jpg,tess_10.jpg,taz_10.jpg,marina_07.jpg,tamar_04.jpg,tess_03.jpg.1,omer_02.jpg.1,marina_04.jpg,taz_06.jpg.1,taz_04.jpg.1,marina_01.jpg,matt_04.jpg.1,taz_03.jpg.1,dom_10.jpg.1,dom_05.jpg.1,tess_01.jpg.1,tal_05.jpg.1,marina_06.jpg,tamar_09.jpg,omer_07.jpg.1,tal_06.jpg.1,tess_07.jpg.1,matt_08.jpg.1,marina_08.jpg,omer_06.jpg.1,omer_08.jpg.1,tal_01.jpg.1,dom_04.jpg.1,tamar_10.jpg,omer_03.jpg.1,tamar_02.jpg,tamar_05.jpg,tal_07.jpg.1,tess_05.jpg.1,matt_02.jpg.1,tamar_07.jpg,tamar_03.jpg,tal_03.jpg.1,taz_05.jpg.1,marina_09.jpg,tess_02.jpg.1,matt_07.jpg.1,tess_09.jpg.1,tess_06.jpg.1,omer_04.jpg.1,omer_10.jpg.1,taz_07.jpg.1,tamar_01.jpg,marina_10.jpg,tal_09.jpg.1,matt_06.jpg.1,tamar_06.jpg,matt_05.jpg.1,taz_02.jpg.1,dom_07.jpg.1,marina_05.jpg,tal_02.jpg.1,tal_08.jpg.1,tess_04.jpg.1,taz_09.jpg.1,omer_09.jpg.1,dom_03.jpg.1,tal_10.jpg.1,matt_03.jpg.1,matt_01.jpg.1,omer_05.jpg.1,tess_08.jpg.1,marina_02.jpg,marina_03.jpg,tal_04.jpg.1,dom_06.jpg.1,matt_10.jpg.1,taz_08.jpg.1,taz_01.jpg.1,dom_01.jpg.1,dom_09.jpg.1,matt_09.jpg.1,tamar_08.jpg,tess_10.jpg.1,dom_02.jpg.1,taz_10.jpg.1,marina_07.jpg.1,tamar_04.jpg.1,marina_04.jpg.1,marina_01.jpg.1,marina_06.jpg.1,tamar_09.jpg.1,marina_08.jpg.1,tamar_10.jpg.1,tamar_02.jpg.1,tamar_05.jpg.1,tamar_07.jpg.1,tamar_03.jpg.1,marina_09.jpg.1,tamar_01.jpg.1,marina_10.jpg.1,tamar_06.jpg.1,marina_05.jpg.1,marina_02.jpg.1,marina_03.jpg.1,tamar_08.jpg.1
0,1.9868214999999996e-09,0.003306750466666667,0.014114137666666667,0.016323208999999998,0.012504740333333332,0.004109575333333334,0.010480340333333334,0.006239229333333333,0.0013468663,0.013124430333333333,0.0016400416666666668,0.0035508731666666665,0.00223942,0.0028994242333333334,0.010459240166666666,0.0069639463333333335,0.026795955666666666,0.005699815466666667,0.007733633000000001,0.0015639464,0.026233557999999997,0.0025891225,0.0013073523666666668,0.0024940331666666667,0.006318050533333334,0.0035407265333333338,0.008161988,0.0021241704666666666,0.0017489234666666668,0.0051744976666666664,0.002157040433333333,0.0045995195666666665,0.005211613666666667,0.0028427402666666665,0.002568493266666667,0.0007923861333333333,0.0014018734333333333,0.0073781432,0.02608855733333333,0.011651323166666668,0.0033877174,0.015976583333333332,0.007555355733333334,0.012333671333333332,0.019404506666666665,0.011074431666666665,0.0071935474999999995,0.0163480698,0.008533593,0.014515537,0.010955204666666666,0.0024895111666666664,0.019113346,0.011118120200000001,0.014160029333333332,0.014892536333333335,0.010580686666666667,0.0082061928,0.021580930666666664,0.010450291333333334,0.02608855733333333,1.9868214999999996e-09,0.011666863999999999,0.011651323166666668,0.0033877174,0.014508508000000002,0.0015639464,0.015976583333333332,0.026233557999999997,0.0025891225,0.007555355733333334,0.003306750466666667,0.003430936733333333,0.019691504999999998,0.014114137666666667,0.016323208999999998,0.012333671333333332,0.0013073523666666668,0.017920108666666667,0.012504740333333332,0.004109575333333334,0.010480340333333334,0.0024940331666666667,0.017469465666666666,0.006239229333333333,0.0080886285,0.007183506166666667,0.0013468663,0.019404506666666665,0.006318050533333334,0.008009972166666665,0.0070968131333333335,0.013124430333333333,0.011074431666666665,0.012335594333333333,0.0071935474999999995,0.0035407265333333338,0.0163480698,0.008533593,0.0016400416666666668,0.0035508731666666665,0.014515537,0.006371470333333334,0.0117390752,0.00223942,0.008161988,0.015125866666666665,0.0021241704666666666,0.010955204666666666,0.0017489234666666668,0.009509829833333334,0.0028994242333333334,0.010459240166666666,0.0024895111666666664,0.019113346,0.0069639463333333335,0.0051744976666666664,0.026795955666666666,0.002157040433333333,0.0045995195666666665,0.005699815466666667,0.011118120200000001,0.0018938382666666667,0.015385170666666666,0.007733633000000001,0.005211613666666667,0.0028427402666666665,0.014160029333333332,0.014892536333333335,0.002568493266666667,0.0007923861333333333,0.0014018734333333333,0.007508222166666667,0.010580686666666667,0.0073781432,0.0082061928,0.021580930666666664,0.010450291333333334,0.011666863999999999,0.014508508000000002,0.003430936733333333,0.019691504999999998,0.017920108666666667,0.017469465666666666,0.0080886285,0.007183506166666667,0.008009972166666665,0.0070968131333333335,0.012335594333333333,0.006371470333333334,0.0117390752,0.015125866666666665,0.009509829833333334,0.0018938382666666667,0.015385170666666666,0.007508222166666667
1,0.003306750466666667,1.9868214999999996e-09,0.011488570666666668,0.012659911333333333,0.009220886333333334,0.006400650666666666,0.007868224333333333,0.008477095866666668,0.004144720266666666,0.009285209666666665,0.004158433266666667,0.004714669733333334,0.004136443233333333,0.0022923291,0.008421560133333334,0.005094323566666667,0.018546523666666665,0.008001297666666667,0.005066438533333334,0.0022199968333333335,0.018338255333333334,0.0055692553333333335,0.005241479499999999,0.0010297020333333335,0.005218056666666667,0.007134912333333334,0.007968701833333333,0.006021273166666666,0.0063695908333333325,0.007256402666666667,0.0048592648,0.008998163666666666,0.005981155333333333,0.006418375166666666,0.0018433173333333335,0.002803583933333333,0.0020302116666666664,0.007832481333333334,0.019228221333333333,0.009581206333333333,0.0029434442333333335,0.009717043333333333,0.006583633,0.0113231838,0.012670793000000001,0.009370436166666666,0.0030052065666666666,0.012422649000000001,0.005108839166666667,0.01116043933333333,0.007181539,0.0068094134666666665,0.012755864666666667,0.009287760666666667,0.009561584466666667,0.011411450666666666,0.009413359666666668,0.007615842333333333,0.015252872,0.0064179221333333335,0.019228221333333333,0.003306750466666667,0.008330301333333333,0.009581206333333333,0.0029434442333333335,0.008955502533333333,0.0022199968333333335,0.009717043333333333,0.018338255333333334,0.0055692553333333335,0.006583633,1.9868214999999996e-09,0.004065696333333333,0.013788863333333335,0.011488570666666668,0.012659911333333333,0.0113231838,0.005241479499999999,0.0111778795,0.009220886333333334,0.006400650666666666,0.007868224333333333,0.0010297020333333335,0.012155779333333333,0.008477095866666668,0.003662304,0.005561504666666666,0.004144720266666666,0.012670793000000001,0.005218056666666667,0.005793333166666666,0.004218177000000001,0.009285209666666665,0.009370436166666666,0.009480079,0.0030052065666666666,0.007134912333333334,0.012422649000000001,0.005108839166666667,0.004158433266666667,0.004714669733333334,0.01116043933333333,0.005105688333333333,0.005966397,0.004136443233333333,0.007968701833333333,0.010864927333333333,0.006021273166666666,0.007181539,0.0063695908333333325,0.005297553333333333,0.0022923291,0.008421560133333334,0.0068094134666666665,0.012755864666666667,0.005094323566666667,0.007256402666666667,0.018546523666666665,0.0048592648,0.008998163666666666,0.008001297666666667,0.009287760666666667,0.003574456733333334,0.010735947,0.005066438533333334,0.005981155333333333,0.006418375166666666,0.009561584466666667,0.011411450666666666,0.0018433173333333335,0.002803583933333333,0.0020302116666666664,0.0037591716666666667,0.009413359666666668,0.007832481333333334,0.007615842333333333,0.015252872,0.0064179221333333335,0.008330301333333333,0.008955502533333333,0.004065696333333333,0.013788863333333335,0.0111778795,0.012155779333333333,0.003662304,0.005561504666666666,0.005793333166666666,0.004218177000000001,0.009480079,0.005105688333333333,0.005966397,0.010864927333333333,0.005297553333333333,0.003574456733333334,0.010735947,0.0037591716666666667
2,0.014114137666666667,0.011488570666666668,1.9868214999999996e-09,0.0036142468666666666,0.004685078166666666,0.008078062333333334,0.004095103333333333,0.0074955483333333335,0.013273302666666665,0.0019974132333333335,0.010259477333333333,0.011311008833333334,0.013519163833333332,0.009577246666666667,0.006235897466666667,0.005439541666666667,0.011279171733333333,0.009356860333333333,0.006313059833333333,0.011152941000000001,0.015876537666666666,0.011615074,0.015402118666666667,0.013026042666666666,0.005904855333333334,0.016504947333333336,0.004882540433333333,0.012606171666666666,0.014826357333333335,0.007769594533333333,0.012273135,0.013231323333333333,0.006414288199999999,0.010598168666666666,0.010098018333333332,0.014257049666666667,0.013743301333333334,0.0082088569,0.010150045166666666,0.0027603347333333334,0.007917531333333333,0.0068464339,0.0053002755333333325,0.004990128666666667,0.007657690866666666,0.0024609425666666665,0.009927551000000001,0.004828977566666667,0.004744887366666667,0.006986089466666667,0.003841279066666667,0.014857085666666667,0.0063309371000000005,0.0057630875,0.004924702766666666,0.004275049666666668,0.004809331900000001,0.005719810666666667,0.006619644300000001,0.006671269666666666,0.010150045166666666,0.014114137666666667,0.005203342466666666,0.0027603347333333334,0.007917531333333333,0.010509003999999999,0.011152941000000001,0.0068464339,0.015876537666666666,0.011615074,0.0053002755333333325,0.011488570666666668,0.010649836,0.006896766,1.9868214999999996e-09,0.0036142468666666666,0.004990128666666667,0.015402118666666667,0.011357192333333332,0.004685078166666666,0.008078062333333334,0.004095103333333333,0.013026042666666666,0.006517015,0.0074955483333333335,0.008401950166666668,0.005912045533333333,0.013273302666666665,0.007657690866666666,0.005904855333333334,0.0054690321333333335,0.006210005333333333,0.0019974132333333335,0.0024609425666666665,0.008564422666666667,0.009927551000000001,0.016504947333333336,0.004828977566666667,0.004744887366666667,0.010259477333333333,0.011311008833333334,0.006986089466666667,0.005644100866666666,0.011131934333333334,0.013519163833333332,0.004882540433333333,0.003921969833333333,0.012606171666666666,0.003841279066666667,0.014826357333333335,0.007503747833333334,0.009577246666666667,0.006235897466666667,0.014857085666666667,0.0063309371000000005,0.005439541666666667,0.007769594533333333,0.011279171733333333,0.012273135,0.013231323333333333,0.009356860333333333,0.0057630875,0.012181679833333332,0.003813461566666667,0.006313059833333333,0.006414288199999999,0.010598168666666666,0.004924702766666666,0.004275049666666668,0.010098018333333332,0.014257049666666667,0.013743301333333334,0.007880246666666667,0.004809331900000001,0.0082088569,0.005719810666666667,0.006619644300000001,0.006671269666666666,0.005203342466666666,0.010509003999999999,0.010649836,0.006896766,0.011357192333333332,0.006517015,0.008401950166666668,0.005912045533333333,0.0054690321333333335,0.006210005333333333,0.008564422666666667,0.005644100866666666,0.011131934333333334,0.003921969833333333,0.007503747833333334,0.012181679833333332,0.003813461566666667,0.007880246666666667
3,0.016323208999999998,0.012659911333333333,0.0036142468666666666,3.973642999999999e-09,0.008514012999999999,0.010956865666666668,0.0036966721333333333,0.008176891,0.01563105,0.0033651272333333334,0.013245935999999998,0.010719521666666669,0.014060574666666666,0.012370789,0.010764797666666666,0.00645354,0.009131286666666667,0.009718970333333334,0.009996984333333332,0.013225896999999999,0.013051597333333333,0.01436856,0.01774195233333333,0.014048888333333334,0.006696309666666666,0.017351732666666668,0.008758519133333333,0.014816659666666667,0.017321183333333334,0.009618574333333333,0.015040651999999998,0.014425128666666669,0.009858725333333334,0.013657962999999999,0.012418246333333334,0.016025084000000002,0.015478312666666667,0.0064230599999999995,0.011392690666666667,0.0051780144333333335,0.011280473000000001,0.008454487666666666,0.009134238999999999,0.010418099166666667,0.007734858833333334,0.006069592599999999,0.011469731666666668,0.008775862,0.006948592333333333,0.011156865,0.0055707097,0.016826657333333335,0.0070223212,0.010368226,0.006871827499999999,0.007170069133333333,0.0023330748,0.010441196000000002,0.0029215693333333333,0.007839288333333333,0.011392690666666667,0.016323208999999998,0.002416416,0.0051780144333333335,0.011280473000000001,0.006052655,0.013225896999999999,0.008454487666666666,0.013051597333333333,0.01436856,0.009134238999999999,0.012659911333333333,0.010098747333333333,0.007558935833333334,0.0036142468666666666,3.973642999999999e-09,0.010418099166666667,0.01774195233333333,0.007217538466666668,0.008514012999999999,0.010956865666666668,0.0036966721333333333,0.014048888333333334,0.0022176265666666666,0.008176891,0.007596172666666666,0.004851383,0.01563105,0.007734858833333334,0.006696309666666666,0.004757513666666667,0.005669206333333334,0.0033651272333333334,0.006069592599999999,0.005036052133333333,0.011469731666666668,0.017351732666666668,0.008775862,0.006948592333333333,0.013245935999999998,0.010719521666666669,0.011156865,0.0056895871333333325,0.009148436666666667,0.014060574666666666,0.008758519133333333,0.0018450101,0.014816659666666667,0.0055707097,0.017321183333333334,0.005888913133333334,0.012370789,0.010764797666666666,0.016826657333333335,0.0070223212,0.00645354,0.009618574333333333,0.009131286666666667,0.015040651999999998,0.014425128666666669,0.009718970333333334,0.010368226,0.013047798333333332,0.004229509866666667,0.009996984333333332,0.009858725333333334,0.013657962999999999,0.006871827499999999,0.007170069133333333,0.012418246333333334,0.016025084000000002,0.015478312666666667,0.0070616782,0.0023330748,0.0064230599999999995,0.010441196000000002,0.0029215693333333333,0.007839288333333333,0.002416416,0.006052655,0.010098747333333333,0.007558935833333334,0.007217538466666668,0.0022176265666666666,0.007596172666666666,0.004851383,0.004757513666666667,0.005669206333333334,0.005036052133333333,0.0056895871333333325,0.009148436666666667,0.0018450101,0.005888913133333334,0.013047798333333332,0.004229509866666667,0.0070616782
4,0.012504740333333332,0.009220886333333334,0.004685078166666666,0.008514012999999999,0.0,0.008378891333333334,0.0053488294666666665,0.011458561666666667,0.0121434748,0.0030717770333333334,0.009346481333333333,0.012828540866666667,0.013725708000000001,0.006451447933333332,0.0022246837333333336,0.0049946508,0.010237202933333333,0.012618871333333333,0.0027824402333333333,0.008899418533333333,0.0148070194,0.012096186333333333,0.015069198666666667,0.0108715949,0.004841268,0.017172368666666667,0.003557489333333333,0.012739578666666666,0.014963889000000001,0.009088858,0.012272101666666667,0.015287172666666666,0.0047574818,0.010356303,0.007406441333333334,0.012875755666666667,0.012317047466666668,0.012052963333333333,0.007572712666666667,0.0035354892666666663,0.005393278566666667,0.0033511976666666665,0.004122388333333333,0.0030032953,0.004605988666666666,0.0030738254000000002,0.007017328466666667,0.0018184999666666667,0.0031911631666666665,0.003709785,0.002876156533333333,0.015789361666666665,0.0040168803,0.002836672466666667,0.0035855809999999996,0.0024938841666666666,0.009255025666666666,0.003444010033333334,0.009417742433333333,0.004983057666666666,0.007572712666666667,0.012504740333333332,0.0082236648,0.0035354892666666663,0.005393278566666667,0.012338936333333333,0.008899418533333333,0.0033511976666666665,0.0148070194,0.012096186333333333,0.004122388333333333,0.009220886333333334,0.011781547533333332,0.003857594733333333,0.004685078166666666,0.008514012999999999,0.0030032953,0.015069198666666667,0.010983143333333334,0.0,0.008378891333333334,0.0053488294666666665,0.0108715949,0.009196772333333332,0.011458561666666667,0.007274621666666666,0.007685363133333334,0.0121434748,0.004605988666666666,0.004841268,0.007480390666666666,0.007535169666666667,0.0030717770333333334,0.0030738254000000002,0.011547305333333334,0.007017328466666667,0.017172368666666667,0.0018184999666666667,0.0031911631666666665,0.009346481333333333,0.012828540866666667,0.003709785,0.007565615466666666,0.008907014333333333,0.013725708000000001,0.003557489333333333,0.007940336,0.012739578666666666,0.002876156533333333,0.014963889000000001,0.007766378,0.006451447933333332,0.0022246837333333336,0.015789361666666665,0.0040168803,0.0049946508,0.009088858,0.010237202933333333,0.012272101666666667,0.015287172666666666,0.012618871333333333,0.002836672466666667,0.012537702000000001,0.0040750583333333335,0.0027824402333333333,0.0047574818,0.010356303,0.0035855809999999996,0.0024938841666666666,0.007406441333333334,0.012875755666666667,0.012317047466666668,0.0069116076666666665,0.009255025666666666,0.012052963333333333,0.003444010033333334,0.009417742433333333,0.004983057666666666,0.0082236648,0.012338936333333333,0.011781547533333332,0.003857594733333333,0.010983143333333334,0.009196772333333332,0.007274621666666666,0.007685363133333334,0.007480390666666666,0.007535169666666667,0.011547305333333334,0.007565615466666666,0.008907014333333333,0.007940336,0.007766378,0.012537702000000001,0.0040750583333333335,0.0069116076666666665
5,0.004109575333333334,0.006400650666666666,0.008078062333333334,0.010956865666666668,0.008378891333333334,5.960464499999999e-09,0.005415769433333333,0.0023444096333333337,0.0029128670666666665,0.008208853,0.0020493348666666667,0.004110626366666667,0.0037223398666666667,0.004272212666666666,0.007314087866666667,0.004067858066666667,0.022784630333333333,0.0025993247333333334,0.0065867561,0.0040110767,0.024301398999999998,0.002091972033333333,0.0040837863666666665,0.006497734800000001,0.0035795966,0.0048381150000000005,0.003460294,0.002475762366666667,0.0031428138333333337,0.0008806189000000001,0.0025884271333333334,0.002734581633333333,0.0020254592000000004,0.0014695485666666667,0.005068731333333334,0.0046179435,0.005196785833333333,0.004722479966666667,0.021747428000000003,0.0070308844666666665,0.004039800266666667,0.013632965,0.005182039666666667,0.007699598866666667,0.016177711666666667,0.0057331621666666666,0.009301483666666666,0.011717578000000001,0.0065957943333333335,0.0117117228,0.007783238,0.0034071345333333333,0.015008839,0.007870197200000002,0.011303126666666666,0.010457696666666667,0.005776945766666666,0.005769121400000001,0.017116157,0.009749249666666666,0.021747428000000003,0.004109575333333334,0.0086233935,0.0070308844666666665,0.004039800266666667,0.013379162333333331,0.0040110767,0.013632965,0.024301398999999998,0.002091972033333333,0.005182039666666667,0.006400650666666666,0.0039003829,0.015463580666666667,0.008078062333333334,0.010956865666666668,0.007699598866666667,0.0040837863666666665,0.016341296800000002,0.008378891333333334,5.960464499999999e-09,0.005415769433333333,0.006497734800000001,0.013243039466666669,0.0023444096333333337,0.008650747833333333,0.004842225699999999,0.0029128670666666665,0.016177711666666667,0.0035795966,0.006333977,0.006140238,0.008208853,0.0057331621666666666,0.008820426533333333,0.009301483666666666,0.0048381150000000005,0.011717578000000001,0.0065957943333333335,0.0020493348666666667,0.004110626366666667,0.0117117228,0.004572578199999999,0.012364775,0.0037223398666666667,0.003460294,0.010395177333333333,0.002475762366666667,0.007783238,0.0031428138333333337,0.008905138666666666,0.004272212666666666,0.007314087866666667,0.0034071345333333333,0.015008839,0.004067858066666667,0.0008806189000000001,0.022784630333333333,0.0025884271333333334,0.002734581633333333,0.0025993247333333334,0.007870197200000002,0.003408499466666667,0.009873869,0.0065867561,0.0020254592000000004,0.0014695485666666667,0.011303126666666666,0.010457696666666667,0.005068731333333334,0.0046179435,0.005196785833333333,0.007803873333333333,0.005776945766666666,0.004722479966666667,0.005769121400000001,0.017116157,0.009749249666666666,0.0086233935,0.013379162333333331,0.0039003829,0.015463580666666667,0.016341296800000002,0.013243039466666669,0.008650747833333333,0.004842225699999999,0.006333977,0.006140238,0.008820426533333333,0.004572578199999999,0.012364775,0.010395177333333333,0.008905138666666666,0.003408499466666667,0.009873869,0.007803873333333333
6,0.010480340333333334,0.007868224333333333,0.004095103333333333,0.0036966721333333333,0.0053488294666666665,0.005415769433333333,1.9868214999999996e-09,0.005471676666666667,0.009123937166666667,0.0023541946666666663,0.007878049166666666,0.006741754166666667,0.008331509333333332,0.006746731133333334,0.006248758333333334,0.002993061133333333,0.011319045166666668,0.005718978333333334,0.005960285666666666,0.007835435666666666,0.014493626466666668,0.007920587166666666,0.011590631666666665,0.009077678,0.0022054930333333333,0.011325951499999999,0.004241188333333334,0.008894999666666665,0.011052787333333335,0.004557961199999999,0.008833603,0.009093803000000001,0.004433460933333333,0.0080569485,0.007608230999999999,0.010201329,0.009926791866666666,0.004088886666666666,0.012171572666666667,0.0043614825666666674,0.0064874588333333335,0.007374652166666666,0.0059730985,0.0077176055,0.007615129,0.0036251327333333334,0.008247480666666666,0.0070569199999999995,0.003892964233333333,0.0092212,0.0040680548,0.011010108333333334,0.006816488666666666,0.007183895333333333,0.0064645349999999996,0.006047088000000001,0.0029223899,0.0070611319999999995,0.0067751546666666666,0.006828812666666667,0.012171572666666667,0.010480340333333334,0.003635378733333333,0.0043614825666666674,0.0064874588333333335,0.0065751790000000004,0.007835435666666666,0.007374652166666666,0.014493626466666668,0.007920587166666666,0.0059730985,0.007868224333333333,0.006131208,0.0072016855,0.004095103333333333,0.0036966721333333333,0.0077176055,0.011590631666666665,0.007566573066666667,0.0053488294666666665,0.005415769433333333,1.9868214999999996e-09,0.009077678,0.0046192129333333335,0.005471676666666667,0.005445963,0.0031283081,0.009123937166666667,0.007615129,0.0022054930333333333,0.004185922999999999,0.004081859233333334,0.0023541946666666663,0.0036251327333333334,0.0038610438,0.008247480666666666,0.011325951499999999,0.0070569199999999995,0.003892964233333333,0.007878049166666666,0.006741754166666667,0.0092212,0.004047318300000001,0.007049655833333333,0.008331509333333332,0.004241188333333334,0.0040605664333333335,0.008894999666666665,0.0040680548,0.011052787333333335,0.004789859066666667,0.006746731133333334,0.006248758333333334,0.011010108333333334,0.006816488666666666,0.002993061133333333,0.004557961199999999,0.011319045166666668,0.008833603,0.009093803000000001,0.005718978333333334,0.007183895333333333,0.0079671342,0.0027131358666666666,0.005960285666666666,0.004433460933333333,0.0080569485,0.0064645349999999996,0.006047088000000001,0.007608230999999999,0.010201329,0.009926791866666666,0.005069311566666667,0.0029223899,0.004088886666666666,0.0070611319999999995,0.0067751546666666666,0.006828812666666667,0.003635378733333333,0.0065751790000000004,0.006131208,0.0072016855,0.007566573066666667,0.0046192129333333335,0.005445963,0.0031283081,0.004185922999999999,0.004081859233333334,0.0038610438,0.004047318300000001,0.007049655833333333,0.0040605664333333335,0.004789859066666667,0.0079671342,0.0027131358666666666,0.005069311566666667
7,0.006239229333333333,0.008477095866666668,0.0074955483333333335,0.008176891,0.011458561666666667,0.0023444096333333337,0.005471676666666667,0.0,0.005127197333333333,0.008519152666666667,0.004239753766666666,0.0032002031999999996,0.0040480852,0.007099372166666668,0.011136728666666667,0.004512516666666666,0.022741780666666666,0.0010063926333333333,0.009768794,0.006273539999999999,0.024131683,0.0036785344666666665,0.005557853,0.008146377333333333,0.004561267333333333,0.004664232333333333,0.0062670192,0.0034051716666666666,0.004484458833333333,0.0017667889333333334,0.004045498333333333,0.0019768158666666666,0.005088993,0.0035356641999999996,0.007772614333333333,0.006486010466666667,0.006789249199999999,0.0020567953333333333,0.02310694066666667,0.0075955191,0.0069504599999999995,0.015538706333333334,0.007795336000000001,0.010745513000000002,0.017371132,0.007327296166666666,0.011661082666666666,0.014184699333333333,0.008650104333333334,0.014849511666666669,0.008690373000000001,0.004000284266666667,0.016135589,0.011457162666666664,0.012772295666666666,0.012311710866666667,0.0031886716666666664,0.008877539666666667,0.014969224,0.010744738666666667,0.02310694066666667,0.006239229333333333,0.0066250305,0.0075955191,0.0069504599999999995,0.011699346666666667,0.006273539999999999,0.015538706333333334,0.024131683,0.0036785344666666665,0.007795336000000001,0.008477095866666668,0.003446918666666667,0.016867663333333335,0.0074955483333333335,0.008176891,0.010745513000000002,0.005557853,0.015673381,0.011458561666666667,0.0023444096333333337,0.005471676666666667,0.008146377333333333,0.01117932,0.0,0.009524363333333334,0.0037794589999999998,0.005127197333333333,0.017371132,0.004561267333333333,0.005641265800000001,0.0061756968333333325,0.008519152666666667,0.007327296166666666,0.006709857666666667,0.011661082666666666,0.004664232333333333,0.014184699333333333,0.008650104333333334,0.004239753766666666,0.0032002031999999996,0.014849511666666669,0.004184909666666667,0.012872259,0.0040480852,0.0062670192,0.008027964666666667,0.0034051716666666666,0.008690373000000001,0.004484458833333333,0.008776420333333333,0.007099372166666668,0.011136728666666667,0.004000284266666667,0.016135589,0.004512516666666666,0.0017667889333333334,0.022741780666666666,0.004045498333333333,0.0019768158666666666,0.0010063926333333333,0.011457162666666664,0.003922208133333333,0.010637523666666667,0.009768794,0.005088993,0.0035356641999999996,0.012772295666666666,0.012311710866666667,0.007772614333333333,0.006486010466666667,0.006789249199999999,0.008486435666666665,0.0031886716666666664,0.0020567953333333333,0.008877539666666667,0.014969224,0.010744738666666667,0.0066250305,0.011699346666666667,0.003446918666666667,0.016867663333333335,0.015673381,0.01117932,0.009524363333333334,0.0037794589999999998,0.005641265800000001,0.0061756968333333325,0.006709857666666667,0.004184909666666667,0.012872259,0.008027964666666667,0.008776420333333333,0.003922208133333333,0.010637523666666667,0.008486435666666665
8,0.0013468663,0.004144720266666666,0.013273302666666665,0.01563105,0.0121434748,0.0029128670666666665,0.009123937166666667,0.005127197333333333,0.0,0.012298772833333334,0.0022474328666666665,0.0033087691,0.0015691896000000001,0.0029027461333333334,0.009739869900000002,0.006487268199999999,0.026916436333333335,0.0040624618,0.0078073223999999995,0.0024219513,0.026828488666666667,0.0014122228000000001,0.0011980017166666667,0.0033681829666666664,0.005725826666666667,0.0022546927000000002,0.007082913199999999,0.0013264099666666668,0.0014552653,0.0035661558333333334,0.0014100094666666665,0.003109298166666667,0.0042032579333333335,0.0023449918,0.003834376866666667,0.0013679921666666665,0.0020067811,0.005959358,0.026398873333333336,0.011215192,0.0038721978,0.016410440333333335,0.007480408666666666,0.011731503566666667,0.019644801333333333,0.010121564,0.008479283333333334,0.016006801666666667,0.008384108666666668,0.014976348333333334,0.010843958666666665,0.0016514161999999998,0.019017619,0.010926252533333335,0.014695950333333334,0.014713513333333334,0.009350704999999999,0.008260991,0.021533126,0.011318376,0.026398873333333336,0.0013468663,0.011377006666666667,0.011215192,0.0038721978,0.0142638245,0.0024219513,0.016410440333333335,0.026828488666666667,0.0014122228000000001,0.007480408666666666,0.004144720266666666,0.0029887040000000004,0.019708341666666667,0.013273302666666665,0.01563105,0.011731503566666667,0.0011980017166666667,0.01798876933333333,0.0121434748,0.0029128670666666665,0.009123937166666667,0.0033681829666666664,0.01706543166666667,0.005127197333333333,0.008721683666666667,0.006718317666666666,0.0,0.019644801333333333,0.005725826666666667,0.008108258333333333,0.0071776746666666665,0.012298772833333334,0.010121564,0.010875928333333333,0.008479283333333334,0.0022546927000000002,0.016006801666666667,0.008384108666666668,0.0022474328666666665,0.0033087691,0.014976348333333334,0.006270766166666666,0.012212711499999999,0.0015691896000000001,0.007082913199999999,0.01451421,0.0013264099666666668,0.010843958666666665,0.0014552653,0.009740589133333333,0.0029027461333333334,0.009739869900000002,0.0016514161999999998,0.019017619,0.006487268199999999,0.0035661558333333334,0.026916436333333335,0.0014100094666666665,0.003109298166666667,0.0040624618,0.010926252533333335,0.0016404012666666667,0.013896442000000002,0.0078073223999999995,0.0042032579333333335,0.0023449918,0.014695950333333334,0.014713513333333334,0.003834376866666667,0.0013679921666666665,0.0020067811,0.008196886333333334,0.009350704999999999,0.005959358,0.008260991,0.021533126,0.011318376,0.011377006666666667,0.0142638245,0.0029887040000000004,0.019708341666666667,0.01798876933333333,0.01706543166666667,0.008721683666666667,0.006718317666666666,0.008108258333333333,0.0071776746666666665,0.010875928333333333,0.006270766166666666,0.012212711499999999,0.01451421,0.009740589133333333,0.0016404012666666667,0.013896442000000002,0.008196886333333334
9,0.013124430333333333,0.009285209666666665,0.0019974132333333335,0.0033651272333333334,0.0030717770333333334,0.008208853,0.0023541946666666663,0.008519152666666667,0.012298772833333334,0.0,0.009897090999999998,0.010225474666666668,0.012124290000000001,0.007544002999999999,0.004631443866666667,0.003922975166666666,0.008536895099999999,0.009518551666666668,0.00417761,0.009580244666666666,0.012732428433333333,0.011341303666666665,0.014966424,0.010768848666666667,0.0039333184333333335,0.015787027133333336,0.0045470496,0.012236925000000001,0.014730942333333333,0.007704999,0.011853845833333333,0.013552969833333334,0.005650413000000001,0.010902873666666667,0.008228794666666667,0.012888272533333335,0.012176509666666667,0.007415306766666667,0.008676068,0.0023048599533333335,0.006458805,0.003906824133333334,0.004554720799999999,0.0050144394333333335,0.004369791466666667,0.0022850891,0.007274093,0.0037887811666666668,0.002471683433333333,0.006114605933333334,0.001815656833333333,0.014889431000000002,0.003884556,0.004894147333333334,0.0036851108000000004,0.0030984461333333334,0.0046295245333333335,0.005235727666666666,0.0049973826,0.004518232666666666,0.008676068,0.013124430333333333,0.0034899930333333338,0.0023048599533333335,0.006458805,0.007444975666666667,0.009580244666666666,0.003906824133333334,0.012732428433333333,0.011341303666666665,0.004554720799999999,0.009285209666666665,0.009046423599999999,0.004501390566666667,0.0019974132333333335,0.0033651272333333334,0.0050144394333333335,0.014966424,0.007676386733333334,0.0030717770333333334,0.008208853,0.0023541946666666663,0.010768848666666667,0.004377206333333333,0.008519152666666667,0.005402159666666667,0.004134156266666666,0.012298772833333334,0.004369791466666667,0.0039333184333333335,0.004080671066666666,0.004290050166666667,0.0,0.0022850891,0.006602750166666667,0.007274093,0.015787027133333336,0.0037887811666666668,0.002471683433333333,0.009897090999999998,0.010225474666666668,0.006114605933333334,0.004463197900000001,0.007263998133333334,0.012124290000000001,0.0045470496,0.0032306750333333336,0.012236925000000001,0.001815656833333333,0.014730942333333333,0.004614591666666667,0.007544002999999999,0.004631443866666667,0.014889431000000002,0.003884556,0.003922975166666666,0.007704999,0.008536895099999999,0.011853845833333333,0.013552969833333334,0.009518551666666668,0.004894147333333334,0.010910467333333333,0.0018963972666666666,0.00417761,0.005650413000000001,0.010902873666666667,0.0036851108000000004,0.0030984461333333334,0.008228794666666667,0.012888272533333335,0.012176509666666667,0.005053259833333334,0.0046295245333333335,0.007415306766666667,0.005235727666666666,0.0049973826,0.004518232666666666,0.0034899930333333338,0.007444975666666667,0.009046423599999999,0.004501390566666667,0.007676386733333334,0.004377206333333333,0.005402159666666667,0.004134156266666666,0.004080671066666666,0.004290050166666667,0.006602750166666667,0.004463197900000001,0.007263998133333334,0.0032306750333333336,0.004614591666666667,0.010910467333333333,0.0018963972666666666,0.005053259833333334
10,0.0016400416666666668,0.004158433266666667,0.010259477333333333,0.013245935999999998,0.009346481333333333,0.0020493348666666667,0.007878049166666666,0.004239753766666666,0.0022474328666666665,0.009897090999999998,3.973642999999999e-09,0.0035115063333333333,0.003079901133333333,0.0029939572,0.008157674566666667,0.004539332766666667,0.023683836333333333,0.004664085233333334,0.0057658969,0.0021780848333333336,0.024237228333333336,0.0022554497000000003,0.0027808209,0.0039946676,0.004303900333333333,0.0049024522333333325,0.005400011800000001,0.0022798339666666666,0.0019601404666666667,0.0034343620000000003,0.002263168433333333,0.0041534126,0.0031671366,0.0015731295,0.002688902633333333,0.0024998306999999996,0.002912495533333333,0.006391652333333333,0.022739211999999998,0.00838207,0.0024440447666666666,0.013265951333333333,0.0050301850666666665,0.0090128738,0.016475971666666665,0.007845312200000001,0.006898490466666667,0.012953309333333333,0.006584572666666666,0.011174339,0.008271193333333334,0.0032363037666666666,0.015924543333333332,0.008118229966666666,0.011017547166666667,0.011260569,0.00833746,0.005331452533333334,0.018478215000000003,0.008514144000000001,0.022739211999999998,0.0016400416666666668,0.009483180666666667,0.00838207,0.0024440447666666666,0.013649326666666666,0.0021780848333333336,0.013265951333333333,0.024237228333333336,0.0022554497000000003,0.0050301850666666665,0.004158433266666667,0.0036191244333333332,0.016353232,0.010259477333333333,0.013245935999999998,0.0090128738,0.0027808209,0.016325382333333336,0.009346481333333333,0.0020493348666666667,0.007878049166666666,0.0039946676,0.014686143333333334,0.004239753766666666,0.007269422333333333,0.005414418333333334,0.0022474328666666665,0.016475971666666665,0.004303900333333333,0.006229899333333333,0.005850948999999999,0.009897090999999998,0.007845312200000001,0.011009802333333334,0.006898490466666667,0.0049024522333333325,0.012953309333333333,0.006584572666666666,3.973642999999999e-09,0.0035115063333333333,0.011174339,0.004640696466666667,0.011397981666666668,0.003079901133333333,0.005400011800000001,0.012260089333333335,0.0022798339666666666,0.008271193333333334,0.0019601404666666667,0.008362339,0.0029939572,0.008157674566666667,0.0032363037666666666,0.015924543333333332,0.004539332766666667,0.0034343620000000003,0.023683836333333333,0.002263168433333333,0.0041534126,0.004664085233333334,0.008118229966666666,0.0025644977666666666,0.01241194,0.0057658969,0.0031671366,0.0015731295,0.011017547166666667,0.011260569,0.002688902633333333,0.0024998306999999996,0.002912495533333333,0.006450676866666667,0.00833746,0.006391652333333333,0.005331452533333334,0.018478215000000003,0.008514144000000001,0.009483180666666667,0.013649326666666666,0.0036191244333333332,0.016353232,0.016325382333333336,0.014686143333333334,0.007269422333333333,0.005414418333333334,0.006229899333333333,0.005850948999999999,0.011009802333333334,0.004640696466666667,0.011397981666666668,0.012260089333333335,0.008362339,0.0025644977666666666,0.01241194,0.006450676866666667
11,0.0035508731666666665,0.004714669733333334,0.011311008833333334,0.010719521666666669,0.012828540866666667,0.004110626366666667,0.006741754166666667,0.0032002031999999996,0.0033087691,0.010225474666666668,0.0035115063333333333,3.973642999999999e-09,0.0015538473999999998,0.005356993333333334,0.012430821,0.004774218866666667,0.022758749999999998,0.002508485333333333,0.009361521466666665,0.0039570351999999994,0.022809245333333335,0.0033955096666666664,0.0036158104999999994,0.004198908866666667,0.0046401142999999995,0.0029466510000000002,0.008451060566666667,0.002978416266666667,0.003336417666666667,0.003918969733333334,0.0033978164666666672,0.0032288571,0.006294874333333334,0.004160072333333333,0.005485600233333334,0.003561304,0.0034566560000000002,0.0028480907333333335,0.024231257000000003,0.010513697200000002,0.005755076766666667,0.014958419333333332,0.008870498400000001,0.01389186,0.017167407333333332,0.010113004666666666,0.008708981666666667,0.016246195666666668,0.007903397,0.015708543666666668,0.009552178866666669,0.0030307412,0.016717441333333336,0.012682992333333335,0.013301958800000001,0.014086194666666666,0.005603957233333333,0.010277483799999999,0.015928415333333334,0.010202829,0.024231257000000003,0.0035508731666666665,0.006700768,0.010513697200000002,0.005755076766666667,0.008996252133333334,0.0039570351999999994,0.014958419333333332,0.022809245333333335,0.0033955096666666664,0.008870498400000001,0.004714669733333334,0.0011913836166666666,0.017697467999999997,0.011311008833333334,0.010719521666666669,0.01389186,0.0036158104999999994,0.013511856333333332,0.012828540866666667,0.004110626366666667,0.006741754166666667,0.004198908866666667,0.011352606666666666,0.0032002031999999996,0.0063521525,0.0035307347666666666,0.0033087691,0.017167407333333332,0.0046401142999999995,0.005034583833333333,0.004544641666666667,0.010225474666666668,0.010113004666666666,0.006390547666666666,0.008708981666666667,0.0029466510000000002,0.016246195666666668,0.007903397,0.0035115063333333333,3.973642999999999e-09,0.015708543666666668,0.003950909766666667,0.009792629666666667,0.0015538473999999998,0.008451060566666667,0.009558594333333333,0.002978416266666667,0.009552178866666669,0.003336417666666667,0.006352672966666667,0.005356993333333334,0.012430821,0.0030307412,0.016717441333333336,0.004774218866666667,0.003918969733333334,0.022758749999999998,0.0033978164666666672,0.0032288571,0.002508485333333333,0.012682992333333335,0.0018117586666666667,0.012036772666666666,0.009361521466666665,0.006294874333333334,0.004160072333333333,0.013301958800000001,0.014086194666666666,0.005485600233333334,0.003561304,0.0034566560000000002,0.006115722733333333,0.005603957233333333,0.0028480907333333335,0.010277483799999999,0.015928415333333334,0.010202829,0.006700768,0.008996252133333334,0.0011913836166666666,0.017697467999999997,0.013511856333333332,0.011352606666666666,0.0063521525,0.0035307347666666666,0.005034583833333333,0.004544641666666667,0.006390547666666666,0.003950909766666667,0.009792629666666667,0.009558594333333333,0.006352672966666667,0.0018117586666666667,0.012036772666666666,0.006115722733333333
