,omer_02.jpg,tal_05.jpg,omer_07.jpg,tal_06.jpg,omer_06.jpg,omer_08.jpg,tal_01.jpg,omer_03.jpg,tal_07.jpg,tal_03.jpg,omer_04.jpg,omer_10.jpg,tal_09.jpg,tal_02.jpg,tal_08.jpg,omer_09.jpg,tal_10.jpg,omer_05.jpg,tal_04.jpg,matt_04.jpg,dom_10.jpg,dom_05.jpg,matt_08.jpg,dom_04.jpg,matt_02.jpg,matt_07.jpg,matt_06.jpg,matt_05.jpg,dom_07.jpg,dom_03.jpg,matt_03.jpg,matt_01.jpg,dom_06.jpg,matt_10.jpg,dom_01.jpg,dom_09.jpg,matt_09.jpg,dom_02.jpg,tess_03.jpg,taz_06.jpg,taz_04.jpg,taz_03.jpg,tess_01.jpg,tess_07.jpg,tess_05.jpg,taz_05.jpg,tess_02.jpg,tess_09.jpg,tess_06.jpg,taz_07.jpg,taz_02.jpg,tess_04.jpg,taz_09.jpg,tess_08.jpg,taz_08.jpg,taz_01.jpg,tess_10.jpg,taz_10.jpg,marina_07.jpg,tamar_04.jpg,tess_03.jpg.1,omer_02.jpg.1,marina_04.jpg,taz_06.jpg.1,taz_04.jpg.1,marina_01.jpg,matt_04.jpg.1,taz_03.jpg.1,dom_10.jpg.1,dom_05.jpg.1,tess_01.jpg.1,tal_05.jpg.1,marina_06.jpg,tamar_09.jpg,omer_07.jpg.1,tal_06.jpg.1,tess_07.jpg.1,matt_08.jpg.1,marina_08.jpg,omer_06.jpg.1,omer_08.jpg.1,tal_01.jpg.1,dom_04.jpg.1,tamar_10.jpg,omer_03.jpg.1,tamar_02.jpg,tamar_05.jpg,tal_07.jpg.1,tess_05.jpg.1,matt_02.jpg.1,tamar_07.jpg,tamar_03.jpg,tal_03.jpg.1,taz_05.jpg.1,marina_09.jpg,tess_02.jpg.1,matt_07.jpg.1,tess_09.jpg.1,tess_06.jpg.1,omer_04.jpg.1,omer_10.jpg.1,taz_07.jpg.1,tamar_01.jpg,marina_10.jpg,tal_09.jpg.1,matt_06.jpg.1,tamar_06.jpg,matt_05.jpg.1,taz_02.jpg.1,dom_07.jpg.1,marina_05.jpg,tal_02.jpg.1,tal_08.jpg.1,tess_04.jpg.1,taz_09.jpg.1,omer_09.jpg.1,dom_03.jpg.1,tal_10.jpg.1,matt_03.jpg.1,matt_01.jpg.1,omer_05.jpg.1,tess_08.jpg.1,marina_02.jpg,marina_03.jpg,tal_04.jpg.1,dom_06.jpg.1,matt_10.jpg.1,taz_08.jpg.1,taz_01.jpg.1,dom_01.jpg.1,dom_09.jpg.1,matt_09.jpg.1,tamar_08.jpg,tess_10.jpg.1,dom_02.jpg.1,taz_10.jpg.1,marina_07.jpg.1,tamar_04.jpg.1,marina_04.jpg.1,marina_01.jpg.1,marina_06.jpg.1,tamar_09.jpg.1,marina_08.jpg.1,tamar_10.jpg.1,tamar_02.jpg.1,tamar_05.jpg.1,tamar_07.jpg.1,tamar_03.jpg.1,marina_09.jpg.1,tamar_01.jpg.1,marina_10.jpg.1,tamar_06.jpg.1,marina_05.jpg.1,marina_02.jpg.1,marina_03.jpg.1,tamar_08.jpg.1
0,1.9868214999999996e-09,0.009000069,0.015730404666666666,0.014537883,0.010088602666666667,0.012234070000000001,0.010463061,0.010381293333333335,0.009880636,0.014137606333333334,0.007002665533333333,0.008686693666666667,0.010018821666666667,0.005543643133333333,0.017729371333333334,0.011275009333333334,0.022280381666666668,0.010108530666666667,0.017532292666666664,0.004757376666666666,0.013906125166666667,0.011675047666666667,0.004851400833333334,0.008803636,0.006057765166666665,0.016262803333333332,0.013880634499999999,0.008694593333333334,0.009017279,0.010838868333333333,0.008863334,0.014665736666666667,0.0091768762,0.016553894666666666,0.007425155399999999,0.0055666984,0.0060448686,0.012431659333333334,0.013857634666666667,0.01307774,0.008544725000000001,0.011974066333333333,0.008991410333333333,0.022372170000000004,0.012946629500000001,0.013661359133333334,0.009216823333333334,0.011524722999999999,0.011082611333333332,0.011177231666666667,0.014552128333333332,0.023058301333333333,0.0126872635,0.010281197066666668,0.010339635666666668,0.012753778666666667,0.012331686133333334,0.012763653333333331,0.015044677333333334,0.011630362333333333,0.013857634666666667,1.9868214999999996e-09,0.013189945533333332,0.01307774,0.008544725000000001,0.017671312833333334,0.004757376666666666,0.011974066333333333,0.013906125166666667,0.011675047666666667,0.008991410333333333,0.009000069,0.008453529999999999,0.017160292333333334,0.015730404666666666,0.014537883,0.022372170000000004,0.004851400833333334,0.014163404666666667,0.010088602666666667,0.012234070000000001,0.010463061,0.008803636,0.015369949333333334,0.010381293333333335,0.0109132528,0.015858688,0.009880636,0.012946629500000001,0.006057765166666665,0.010890609333333334,0.009609250166666666,0.014137606333333334,0.013661359133333334,0.018643631333333334,0.009216823333333334,0.016262803333333332,0.011524722999999999,0.011082611333333332,0.007002665533333333,0.008686693666666667,0.011177231666666667,0.010873387333333335,0.010589180333333333,0.010018821666666667,0.013880634499999999,0.014228260333333334,0.008694593333333334,0.014552128333333332,0.009017279,0.01060673,0.005543643133333333,0.017729371333333334,0.023058301333333333,0.0126872635,0.011275009333333334,0.010838868333333333,0.022280381666666668,0.008863334,0.014665736666666667,0.010108530666666667,0.010281197066666668,0.011112221333333333,0.013877832666666668,0.017532292666666664,0.0091768762,0.016553894666666666,0.010339635666666668,0.012753778666666667,0.007425155399999999,0.0055666984,0.0060448686,0.010695155466666667,0.012331686133333334,0.012431659333333334,0.012763653333333331,0.015044677333333334,0.011630362333333333,0.013189945533333332,0.017671312833333334,0.008453529999999999,0.017160292333333334,0.014163404666666667,0.015369949333333334,0.0109132528,0.015858688,0.010890609333333334,0.009609250166666666,0.018643631333333334,0.010873387333333335,0.010589180333333333,0.014228260333333334,0.01060673,0.011112221333333333,0.013877832666666668,0.010695155466666667
1,0.009000069,1.9868214999999996e-09,0.018660479666666667,0.012122054833333333,0.010345562,0.013394979666666666,0.010212490999999999,0.011960532,0.008709748666666666,0.010082763333333333,0.012946633666666667,0.008095757133333334,0.009807020666666666,0.007080402,0.017752114833333332,0.008012767666666667,0.022221648666666666,0.015308545,0.017729236666666665,0.008224568666666666,0.0098231195,0.013322865666666666,0.0074725550000000005,0.003690979833333334,0.007870726,0.018892695666666667,0.012647576999999998,0.015888077,0.017904923333333333,0.015385808666666667,0.009368024333333332,0.02318008133333333,0.014760132666666667,0.025291607666666667,0.009391725166666667,0.0070945800000000005,0.007397421166666667,0.011887413333333334,0.008926830666666666,0.010213464333333333,0.004960602533333333,0.008498686666666666,0.007380342333333333,0.022534192,0.008207295333333333,0.012805275000000001,0.0065235695000000005,0.0084857305,0.007839868333333333,0.009649682,0.009202631333333332,0.029995773,0.009894365,0.010360155333333333,0.009965171333333333,0.010912293333333333,0.011861030166666666,0.013554974333333332,0.011491791666666668,0.009456086,0.008926830666666666,0.009000069,0.010754494,0.010213464333333333,0.004960602533333333,0.010719525666666667,0.008224568666666666,0.008498686666666666,0.0098231195,0.013322865666666666,0.007380342333333333,1.9868214999999996e-09,0.010467612666666666,0.015459817666666665,0.018660479666666667,0.012122054833333333,0.022534192,0.0074725550000000005,0.008161640000000001,0.010345562,0.013394979666666666,0.010212490999999999,0.003690979833333334,0.010937752200000001,0.011960532,0.007556893533333333,0.011297458333333333,0.008709748666666666,0.008207295333333333,0.007870726,0.010624079000000002,0.009530907866666667,0.010082763333333333,0.012805275000000001,0.01783274266666667,0.0065235695000000005,0.018892695666666667,0.0084857305,0.007839868333333333,0.012946633666666667,0.008095757133333334,0.009649682,0.011993451666666665,0.006332483,0.009807020666666666,0.012647576999999998,0.011593969666666667,0.015888077,0.009202631333333332,0.017904923333333333,0.007683513466666667,0.007080402,0.017752114833333332,0.029995773,0.009894365,0.008012767666666667,0.015385808666666667,0.022221648666666666,0.009368024333333332,0.02318008133333333,0.015308545,0.010360155333333333,0.012784121666666667,0.012592417,0.017729236666666665,0.014760132666666667,0.025291607666666667,0.009965171333333333,0.010912293333333333,0.009391725166666667,0.0070945800000000005,0.007397421166666667,0.009241847333333334,0.011861030166666666,0.011887413333333334,0.013554974333333332,0.011491791666666668,0.009456086,0.010754494,0.010719525666666667,0.010467612666666666,0.015459817666666665,0.008161640000000001,0.010937752200000001,0.007556893533333333,0.011297458333333333,0.010624079000000002,0.009530907866666667,0.01783274266666667,0.011993451666666665,0.006332483,0.011593969666666667,0.007683513466666667,0.012784121666666667,0.012592417,0.009241847333333334
2,0.015730404666666666,0.018660479666666667,3.973642999999999e-09,0.0150002975,0.012960859,0.012709808099999999,0.0107095421,0.013029555333333333,0.01411498,0.0138841906,0.006919600466666666,0.018489472,0.015112980333333333,0.01478793,0.006777859,0.015508254466666666,0.0058694283333333335,0.015352848666666667,0.005249170533333332,0.010526128666666667,0.017221009666666665,0.008246346333333333,0.019665249,0.016366485666666666,0.011492363666666667,0.024804586333333333,0.0056863426,0.010028797333333334,0.012308736166666667,0.007630421666666666,0.01353066353333333,0.014469315333333333,0.011819708333333335,0.010868442333333334,0.008995519,0.013305076,0.017532060333333335,0.014388648799999999,0.0109112142,0.007242637933333333,0.011546804333333334,0.015228003333333334,0.014100744333333333,0.006794077333333333,0.013105165466666669,0.011033171433333332,0.014983176999999999,0.011162163666666667,0.0098194918,0.012899001333333333,0.013769142,0.025369334333333333,0.014663847333333334,0.012167910866666666,0.01368102,0.014614711233333333,0.008492372333333333,0.006735666666666667,0.015217395766666668,0.016387933333333334,0.0109112142,0.015730404666666666,0.015467955799999999,0.007242637933333333,0.011546804333333334,0.017824445666666668,0.010526128666666667,0.015228003333333334,0.017221009666666665,0.008246346333333333,0.014100744333333333,0.018660479666666667,0.011830771333333334,0.0055335004666666665,3.973642999999999e-09,0.0150002975,0.006794077333333333,0.019665249,0.013591333333333334,0.012960859,0.012709808099999999,0.0107095421,0.016366485666666666,0.015957033666666665,0.013029555333333333,0.016820997133333335,0.015683455800000003,0.01411498,0.013105165466666669,0.011492363666666667,0.0146348892,0.013690745666666667,0.0138841906,0.011033171433333332,0.009459766,0.014983176999999999,0.024804586333333333,0.011162163666666667,0.0098194918,0.006919600466666666,0.018489472,0.012899001333333333,0.007003770333333334,0.011961003333333333,0.015112980333333333,0.0056863426,0.012931629,0.010028797333333334,0.013769142,0.012308736166666667,0.014239061,0.01478793,0.006777859,0.025369334333333333,0.014663847333333334,0.015508254466666666,0.007630421666666666,0.0058694283333333335,0.01353066353333333,0.014469315333333333,0.015352848666666667,0.012167910866666666,0.015260599000000001,0.009855222733333332,0.005249170533333332,0.011819708333333335,0.010868442333333334,0.01368102,0.014614711233333333,0.008995519,0.013305076,0.017532060333333335,0.015768512,0.008492372333333333,0.014388648799999999,0.006735666666666667,0.015217395766666668,0.016387933333333334,0.015467955799999999,0.017824445666666668,0.011830771333333334,0.0055335004666666665,0.013591333333333334,0.015957033666666665,0.016820997133333335,0.015683455800000003,0.0146348892,0.013690745666666667,0.009459766,0.007003770333333334,0.011961003333333333,0.012931629,0.014239061,0.015260599000000001,0.009855222733333332,0.015768512
3,0.014537883,0.012122054833333333,0.0150002975,0.0,0.0030508061333333336,0.004139437233333334,0.004106873166666666,0.007518397,0.006341185166666667,0.003164198,0.014242500333333333,0.005666657433333333,0.018468934666666666,0.010142993999999999,0.020397512333333333,0.0034030039,0.020037656600000002,0.016708292333333333,0.0180488625,0.013570942666666667,0.0031586646999999996,0.013739307666666667,0.017652708333333333,0.010438102666666668,0.010196439333333333,0.030195998999999998,0.0078917742,0.020736559333333335,0.022126533666666667,0.009807940166666666,0.006361478666666667,0.02619005433333333,0.013726911999999999,0.02871791,0.010446776999999999,0.007936473666666666,0.0095544141,0.0018591523,0.004718118899999999,0.007429961333333335,0.009090753333333333,0.0037463784333333335,0.0038216154666666667,0.022489597266666668,0.0038524050999999998,0.0026017448333333338,0.005714047,0.004688406000000001,0.011334526466666666,0.004272769,0.004420914333333333,0.04164815933333334,0.0026431739333333333,0.004127816233333333,0.003278686666666667,0.0016873002333333334,0.004270168033333333,0.014162204533333334,0.0021718224,0.0034858226666666667,0.004718118899999999,0.014537883,0.0010661979333333332,0.007429961333333335,0.009090753333333333,0.005787436199999999,0.013570942666666667,0.0037463784333333335,0.0031586646999999996,0.013739307666666667,0.0038216154666666667,0.012122054833333333,0.01639645333333333,0.0145349799,0.0150002975,0.0,0.022489597266666668,0.017652708333333333,0.005081919866666667,0.0030508061333333336,0.004139437233333334,0.004106873166666666,0.010438102666666668,0.0018684943333333334,0.007518397,0.003944516233333333,0.0022747715000000003,0.006341185166666667,0.0038524050999999998,0.010196439333333333,0.0019304891333333334,0.0028603930999999997,0.003164198,0.0026017448333333338,0.018704585,0.005714047,0.030195998999999998,0.004688406000000001,0.011334526466666666,0.014242500333333333,0.005666657433333333,0.004272769,0.006160038566666666,0.009094731333333335,0.018468934666666666,0.0078917742,0.0037457585,0.020736559333333335,0.004420914333333333,0.022126533666666667,0.0037474830999999994,0.010142993999999999,0.020397512333333333,0.04164815933333334,0.0026431739333333333,0.0034030039,0.009807940166666666,0.020037656600000002,0.006361478666666667,0.02619005433333333,0.016708292333333333,0.004127816233333333,0.022964582666666667,0.0031179865000000003,0.0180488625,0.013726911999999999,0.02871791,0.003278686666666667,0.0016873002333333334,0.010446776999999999,0.007936473666666666,0.0095544141,0.0030764659333333334,0.004270168033333333,0.0018591523,0.014162204533333334,0.0021718224,0.0034858226666666667,0.0010661979333333332,0.005787436199999999,0.01639645333333333,0.0145349799,0.005081919866666667,0.0018684943333333334,0.003944516233333333,0.0022747715000000003,0.0019304891333333334,0.0028603930999999997,0.018704585,0.006160038566666666,0.009094731333333335,0.0037457585,0.0037474830999999994,0.022964582666666667,0.0031179865000000003,0.0030764659333333334
4,0.010088602666666667,0.010345562,0.012960859,0.0030508061333333336,3.973642999999999e-09,0.005028116599999999,0.003710885833333334,0.008705623999999999,0.0029764572666666667,0.0050663769999999995,0.010831755533333333,0.004369825133333334,0.017636138333333332,0.005321963566666667,0.01567901,0.002585172666666667,0.017314338833333335,0.01625752266666667,0.013635440766666668,0.008938207333333333,0.0026323636666666667,0.011038787999999999,0.013862395000000001,0.007569809666666667,0.008781309999999999,0.029407668333333335,0.007145947166666667,0.01609170433333333,0.01800741733333333,0.009358551,0.0024944941,0.024090840333333332,0.012769397,0.025333279333333337,0.006307168766666666,0.0041419049,0.006211105999999999,0.0032101909333333337,0.004467094033333333,0.007094860233333333,0.0068793731999999995,0.002479092266666667,0.0032561401,0.018586210433333337,0.0036590676666666665,0.0031392157333333336,0.003178900466666667,0.003071648,0.010249316533333332,0.0020251035666666666,0.004936909666666667,0.039424157999999994,0.002289243533333333,0.0012816409,0.0013230344,0.0016190886666666668,0.0058674,0.010081295333333334,0.004679753333333333,0.0016541441333333333,0.004467094033333333,0.010088602666666667,0.0029076457333333332,0.007094860233333333,0.0068793731999999995,0.007265125,0.008938207333333333,0.002479092266666667,0.0026323636666666667,0.011038787999999999,0.0032561401,0.010345562,0.015405617333333335,0.012139866766666667,0.012960859,0.0030508061333333336,0.018586210433333337,0.013862395000000001,0.004887688166666667,3.973642999999999e-09,0.005028116599999999,0.003710885833333334,0.007569809666666667,0.0039477706,0.008705623999999999,0.0037796815333333337,0.00428076,0.0029764572666666667,0.0036590676666666665,0.008781309999999999,0.0021999120666666666,0.0026195029,0.0050663769999999995,0.0031392157333333336,0.018950032999999998,0.003178900466666667,0.029407668333333335,0.003071648,0.010249316533333332,0.010831755533333333,0.004369825133333334,0.0020251035666666666,0.005726762666666666,0.007376047,0.017636138333333332,0.007145947166666667,0.005250658533333333,0.01609170433333333,0.004936909666666667,0.01800741733333333,0.0043635388666666665,0.005321963566666667,0.01567901,0.039424157999999994,0.002289243533333333,0.002585172666666667,0.009358551,0.017314338833333335,0.0024944941,0.024090840333333332,0.01625752266666667,0.0012816409,0.021703219333333332,0.0036483784666666665,0.013635440766666668,0.012769397,0.025333279333333337,0.0013230344,0.0016190886666666668,0.006307168766666666,0.0041419049,0.006211105999999999,0.0022339742,0.0058674,0.0032101909333333337,0.010081295333333334,0.004679753333333333,0.0016541441333333333,0.0029076457333333332,0.007265125,0.015405617333333335,0.012139866766666667,0.004887688166666667,0.0039477706,0.0037796815333333337,0.00428076,0.0021999120666666666,0.0026195029,0.018950032999999998,0.005726762666666666,0.007376047,0.005250658533333333,0.0043635388666666665,0.021703219333333332,0.0036483784666666665,0.0022339742
5,0.012234070000000001,0.013394979666666666,0.012709808099999999,0.004139437233333334,0.005028116599999999,0.0,0.004202391666666667,0.0042284528,0.007421491666666667,0.006053119866666666,0.009841620666666667,0.007567969666666666,0.014456365666666667,0.010654632333333332,0.019072274333333337,0.0060583234,0.019710639666666665,0.011329946833333333,0.017391667666666666,0.012274188,0.007473913666666667,0.010479172,0.015896159333333333,0.011889984333333332,0.008690693000000001,0.024928613666666665,0.007849904,0.01630329466666667,0.016419222,0.004388157566666667,0.006839436333333334,0.018468095666666667,0.008716988333333335,0.022704082666666667,0.010351820666666667,0.0083312312,0.0093227048,0.0032106101666666666,0.008063612533333334,0.008623147,0.010097485666666666,0.0070485055,0.006027052666666667,0.02167445233333333,0.007515585533333333,0.004012270733333333,0.008134087,0.007216894533333334,0.011295422,0.006856278666666666,0.007083497533333333,0.03448883166666666,0.006327476166666667,0.006148465566666666,0.006306541000000001,0.005237100466666667,0.004409990666666667,0.013772455999999999,0.0057216168,0.007351436333333333,0.008063612533333334,0.012234070000000001,0.004894322133333334,0.008623147,0.010097485666666666,0.00885187,0.012274188,0.0070485055,0.007473913666666667,0.010479172,0.006027052666666667,0.013394979666666666,0.012207581333333332,0.015200758133333332,0.012709808099999999,0.004139437233333334,0.02167445233333333,0.015896159333333333,0.008206484866666667,0.005028116599999999,0.0,0.004202391666666667,0.011889984333333332,0.004871028666666667,0.0042284528,0.006835573833333333,0.005254439333333333,0.007421491666666667,0.007515585533333333,0.008690693000000001,0.004604409,0.0053620159,0.006053119866666666,0.004012270733333333,0.014065625333333333,0.008134087,0.024928613666666665,0.007216894533333334,0.011295422,0.009841620666666667,0.007567969666666666,0.006856278666666666,0.005995939333333334,0.010399449000000002,0.014456365666666667,0.007849904,0.004867378866666667,0.01630329466666667,0.007083497533333333,0.016419222,0.005536530499999999,0.010654632333333332,0.019072274333333337,0.03448883166666666,0.006327476166666667,0.0060583234,0.004388157566666667,0.019710639666666665,0.006839436333333334,0.018468095666666667,0.011329946833333333,0.006148465566666666,0.018503715666666663,0.0045975366666666665,0.017391667666666666,0.008716988333333335,0.022704082666666667,0.006306541000000001,0.005237100466666667,0.010351820666666667,0.0083312312,0.0093227048,0.006189382066666666,0.004409990666666667,0.0032106101666666666,0.013772455999999999,0.0057216168,0.007351436333333333,0.004894322133333334,0.00885187,0.012207581333333332,0.015200758133333332,0.008206484866666667,0.004871028666666667,0.006835573833333333,0.005254439333333333,0.004604409,0.0053620159,0.014065625333333333,0.005995939333333334,0.010399449000000002,0.004867378866666667,0.005536530499999999,0.018503715666666663,0.0045975366666666665,0.006189382066666666
6,0.010463061,0.010212490999999999,0.0107095421,0.004106873166666666,0.003710885833333334,0.004202391666666667,0.0,0.006802775333333333,0.005921052,0.004293127833333333,0.008234489000000001,0.005894144466666667,0.012685811333333333,0.0071087956666666665,0.013020235333333333,0.003892707766666667,0.015672942,0.012458753666666666,0.012150510333333335,0.007892747666666667,0.005721767833333334,0.006711828666666667,0.014020918,0.008304626,0.005726369333333333,0.025140416666666665,0.005622420666666667,0.013393118,0.014418393333333335,0.005956467000000001,0.004216547833333333,0.01893685466666667,0.008740651533333333,0.021469056666666667,0.0057824293333333335,0.0053968191,0.006671192133333333,0.0029491961000000003,0.005432760666666666,0.0046583513666666665,0.005592086,0.004135970233333333,0.0033876578,0.017278446666666666,0.0042646486666666665,0.003919460366666666,0.0046330849999999995,0.0046485246666666665,0.006780461566666666,0.0038736204333333336,0.0044030944999999995,0.034288991666666664,0.004593626666666667,0.004387728366666666,0.004194057,0.004123193066666667,0.0042460460999999994,0.008780558666666667,0.005055944000000001,0.005328100866666667,0.005432760666666666,0.010463061,0.003576952233333333,0.0046583513666666665,0.005592086,0.007102578666666667,0.007892747666666667,0.004135970233333333,0.005721767833333334,0.006711828666666667,0.0033876578,0.010212490999999999,0.010184979333333333,0.010886712666666668,0.0107095421,0.004106873166666666,0.017278446666666666,0.014020918,0.005105765666666666,0.003710885833333334,0.004202391666666667,0.0,0.008304626,0.004610256266666666,0.006802775333333333,0.0048481087,0.004216309399999999,0.005921052,0.0042646486666666665,0.005726369333333333,0.0033807655333333336,0.0031635900000000004,0.004293127833333333,0.003919460366666666,0.014223216,0.0046330849999999995,0.025140416666666665,0.0046485246666666665,0.006780461566666666,0.008234489000000001,0.005894144466666667,0.0038736204333333336,0.0028187096000000006,0.006011176133333333,0.012685811333333333,0.005622420666666667,0.005067670333333333,0.013393118,0.0044030944999999995,0.014418393333333335,0.003425081666666667,0.0071087956666666665,0.013020235333333333,0.034288991666666664,0.004593626666666667,0.003892707766666667,0.005956467000000001,0.015672942,0.004216547833333333,0.01893685466666667,0.012458753666666666,0.004387728366666666,0.01628990166666667,0.003964648633333334,0.012150510333333335,0.008740651533333333,0.021469056666666667,0.004194057,0.004123193066666667,0.0057824293333333335,0.0053968191,0.006671192133333333,0.0042877832333333326,0.0042460460999999994,0.0029491961000000003,0.008780558666666667,0.005055944000000001,0.005328100866666667,0.003576952233333333,0.007102578666666667,0.010184979333333333,0.010886712666666668,0.005105765666666666,0.004610256266666666,0.0048481087,0.004216309399999999,0.0033807655333333336,0.0031635900000000004,0.014223216,0.0028187096000000006,0.006011176133333333,0.005067670333333333,0.003425081666666667,0.01628990166666667,0.003964648633333334,0.0042877832333333326
7,0.010381293333333335,0.011960532,0.013029555333333333,0.007518397,0.008705623999999999,0.0042284528,0.006802775333333333,0.0,0.011000969,0.007789130833333334,0.008554442800000001,0.008896471999999999,0.0097933968,0.012106836000000001,0.020477694666666667,0.008085294666666666,0.020695736,0.005412801,0.01795550833333333,0.011588372666666668,0.011603905800000001,0.011472972333333333,0.012367566533333334,0.012844352,0.0060167908,0.017135936,0.009401577666666666,0.013015800666666666,0.012431538,0.005203205266666666,0.009738328,0.012552259333333335,0.0072343348666666675,0.018561025,0.012136852833333333,0.010765532666666666,0.009030087866666666,0.005939819466666666,0.008890289133333333,0.00892121,0.009483259999999999,0.010601077333333335,0.007402666533333334,0.022091645333333333,0.009169151333333332,0.008324692666666666,0.010652575666666667,0.008723517166666667,0.010422251533333333,0.010165548333333333,0.010105238233333334,0.026494179333333333,0.009928824333333332,0.009943944333333335,0.009908592833333334,0.009133652666666667,0.004888916000000001,0.013277574333333332,0.009040035666666666,0.010796612333333334,0.008890289133333333,0.010381293333333335,0.008122817666666667,0.00892121,0.009483259999999999,0.013173480666666666,0.011588372666666668,0.010601077333333335,0.011603905800000001,0.011472972333333333,0.007402666533333334,0.011960532,0.008366519166666666,0.014916064333333335,0.013029555333333333,0.007518397,0.022091645333333333,0.012367566533333334,0.010550971666666667,0.008705623999999999,0.0042284528,0.006802775333333333,0.012844352,0.008674142866666668,0.0,0.009564344,0.009377290666666668,0.011000969,0.009169151333333332,0.0060167908,0.008168026,0.007851684333333333,0.007789130833333334,0.008324692666666666,0.012855196000000001,0.010652575666666667,0.017135936,0.008723517166666667,0.010422251533333333,0.008554442800000001,0.008896471999999999,0.010165548333333333,0.007366107,0.011803068666666666,0.0097933968,0.009401577666666666,0.0079682746,0.013015800666666666,0.010105238233333334,0.012431538,0.007735898133333334,0.012106836000000001,0.020477694666666667,0.026494179333333333,0.009928824333333332,0.008085294666666666,0.005203205266666666,0.020695736,0.009738328,0.012552259333333335,0.005412801,0.009943944333333335,0.012798939,0.008130281999999999,0.01795550833333333,0.0072343348666666675,0.018561025,0.009908592833333334,0.009133652666666667,0.012136852833333333,0.010765532666666666,0.009030087866666666,0.009688206333333334,0.004888916000000001,0.005939819466666666,0.013277574333333332,0.009040035666666666,0.010796612333333334,0.008122817666666667,0.013173480666666666,0.008366519166666666,0.014916064333333335,0.010550971666666667,0.008674142866666668,0.009564344,0.009377290666666668,0.008168026,0.007851684333333333,0.012855196000000001,0.007366107,0.011803068666666666,0.0079682746,0.007735898133333334,0.012798939,0.008130281999999999,0.009688206333333334
8,0.009880636,0.008709748666666666,0.01411498,0.006341185166666667,0.0029764572666666667,0.007421491666666667,0.005921052,0.011000969,3.973642999999999e-09,0.0069432278333333335,0.011435874333333334,0.0057552218,0.016685406333333333,0.0044931054,0.014660722066666666,0.0039484978,0.016893951,0.017452901666666666,0.013768183799999998,0.008603618666666667,0.003590826233333333,0.011327721666666667,0.013057255666666667,0.006086391333333333,0.009606810666666665,0.028488111333333333,0.007857779666666667,0.016120408,0.018897433999999998,0.011258600166666667,0.0034688711333333336,0.02520391166666667,0.014224601,0.02620357666666667,0.006192755666666666,0.0032700736666666664,0.007207016100000001,0.006493230500000001,0.005618969533333333,0.008312120000000001,0.0069470903333333335,0.003127785566666667,0.004760418333333334,0.018966154733333334,0.004513676966666667,0.005066517866666666,0.003466214766666667,0.004168234266666667,0.009872982800000001,0.0029725730666666666,0.0054528992,0.038337619999999996,0.0034137169333333327,0.0022254785,0.0028682113,0.003762926666666667,0.008002618999999999,0.010495533466666667,0.006624350833333333,0.003047887466666667,0.005618969533333333,0.009880636,0.005663305433333333,0.008312120000000001,0.0069470903333333335,0.006942921666666667,0.008603618666666667,0.003127785566666667,0.003590826233333333,0.011327721666666667,0.004760418333333334,0.008709748666666666,0.015311775666666666,0.012933067466666668,0.01411498,0.006341185166666667,0.018966154733333334,0.013057255666666667,0.0047073285,0.0029764572666666667,0.007421491666666667,0.005921052,0.006086391333333333,0.0055186666666666665,0.011000969,0.0037007887666666663,0.005767699166666667,3.973642999999999e-09,0.004513676966666667,0.009606810666666665,0.004588246466666667,0.0045543492,0.0069432278333333335,0.005066517866666666,0.018678411,0.003466214766666667,0.028488111333333333,0.004168234266666667,0.009872982800000001,0.011435874333333334,0.0057552218,0.0029725730666666666,0.007760957799999999,0.006677816333333333,0.016685406333333333,0.007857779666666667,0.006219103,0.016120408,0.0054528992,0.018897433999999998,0.005462898666666668,0.0044931054,0.014660722066666666,0.038337619999999996,0.0034137169333333327,0.0039484978,0.011258600166666667,0.016893951,0.0034688711333333336,0.02520391166666667,0.017452901666666666,0.0022254785,0.021098415333333335,0.0053110441000000005,0.013768183799999998,0.014224601,0.02620357666666667,0.0028682113,0.003762926666666667,0.006192755666666666,0.0032700736666666664,0.007207016100000001,0.0031965812,0.008002618999999999,0.006493230500000001,0.010495533466666667,0.006624350833333333,0.003047887466666667,0.005663305433333333,0.006942921666666667,0.015311775666666666,0.012933067466666668,0.0047073285,0.0055186666666666665,0.0037007887666666663,0.005767699166666667,0.004588246466666667,0.0045543492,0.018678411,0.007760957799999999,0.006677816333333333,0.006219103,0.005462898666666668,0.021098415333333335,0.0053110441000000005,0.0031965812
9,0.014137606333333334,0.010082763333333333,0.0138841906,0.003164198,0.0050663769999999995,0.006053119866666666,0.004293127833333333,0.007789130833333334,0.0069432278333333335,1.9868214999999996e-09,0.012968762666666666,0.006268988133333334,0.015200299,0.009686919,0.0180139602,0.0036780993333333334,0.017732725466666665,0.015959048333333333,0.01593649583333333,0.012204730333333334,0.004483077866666667,0.013210346333333334,0.01655881786666667,0.009084041999999999,0.007979373333333335,0.027192137666666668,0.007500658533333333,0.019373333333333336,0.021088685333333333,0.009647995,0.006784629666666667,0.025168094666666665,0.011948673,0.027530035666666664,0.009686841666666666,0.007873356333333333,0.009405511666666666,0.003815803866666667,0.0038015027666666664,0.0046738526,0.006625539000000001,0.004269476666666666,0.0032265663333333333,0.019900523666666666,0.0026570518666666665,0.005173410966666667,0.0059106728,0.004375314733333333,0.007046697333333333,0.005038504,0.003227597466666667,0.03866792833333334,0.004059529333333334,0.005634554333333333,0.004713662466666667,0.003815412566666667,0.004317064999999999,0.011598545333333331,0.0019284347666666667,0.004820106433333333,0.0038015027666666664,0.014137606333333334,0.0029018660333333334,0.0046738526,0.006625539000000001,0.0048070271,0.012204730333333334,0.004269476666666666,0.004483077866666667,0.013210346333333334,0.0032265663333333333,0.010082763333333333,0.013285259333333332,0.012021205433333333,0.0138841906,0.003164198,0.019900523666666666,0.01655881786666667,0.0037554602333333335,0.0050663769999999995,0.006053119866666666,0.004293127833333333,0.009084041999999999,0.0024207194666666667,0.007789130833333334,0.004201003,0.0024334768,0.0069432278333333335,0.0026570518666666665,0.007979373333333335,0.003593232233333333,0.004117576166666667,1.9868214999999996e-09,0.005173410966666667,0.015485396,0.0059106728,0.027192137666666668,0.004375314733333333,0.007046697333333333,0.012968762666666666,0.006268988133333334,0.005038504,0.005708322866666667,0.0065680861666666665,0.015200299,0.007500658533333333,0.0039582232666666665,0.019373333333333336,0.003227597466666667,0.021088685333333333,0.0030102610666666667,0.009686919,0.0180139602,0.03866792833333334,0.004059529333333334,0.0036780993333333334,0.009647995,0.017732725466666665,0.006784629666666667,0.025168094666666665,0.015959048333333333,0.005634554333333333,0.019157737999999997,0.0057765444999999995,0.01593649583333333,0.011948673,0.027530035666666664,0.004713662466666667,0.003815412566666667,0.009686841666666666,0.007873356333333333,0.009405511666666666,0.0042560995,0.004317064999999999,0.003815803866666667,0.011598545333333331,0.0019284347666666667,0.004820106433333333,0.0029018660333333334,0.0048070271,0.013285259333333332,0.012021205433333333,0.0037554602333333335,0.0024207194666666667,0.004201003,0.0024334768,0.003593232233333333,0.004117576166666667,0.015485396,0.005708322866666667,0.0065680861666666665,0.0039582232666666665,0.0030102610666666667,0.019157737999999997,0.0057765444999999995,0.0042560995
10,0.007002665533333333,0.012946633666666667,0.006919600466666666,0.014242500333333333,0.010831755533333333,0.009841620666666667,0.008234489000000001,0.008554442800000001,0.011435874333333334,0.012968762666666666,1.9868214999999996e-09,0.012087510200000002,0.009000271666666667,0.010232915333333334,0.009362713666666666,0.011836427333333333,0.011395315333333333,0.009765567333333334,0.008580658666666666,0.0048958659,0.016038922333333334,0.007337184666666666,0.011959457333333333,0.01234228,0.0045283674,0.017933774,0.0072886008666666665,0.006203762666666667,0.006782233666666667,0.006134547666666667,0.010121548333333334,0.010429197533333332,0.007000352933333333,0.008830688333333333,0.005715670000000001,0.008501331,0.010619282666666667,0.012188827666666664,0.010989352333333334,0.007182856333333334,0.007735840666666668,0.013016261666666666,0.009904740333333334,0.011553513999999999,0.011761303666666667,0.011001477666666667,0.011259702666666668,0.009779918,0.007254779333333333,0.011308199,0.012677280000000003,0.020963938666666668,0.013419705666666667,0.010776512,0.011571171,0.013038539999999998,0.008388362333333333,0.006497667333333333,0.014561994666666666,0.014256177333333333,0.010989352333333334,0.007002665533333333,0.013726977666666668,0.007182856333333334,0.007735840666666668,0.017067040999999998,0.0048958659,0.013016261666666666,0.016038922333333334,0.007337184666666666,0.009904740333333334,0.012946633666666667,0.005929253333333333,0.0084854165,0.006919600466666666,0.014242500333333333,0.011553513999999999,0.011959457333333333,0.012554174666666666,0.010831755533333333,0.009841620666666667,0.008234489000000001,0.01234228,0.014817752666666665,0.008554442800000001,0.012623814666666669,0.014985467999999998,0.011435874333333334,0.011761303666666667,0.0045283674,0.01170701566666667,0.010178502499999999,0.012968762666666666,0.011001477666666667,0.011113476666666667,0.011259702666666668,0.017933774,0.009779918,0.007254779333333333,1.9868214999999996e-09,0.012087510200000002,0.011308199,0.005811657666666667,0.009440573,0.009000271666666667,0.0072886008666666665,0.012032180666666666,0.006203762666666667,0.012677280000000003,0.006782233666666667,0.010565616666666666,0.010232915333333334,0.009362713666666666,0.020963938666666668,0.013419705666666667,0.011836427333333333,0.006134547666666667,0.011395315333333333,0.010121548333333334,0.010429197533333332,0.009765567333333334,0.010776512,0.009568945333333334,0.011087401666666667,0.008580658666666666,0.007000352933333333,0.008830688333333333,0.011571171,0.013038539999999998,0.005715670000000001,0.008501331,0.010619282666666667,0.012271066333333334,0.008388362333333333,0.012188827666666664,0.006497667333333333,0.014561994666666666,0.014256177333333333,0.013726977666666668,0.017067040999999998,0.005929253333333333,0.0084854165,0.012554174666666666,0.014817752666666665,0.012623814666666669,0.014985467999999998,0.01170701566666667,0.010178502499999999,0.011113476666666667,0.005811657666666667,0.009440573,0.012032180666666666,0.010565616666666666,0.009568945333333334,0.011087401666666667,0.012271066333333334
11,0.008686693666666667,0.008095757133333334,0.018489472,0.005666657433333333,0.004369825133333334,0.007567969666666666,0.005894144466666667,0.008896471999999999,0.0057552218,0.006268988133333334,0.012087510200000002,0.0,0.015779628333333334,0.0061780889999999995,0.02099032966666666,0.0031271716,0.02344645633333333,0.015414544,0.01954843,0.009558125333333334,0.0047769448,0.014076713666666666,0.011359749,0.0073942899999999995,0.008192769666666667,0.026805865666666664,0.011536141333333333,0.017436750666666667,0.018824249666666668,0.012646277666666669,0.005154273666666666,0.02507951666666667,0.013517832666666667,0.027198644666666667,0.009102891,0.005622526,0.0050889352,0.0051754157333333325,0.0080103775,0.009803450333333333,0.0072741866666666665,0.0045222441666666665,0.0036504487333333334,0.02457035266666667,0.005775324533333333,0.007197829166666668,0.0045813779,0.0061482946000000005,0.010590882999999999,0.005511154666666668,0.006605768333333333,0.03814597666666667,0.004805634333333334,0.0055541873333333335,0.0045142272,0.004613491,0.009009913666666666,0.013711096833333332,0.005916516133333332,0.0039681355,0.0080103775,0.008686693666666667,0.0047127922,0.009803450333333333,0.0072741866666666665,0.008759657666666667,0.009558125333333334,0.0045222441666666665,0.0047769448,0.014076713666666666,0.0036504487333333334,0.008095757133333334,0.013961640999999999,0.017077062466666668,0.018489472,0.005666657433333333,0.02457035266666667,0.011359749,0.006748523199999999,0.004369825133333334,0.007567969666666666,0.005894144466666667,0.0073942899999999995,0.005603569666666667,0.008896471999999999,0.0041764319,0.0061094801,0.0057552218,0.005775324533333333,0.008192769666666667,0.003923000766666667,0.004004800333333333,0.006268988133333334,0.007197829166666668,0.021409029,0.0045813779,0.026805865666666664,0.0061482946000000005,0.010590882999999999,0.012087510200000002,0.0,0.005511154666666668,0.0092678268,0.008007107333333334,0.015779628333333334,0.011536141333333333,0.006647871,0.017436750666666667,0.006605768333333333,0.018824249666666668,0.004743709233333334,0.0061780889999999995,0.02099032966666666,0.03814597666666667,0.004805634333333334,0.0031271716,0.012646277666666669,0.02344645633333333,0.005154273666666666,0.02507951666666667,0.015414544,0.0055541873333333335,0.019907675333333333,0.008550417466666667,0.01954843,0.013517832666666667,0.027198644666666667,0.0045142272,0.004613491,0.009102891,0.005622526,0.0050889352,0.0039658228,0.009009913666666666,0.0051754157333333325,0.013711096833333332,0.005916516133333332,0.0039681355,0.0047127922,0.008759657666666667,0.013961640999999999,0.017077062466666668,0.006748523199999999,0.005603569666666667,0.0041764319,0.0061094801,0.003923000766666667,0.004004800333333333,0.021409029,0.0092678268,0.008007107333333334,0.006647871,0.004743709233333334,0.019907675333333333,0.008550417466666667,0.0039658228
