,omer_02.jpg,tal_05.jpg,omer_07.jpg,tal_06.jpg,omer_06.jpg,omer_08.jpg,tal_01.jpg,omer_03.jpg,tal_07.jpg,tal_03.jpg,omer_04.jpg,omer_10.jpg,tal_09.jpg,tal_02.jpg,tal_08.jpg,omer_09.jpg,tal_10.jpg,omer_05.jpg,tal_04.jpg,matt_04.jpg,dom_10.jpg,dom_05.jpg,matt_08.jpg,dom_04.jpg,matt_02.jpg,matt_07.jpg,matt_06.jpg,matt_05.jpg,dom_07.jpg,dom_03.jpg,matt_03.jpg,matt_01.jpg,dom_06.jpg,matt_10.jpg,dom_01.jpg,dom_09.jpg,matt_09.jpg,dom_02.jpg,tess_03.jpg,taz_06.jpg,taz_04.jpg,taz_03.jpg,tess_01.jpg,tess_07.jpg,tess_05.jpg,taz_05.jpg,tess_02.jpg,tess_09.jpg,tess_06.jpg,taz_07.jpg,taz_02.jpg,tess_04.jpg,taz_09.jpg,tess_08.jpg,taz_08.jpg,taz_01.jpg,tess_10.jpg,taz_10.jpg,marina_07.jpg,tamar_04.jpg,tess_03.jpg.1,omer_02.jpg.1,marina_04.jpg,taz_06.jpg.1,taz_04.jpg.1,marina_01.jpg,matt_04.jpg.1,taz_03.jpg.1,dom_10.jpg.1,dom_05.jpg.1,tess_01.jpg.1,tal_05.jpg.1,marina_06.jpg,tamar_09.jpg,omer_07.jpg.1,tal_06.jpg.1,tess_07.jpg.1,matt_08.jpg.1,marina_08.jpg,omer_06.jpg.1,omer_08.jpg.1,tal_01.jpg.1,dom_04.jpg.1,tamar_10.jpg,omer_03.jpg.1,tamar_02.jpg,tamar_05.jpg,tal_07.jpg.1,tess_05.jpg.1,matt_02.jpg.1,tamar_07.jpg,tamar_03.jpg,tal_03.jpg.1,taz_05.jpg.1,marina_09.jpg,tess_02.jpg.1,matt_07.jpg.1,tess_09.jpg.1,tess_06.jpg.1,omer_04.jpg.1,omer_10.jpg.1,taz_07.jpg.1,tamar_01.jpg,marina_10.jpg,tal_09.jpg.1,matt_06.jpg.1,tamar_06.jpg,matt_05.jpg.1,taz_02.jpg.1,dom_07.jpg.1,marina_05.jpg,tal_02.jpg.1,tal_08.jpg.1,tess_04.jpg.1,taz_09.jpg.1,omer_09.jpg.1,dom_03.jpg.1,tal_10.jpg.1,matt_03.jpg.1,matt_01.jpg.1,omer_05.jpg.1,tess_08.jpg.1,marina_02.jpg,marina_03.jpg,tal_04.jpg.1,dom_06.jpg.1,matt_10.jpg.1,taz_08.jpg.1,taz_01.jpg.1,dom_01.jpg.1,dom_09.jpg.1,matt_09.jpg.1,tamar_08.jpg,tess_10.jpg.1,dom_02.jpg.1,taz_10.jpg.1,marina_07.jpg.1,tamar_04.jpg.1,marina_04.jpg.1,marina_01.jpg.1,marina_06.jpg.1,tamar_09.jpg.1,marina_08.jpg.1,tamar_10.jpg.1,tamar_02.jpg.1,tamar_05.jpg.1,tamar_07.jpg.1,tamar_03.jpg.1,marina_09.jpg.1,tamar_01.jpg.1,marina_10.jpg.1,tamar_06.jpg.1,marina_05.jpg.1,marina_02.jpg.1,marina_03.jpg.1,tamar_08.jpg.1
0,1.9868214999999996e-09,0.022838578333333335,0.034991690000000006,0.028179212333333332,0.0037309845,0.005769747666666667,0.011648003333333334,0.0042617818666666665,0.0144189278,0.017478118333333334,0.003270232766666667,0.03356744133333334,0.02006049366666667,0.0042975605,0.006478897566666667,0.0027694026666666666,0.03256784066666667,0.004413612666666666,0.0067867138333333335,0.0057779411,0.0066396196666666666,0.003763689666666667,0.005012148733333333,0.007155251433333332,0.0031584619333333334,0.012862310766666664,0.0031429747999999996,0.0033429980666666668,0.0037328562333333337,0.004316973666666666,0.004172696766666667,0.0054528615666666665,0.0024113277666666664,0.002150485933333333,0.0012682338666666667,0.0035182913,0.0033351302,0.006232474133333334,0.018250641999999997,0.007174827533333333,0.0020499706333333336,0.0073703430000000006,0.013156922333333336,0.003529320166666667,0.022849341333333332,0.0040526508999999995,0.014966178,0.0121713062,0.011101105,0.005476886033333334,0.006340867166666667,0.0047935406333333335,0.011918320166666666,0.005228592866666667,0.012115139333333334,0.015479246666666665,0.0038107772333333336,0.0030956864333333335,0.023826998333333335,0.0049128215,0.018250641999999997,1.9868214999999996e-09,0.008761205166666668,0.007174827533333333,0.0020499706333333336,0.018432965000000003,0.0057779411,0.0073703430000000006,0.0066396196666666666,0.003763689666666667,0.013156922333333336,0.022838578333333335,0.004258086333333333,0.0017436127,0.034991690000000006,0.028179212333333332,0.003529320166666667,0.005012148733333333,0.015360490833333332,0.0037309845,0.005769747666666667,0.011648003333333334,0.007155251433333332,0.0030714611333333337,0.0042617818666666665,0.009110047333333334,0.010272783,0.0144189278,0.022849341333333332,0.0031584619333333334,0.006920292,0.028427956666666664,0.017478118333333334,0.0040526508999999995,0.016702117333333332,0.014966178,0.012862310766666664,0.0121713062,0.011101105,0.003270232766666667,0.03356744133333334,0.005476886033333334,0.008376731466666667,0.02449596283333333,0.02006049366666667,0.0031429747999999996,0.016573935666666668,0.0033429980666666668,0.006340867166666667,0.0037328562333333337,0.02857464066666666,0.0042975605,0.006478897566666667,0.0047935406333333335,0.011918320166666666,0.0027694026666666666,0.004316973666666666,0.03256784066666667,0.004172696766666667,0.0054528615666666665,0.004413612666666666,0.005228592866666667,0.008992924266666667,0.0184555708,0.0067867138333333335,0.0024113277666666664,0.002150485933333333,0.012115139333333334,0.015479246666666665,0.0012682338666666667,0.0035182913,0.0033351302,0.013085425,0.0038107772333333336,0.006232474133333334,0.0030956864333333335,0.023826998333333335,0.0049128215,0.008761205166666668,0.018432965000000003,0.004258086333333333,0.0017436127,0.015360490833333332,0.0030714611333333337,0.009110047333333334,0.010272783,0.006920292,0.028427956666666664,0.016702117333333332,0.008376731466666667,0.02449596283333333,0.016573935666666668,0.02857464066666666,0.008992924266666667,0.0184555708,0.013085425
1,0.022838578333333335,3.973642999999999e-09,0.02942191766666667,0.015576489999999998,0.022965522500000002,0.019773739666666665,0.01865219066666667,0.02301333886666667,0.029513231666666664,0.0055422683333333335,0.024874453333333334,0.012304760999999999,0.010174359666666665,0.0230324288,0.021922336666666667,0.0227080762,0.03145571766666667,0.024274697,0.019116715333333333,0.023602895199999998,0.024342293333333334,0.025723425866666663,0.016208547333333333,0.012114926666666666,0.0256675138,0.008448048533333334,0.02077886933333333,0.024762296833333333,0.025172301,0.018533845833333333,0.026076777199999998,0.022006919533333336,0.026662570333333337,0.026427320333333334,0.021216042,0.023102984666666666,0.0258795342,0.019408199,0.030674158333333333,0.016388803666666667,0.022291438333333337,0.015291210000000001,0.021468909666666664,0.022114207333333333,0.017764509,0.025065785466666667,0.02806509133333333,0.027853765666666662,0.019597361333333334,0.021372141533333333,0.013306508333333333,0.02248612333333333,0.022322052666666668,0.023385026,0.02656003666666667,0.019550763999999998,0.024909623333333332,0.024801611833333334,0.022155181999999995,0.024889763333333335,0.030674158333333333,0.022838578333333335,0.023278681333333332,0.016388803666666667,0.022291438333333337,0.006762004133333334,0.023602895199999998,0.015291210000000001,0.024342293333333334,0.025723425866666663,0.021468909666666664,3.973642999999999e-09,0.018813268333333334,0.020225552,0.02942191766666667,0.015576489999999998,0.022114207333333333,0.016208547333333333,0.024031992999999998,0.022965522500000002,0.019773739666666665,0.01865219066666667,0.012114926666666666,0.020685766333333334,0.02301333886666667,0.01839362333333333,0.011313289333333334,0.029513231666666664,0.017764509,0.0256675138,0.0184680145,0.007064775666666666,0.0055422683333333335,0.025065785466666667,0.025336659,0.02806509133333333,0.008448048533333334,0.027853765666666662,0.019597361333333334,0.024874453333333334,0.012304760999999999,0.021372141533333333,0.012251629333333331,0.036503010999999995,0.010174359666666665,0.02077886933333333,0.007751605999999999,0.024762296833333333,0.013306508333333333,0.025172301,0.03413818666666667,0.0230324288,0.021922336666666667,0.02248612333333333,0.022322052666666668,0.0227080762,0.018533845833333333,0.03145571766666667,0.026076777199999998,0.022006919533333336,0.024274697,0.023385026,0.012546513333333334,0.030135428666666665,0.019116715333333333,0.026662570333333337,0.026427320333333334,0.02656003666666667,0.019550763999999998,0.021216042,0.023102984666666666,0.0258795342,0.009845986133333333,0.024909623333333332,0.019408199,0.024801611833333334,0.022155181999999995,0.024889763333333335,0.023278681333333332,0.006762004133333334,0.018813268333333334,0.020225552,0.024031992999999998,0.020685766333333334,0.01839362333333333,0.011313289333333334,0.0184680145,0.007064775666666666,0.025336659,0.012251629333333331,0.036503010999999995,0.007751605999999999,0.03413818666666667,0.012546513333333334,0.030135428666666665,0.009845986133333333
2,0.034991690000000006,0.02942191766666667,3.973642999999999e-09,0.008329524666666666,0.028083668000000003,0.025362551,0.017764081666666664,0.032902952666666666,0.020042155333333332,0.030888708333333334,0.03145669266666666,0.014908743000000002,0.020379609,0.027467686333333338,0.023494064666666665,0.032177773666666666,0.004066548666666667,0.02905223666666667,0.023059364333333332,0.023294037666666666,0.026477901333333335,0.03513493833333334,0.03622006666666667,0.03390759566666667,0.033143417,0.032538754333333336,0.03262692266666667,0.033308263666666664,0.03704051,0.03175037866666667,0.032296404,0.035840081333333336,0.035656999333333335,0.03567205666666666,0.03316421266666667,0.030676885333333334,0.032549238333333334,0.02840143033333333,0.013076989,0.021058180333333332,0.03698746366666667,0.023351128333333335,0.014476739999999998,0.031054486666666666,0.010212763000000001,0.032204278333333336,0.014697373000000001,0.01763925,0.016946749,0.024391013333333336,0.032977154333333335,0.036667472,0.016473432333333333,0.026892166000000002,0.017765182333333334,0.0122229515,0.031610383,0.030569284,0.007818804133333333,0.030355469333333333,0.013076989,0.034991690000000006,0.020553301,0.021058180333333332,0.03698746366666667,0.027914427000000006,0.023294037666666666,0.023351128333333335,0.026477901333333335,0.03513493833333334,0.014476739999999998,0.02942191766666667,0.034435816333333334,0.03150651,3.973642999999999e-09,0.008329524666666666,0.031054486666666666,0.03622006666666667,0.013601722333333333,0.028083668000000003,0.025362551,0.017764081666666664,0.03390759566666667,0.030535849333333333,0.032902952666666666,0.018755533333333338,0.025847903999999998,0.020042155333333332,0.010212763000000001,0.033143417,0.024112218666666668,0.018242474,0.030888708333333334,0.032204278333333336,0.014292933333333334,0.014697373000000001,0.032538754333333336,0.01763925,0.016946749,0.03145669266666666,0.014908743000000002,0.024391013333333336,0.028011198666666667,0.01017072,0.020379609,0.03262692266666667,0.023538654,0.033308263666666664,0.032977154333333335,0.03704051,0.0055076002,0.027467686333333338,0.023494064666666665,0.036667472,0.016473432333333333,0.032177773666666666,0.03175037866666667,0.004066548666666667,0.032296404,0.035840081333333336,0.02905223666666667,0.026892166000000002,0.032540562,0.012586629333333332,0.023059364333333332,0.035656999333333335,0.03567205666666666,0.017765182333333334,0.0122229515,0.03316421266666667,0.030676885333333334,0.032549238333333334,0.027354063666666664,0.031610383,0.02840143033333333,0.030569284,0.007818804133333333,0.030355469333333333,0.020553301,0.027914427000000006,0.034435816333333334,0.03150651,0.013601722333333333,0.030535849333333333,0.018755533333333338,0.025847903999999998,0.024112218666666668,0.018242474,0.014292933333333334,0.028011198666666667,0.01017072,0.023538654,0.0055076002,0.032540562,0.012586629333333332,0.027354063666666664
3,0.028179212333333332,0.015576489999999998,0.008329524666666666,0.0,0.022270377666666664,0.019192906333333332,0.012234241000000002,0.026743584666666667,0.018907384333333332,0.017309586,0.026024389,0.009384596333333332,0.011750408,0.021883678333333333,0.01801796166666667,0.02600516466666667,0.009572651,0.023801016666666668,0.016964839000000002,0.019311876999999998,0.021825593333333334,0.029123376,0.026762526999999998,0.023562310666666666,0.02812483866666667,0.020693515,0.02464597433333333,0.02731119333333333,0.030534923000000002,0.02280956066666667,0.026802872,0.028202206,0.03004113466666667,0.029882014,0.026357503666666667,0.024877059333333333,0.027115772333333333,0.020925964999999998,0.014600475833333331,0.014634414333333333,0.029950764,0.015713397666666667,0.011625615666666667,0.024575481333333333,0.006809943866666666,0.026711727999999997,0.014097102466666667,0.016563884333333334,0.013309635666666668,0.018868017666666667,0.023418102666666666,0.02972063233333333,0.012763792333333333,0.021539114,0.016063304666666667,0.008724699333333334,0.025670242333333333,0.025436496666666666,0.008532273666666668,0.025370357333333333,0.014600475833333331,0.028179212333333332,0.016629096,0.014634414333333333,0.029950764,0.014590810000000001,0.019311876999999998,0.015713397666666667,0.021825593333333334,0.029123376,0.011625615666666667,0.015576489999999998,0.027011108333333332,0.024425353666666667,0.008329524666666666,0.0,0.024575481333333333,0.026762526999999998,0.012128671,0.022270377666666664,0.019192906333333332,0.012234241000000002,0.023562310666666666,0.023631225,0.026743584666666667,0.014229516,0.016334583000000003,0.018907384333333332,0.006809943866666666,0.02812483866666667,0.017737607333333332,0.007971439833333333,0.017309586,0.026711727999999997,0.012735690800000001,0.014097102466666667,0.020693515,0.016563884333333334,0.013309635666666668,0.026024389,0.009384596333333332,0.018868017666666667,0.018283547666666667,0.015557306666666666,0.011750408,0.02464597433333333,0.012632113666666667,0.02731119333333333,0.023418102666666666,0.030534923000000002,0.012116285333333332,0.021883678333333333,0.01801796166666667,0.02972063233333333,0.012763792333333333,0.02600516466666667,0.02280956066666667,0.009572651,0.026802872,0.028202206,0.023801016666666668,0.021539114,0.02307004333333333,0.013591704666666668,0.016964839000000002,0.03004113466666667,0.029882014,0.016063304666666667,0.008724699333333334,0.026357503666666667,0.024877059333333333,0.027115772333333333,0.016870538333333334,0.025670242333333333,0.020925964999999998,0.025436496666666666,0.008532273666666668,0.025370357333333333,0.016629096,0.014590810000000001,0.027011108333333332,0.024425353666666667,0.012128671,0.023631225,0.014229516,0.016334583000000003,0.017737607333333332,0.007971439833333333,0.012735690800000001,0.018283547666666667,0.015557306666666666,0.012632113666666667,0.012116285333333332,0.02307004333333333,0.013591704666666668,0.016870538333333334
4,0.0037309845,0.022965522500000002,0.028083668000000003,0.022270377666666664,0.0,0.005004018333333334,0.0074082395,0.004847498833333333,0.010733733466666668,0.018720449866666666,0.0037811974333333332,0.030684288999999997,0.018214239666666666,0.0017090936333333333,0.0032135268333333333,0.0029394944999999997,0.025682583,0.0020882547,0.004457338666666667,0.0035675049,0.004018481466666666,0.004253453066666666,0.009177653000000001,0.010125621199999999,0.0032205761666666667,0.01564179246666667,0.0040126323333333335,0.003705730066666667,0.0060358325,0.0049676040000000005,0.002585794566666667,0.007433811833333333,0.0033145706333333334,0.004217515433333333,0.003681361666666667,0.0022493938333333335,0.0024814963333333333,0.0046915352,0.012069602833333333,0.004995709666666666,0.006194587666666667,0.00539547,0.008368567666666667,0.0037560364000000005,0.017791689999999995,0.0027138829333333333,0.008843424166666667,0.006391435766666666,0.007831464333333333,0.0027124981000000003,0.009521321466666666,0.008326804666666666,0.006447180100000001,0.0029748639,0.007234704333333332,0.009658356466666665,0.002717703666666667,0.0027827739333333335,0.017931270333333336,0.003957537866666667,0.012069602833333333,0.0037309845,0.0039815426,0.004995709666666666,0.006194587666666667,0.017315747166666666,0.0035675049,0.00539547,0.004018481466666666,0.004253453066666666,0.008368567666666667,0.022965522500000002,0.007436229833333334,0.0026231270000000003,0.028083668000000003,0.022270377666666664,0.0037560364000000005,0.009177653000000001,0.010046508000000001,0.0,0.005004018333333334,0.0074082395,0.010125621199999999,0.0025863608333333335,0.004847498833333333,0.005444431333333333,0.009128953899999999,0.010733733466666668,0.017791689999999995,0.0032205761666666667,0.004395397533333333,0.024723653,0.018720449866666666,0.0027138829333333333,0.012255442,0.008843424166666667,0.01564179246666667,0.006391435766666666,0.007831464333333333,0.0037811974333333332,0.030684288999999997,0.0027124981000000003,0.008872026333333333,0.0182059666,0.018214239666666666,0.0040126323333333335,0.014160307166666667,0.003705730066666667,0.009521321466666666,0.0060358325,0.02131835566666667,0.0017090936333333333,0.0032135268333333333,0.008326804666666666,0.006447180100000001,0.0029394944999999997,0.0049676040000000005,0.025682583,0.002585794566666667,0.007433811833333333,0.0020882547,0.0029748639,0.011775628666666668,0.010971089299999999,0.004457338666666667,0.0033145706333333334,0.004217515433333333,0.007234704333333332,0.009658356466666665,0.003681361666666667,0.0022493938333333335,0.0024814963333333333,0.012879649666666666,0.002717703666666667,0.0046915352,0.0027827739333333335,0.017931270333333336,0.003957537866666667,0.0039815426,0.017315747166666666,0.007436229833333334,0.0026231270000000003,0.010046508000000001,0.0025863608333333335,0.005444431333333333,0.009128953899999999,0.004395397533333333,0.024723653,0.012255442,0.008872026333333333,0.0182059666,0.014160307166666667,0.02131835566666667,0.011775628666666668,0.010971089299999999,0.012879649666666666
5,0.005769747666666667,0.019773739666666665,0.025362551,0.019192906333333332,0.005004018333333334,3.973642999999999e-09,0.005216878533333333,0.005774964766666666,0.007550688533333333,0.016380105333333332,0.0039199371000000005,0.023529768000000003,0.012500200333333333,0.004553985666666666,0.004766223900000001,0.004638795,0.023697384999999998,0.006830507466666667,0.004714963799999999,0.0054816246,0.009361541166666666,0.0055715522,0.006981694666666666,0.008277450166666667,0.007381852666666666,0.011840065333333335,0.006030243533333334,0.004403861266666666,0.005364108,0.0038183272666666664,0.0054125608,0.005959721233333334,0.007038384666666667,0.0062912600999999995,0.0056032459,0.0060216924666666675,0.005843905666666666,0.004968025333333333,0.014553028666666667,0.005927658200000001,0.006347399833333334,0.008376111666666667,0.009179931833333332,0.0036035220333333336,0.01814027433333333,0.006325435533333332,0.011038967,0.008441359,0.009582124,0.0044502059666666665,0.007445001666666668,0.006703734333333333,0.009642239666666667,0.0028487146000000002,0.010586077333333332,0.009188588333333332,0.005584734666666666,0.005037424866666667,0.018646933666666667,0.008613503,0.014553028666666667,0.005769747666666667,0.007574377533333333,0.005927658200000001,0.006347399833333334,0.018973045,0.0054816246,0.008376111666666667,0.009361541166666666,0.0055715522,0.009179931833333332,0.019773739666666665,0.006927784233333333,0.0040448606,0.025362551,0.019192906333333332,0.0036035220333333336,0.006981694666666666,0.011689631333333334,0.005004018333333334,3.973642999999999e-09,0.005216878533333333,0.008277450166666667,0.004281864666666666,0.005774964766666666,0.008193673666666667,0.006889704799999999,0.007550688533333333,0.01814027433333333,0.007381852666666666,0.008259646166666667,0.022091289,0.016380105333333332,0.006325435533333332,0.009174629,0.011038967,0.011840065333333335,0.008441359,0.009582124,0.0039199371000000005,0.023529768000000003,0.0044502059666666665,0.0089010615,0.018940079,0.012500200333333333,0.006030243533333334,0.014359843866666666,0.004403861266666666,0.007445001666666668,0.005364108,0.021191785666666667,0.004553985666666666,0.004766223900000001,0.006703734333333333,0.009642239666666667,0.004638795,0.0038183272666666664,0.023697384999999998,0.0054125608,0.005959721233333334,0.006830507466666667,0.0028487146000000002,0.009977992333333333,0.011871234666666666,0.004714963799999999,0.007038384666666667,0.0062912600999999995,0.010586077333333332,0.009188588333333332,0.0056032459,0.0060216924666666675,0.005843905666666666,0.014747877666666668,0.005584734666666666,0.004968025333333333,0.005037424866666667,0.018646933666666667,0.008613503,0.007574377533333333,0.018973045,0.006927784233333333,0.0040448606,0.011689631333333334,0.004281864666666666,0.008193673666666667,0.006889704799999999,0.008259646166666667,0.022091289,0.009174629,0.0089010615,0.018940079,0.014359843866666666,0.021191785666666667,0.009977992333333333,0.011871234666666666,0.014747877666666668
6,0.011648003333333334,0.01865219066666667,0.017764081666666664,0.012234241000000002,0.0074082395,0.005216878533333333,0.0,0.008878664333333335,0.007035847333333334,0.014996944000000002,0.009242667666666668,0.018269916666666667,0.0086389202,0.006477898333333333,0.006119032666666666,0.008680779000000001,0.016844525333333336,0.009624704,0.005415725666666667,0.007259072866666666,0.011390298666666666,0.010059110000000001,0.012136755333333334,0.012312043,0.011627944333333334,0.01378963,0.009513600666666667,0.009045072333333333,0.010789229533333333,0.007464379166666666,0.009359774999999999,0.009975258333333332,0.012305261666666668,0.011948291533333332,0.011054583333333335,0.010586558,0.009942120333333334,0.005889191166666667,0.011597130666666667,0.005675999333333333,0.012318132333333334,0.009604215666666667,0.007102141666666667,0.007377276666666667,0.012868001,0.010615007333333334,0.008698274666666667,0.007250406333333333,0.007433873333333333,0.006063819,0.011244106333333333,0.011449710666666666,0.008224137500000001,0.005716502666666666,0.009804377800000002,0.005058936333333333,0.009492526666666667,0.009671101866666667,0.012239223666666667,0.012876695666666667,0.011597130666666667,0.011648003333333334,0.007643425333333333,0.005675999333333333,0.012318132333333334,0.018395203333333335,0.007259072866666666,0.009604215666666667,0.011390298666666666,0.010059110000000001,0.007102141666666667,0.01865219066666667,0.011519905,0.008603191333333335,0.017764081666666664,0.012234241000000002,0.007377276666666667,0.012136755333333334,0.010405993333333334,0.0074082395,0.005216878533333333,0.0,0.012312043,0.008092244333333333,0.008878664333333335,0.007973305533333334,0.006366890666666666,0.007035847333333334,0.012868001,0.011627944333333334,0.009091039333333332,0.017109733999999998,0.014996944000000002,0.010615007333333334,0.006548406833333333,0.008698274666666667,0.01378963,0.007250406333333333,0.007433873333333333,0.009242667666666668,0.018269916666666667,0.006063819,0.009359182866666668,0.015141365999999998,0.0086389202,0.009513600666666667,0.012730838666666666,0.009045072333333333,0.011244106333333333,0.010789229533333333,0.014740560333333335,0.006477898333333333,0.006119032666666666,0.011449710666666666,0.008224137500000001,0.008680779000000001,0.007464379166666666,0.016844525333333336,0.009359774999999999,0.009975258333333332,0.009624704,0.005716502666666666,0.011800269333333334,0.007399191533333334,0.005415725666666667,0.012305261666666668,0.011948291533333332,0.009804377800000002,0.005058936333333333,0.011054583333333335,0.010586558,0.009942120333333334,0.014863043999999999,0.009492526666666667,0.005889191166666667,0.009671101866666667,0.012239223666666667,0.012876695666666667,0.007643425333333333,0.018395203333333335,0.011519905,0.008603191333333335,0.010405993333333334,0.008092244333333333,0.007973305533333334,0.006366890666666666,0.009091039333333332,0.017109733999999998,0.006548406833333333,0.009359182866666668,0.015141365999999998,0.012730838666666666,0.014740560333333335,0.011800269333333334,0.007399191533333334,0.014863043999999999
7,0.0042617818666666665,0.02301333886666667,0.032902952666666666,0.026743584666666667,0.004847498833333333,0.005774964766666666,0.008878664333333335,0.0,0.015485901,0.015843194566666666,0.0045718948,0.034406793000000005,0.020178522666666664,0.005207290333333333,0.008703007533333335,0.0014856040666666667,0.03173065,0.0045323035,0.008909456000000001,0.008427063666666668,0.008168,0.0018323342,0.0065881051999999996,0.0095293622,0.002542853366666667,0.012212856666666666,0.002534729166666667,0.0033201475999999996,0.0024910727666666663,0.003370755933333333,0.0033673902666666667,0.002414027866666667,0.0028082728,0.0033815761666666664,0.004434224,0.0046216348,0.0034160037999999998,0.0020793636666666666,0.019749448666666666,0.006162049333333333,0.003486831933333334,0.009795467,0.015108088666666667,0.0036496123,0.02475932633333333,0.0030578613333333334,0.01721564133333333,0.012509808666666667,0.011390648199999999,0.006614673000000001,0.0058964253333333334,0.0034679253,0.013651182333333334,0.005076746133333334,0.013616605333333334,0.014434122666666667,0.0031778733333333335,0.004599452,0.022693964,0.006296904666666667,0.019749448666666666,0.0042617818666666665,0.009056347666666666,0.006162049333333333,0.003486831933333334,0.0189208581,0.008427063666666668,0.009795467,0.008168,0.0018323342,0.015108088666666667,0.02301333886666667,0.0035230498666666667,0.0029354453333333337,0.032902952666666666,0.026743584666666667,0.0036496123,0.0065881051999999996,0.01747002,0.004847498833333333,0.005774964766666666,0.008878664333333335,0.0095293622,0.0021365841666666665,0.0,0.010515091666666667,0.006885560333333333,0.015485901,0.02475932633333333,0.002542853366666667,0.0070816814666666665,0.02875684733333333,0.015843194566666666,0.0030578613333333334,0.014560449166666666,0.01721564133333333,0.012212856666666666,0.012509808666666667,0.011390648199999999,0.0045718948,0.034406793000000005,0.006614673000000001,0.0056274137,0.026659385533333333,0.020178522666666664,0.002534729166666667,0.014437379666666667,0.0033201475999999996,0.0058964253333333334,0.0024910727666666663,0.028100355333333334,0.005207290333333333,0.008703007533333335,0.0034679253,0.013651182333333334,0.0014856040666666667,0.003370755933333333,0.03173065,0.0033673902666666667,0.002414027866666667,0.0045323035,0.005076746133333334,0.006624432366666666,0.01782112153333333,0.008909456000000001,0.0028082728,0.0033815761666666664,0.013616605333333334,0.014434122666666667,0.004434224,0.0046216348,0.0034160037999999998,0.012531083733333333,0.0031778733333333335,0.0020793636666666666,0.004599452,0.022693964,0.006296904666666667,0.009056347666666666,0.0189208581,0.0035230498666666667,0.0029354453333333337,0.01747002,0.0021365841666666665,0.010515091666666667,0.006885560333333333,0.0070816814666666665,0.02875684733333333,0.014560449166666666,0.0056274137,0.026659385533333333,0.014437379666666667,0.028100355333333334,0.006624432366666666,0.01782112153333333,0.012531083733333333
8,0.0144189278,0.029513231666666664,0.020042155333333332,0.018907384333333332,0.010733733466666668,0.007550688533333333,0.007035847333333334,0.015485901,7.947285999999998e-09,0.028556714,0.009465569400000002,0.020537651333333334,0.012600326466666667,0.008708145333333332,0.006823826,0.013638109166666666,0.016196414,0.013772082333333335,0.006819367333333334,0.007164971,0.015327892333333334,0.013525358900000001,0.016927802666666665,0.016844219,0.016471149333333334,0.02272386933333333,0.015612544466666666,0.009802268000000001,0.013516637033333334,0.012386455333333332,0.012068194,0.01571836886666667,0.015540279999999998,0.014823120466666668,0.013590341666666667,0.0142626625,0.013040051666666667,0.013903155,0.010466440333333334,0.012298214666666666,0.015464925666666667,0.014892598,0.007507810866666667,0.009786546166666667,0.01651430933333333,0.015254278533333334,0.007327745333333332,0.005498776999999999,0.012952828333333333,0.008728754666666668,0.018444864000000002,0.0157574654,0.00983902,0.007618266466666666,0.011038965000000001,0.009436077,0.014261184166666668,0.0121565581,0.016934647333333334,0.01773756166666667,0.010466440333333334,0.0144189278,0.010702393333333334,0.012298214666666666,0.015464925666666667,0.03006033866666667,0.007164971,0.014892598,0.015327892333333334,0.013525358900000001,0.007507810866666667,0.029513231666666664,0.017053202666666666,0.0127076545,0.020042155333333332,0.018907384333333332,0.009786546166666667,0.016927802666666665,0.011414446333333333,0.010733733466666668,0.007550688533333333,0.007035847333333334,0.016844219,0.013179344,0.015485901,0.012842732666666667,0.015134557,7.947285999999998e-09,0.01651430933333333,0.016471149333333334,0.017135312333333333,0.025668306333333335,0.028556714,0.015254278533333334,0.007019384666666666,0.007327745333333332,0.02272386933333333,0.005498776999999999,0.012952828333333333,0.009465569400000002,0.020537651333333334,0.008728754666666668,0.020525520999999998,0.010509431333333335,0.012600326466666667,0.015612544466666666,0.024299723,0.009802268000000001,0.018444864000000002,0.013516637033333334,0.013473536666666668,0.008708145333333332,0.006823826,0.0157574654,0.00983902,0.013638109166666666,0.012386455333333332,0.016196414,0.012068194,0.01571836886666667,0.013772082333333335,0.007618266466666666,0.021151026,0.005744965666666667,0.006819367333333334,0.015540279999999998,0.014823120466666668,0.011038965000000001,0.009436077,0.013590341666666667,0.0142626625,0.013040051666666667,0.027207654666666668,0.014261184166666668,0.013903155,0.0121565581,0.016934647333333334,0.01773756166666667,0.010702393333333334,0.03006033866666667,0.017053202666666666,0.0127076545,0.011414446333333333,0.013179344,0.012842732666666667,0.015134557,0.017135312333333333,0.025668306333333335,0.007019384666666666,0.020525520999999998,0.010509431333333335,0.024299723,0.013473536666666668,0.021151026,0.005744965666666667,0.027207654666666668
9,0.017478118333333334,0.0055422683333333335,0.030888708333333334,0.017309586,0.018720449866666666,0.016380105333333332,0.014996944000000002,0.015843194566666666,0.028556714,1.9868214999999996e-09,0.020469089000000003,0.018550958333333332,0.010952995333333333,0.019430623333333334,0.019416185333333336,0.016730783333333332,0.03334169,0.019586308666666667,0.016780225666666666,0.021409305,0.020984958333333335,0.01956239566666667,0.011741185333333333,0.010889969166666668,0.019539362533333333,0.005837726666666667,0.015308558766666668,0.020196980266666664,0.018237502599999997,0.012882673666666667,0.020585028999999998,0.014940130566666666,0.02061325266666667,0.0204012786,0.0171726401,0.018831566666666667,0.02047349633333333,0.012652355333333332,0.030607507666666665,0.012542015166666668,0.016363956433333333,0.013249067666666666,0.021042494000000002,0.01702943233333333,0.019616846,0.018901332333333333,0.027591955,0.026691844,0.016801599666666667,0.017995725333333334,0.007830576099999998,0.015575679333333333,0.021326222,0.018615661,0.025221026666666663,0.0178301,0.018880584,0.019601987333333338,0.02219217,0.01983906833333333,0.030607507666666665,0.017478118333333334,0.02145630133333333,0.012542015166666668,0.016363956433333333,0.007958936866666665,0.021409305,0.013249067666666666,0.020984958333333335,0.01956239566666667,0.021042494000000002,0.0055422683333333335,0.012800808666666667,0.015363476999999999,0.030888708333333334,0.017309586,0.01702943233333333,0.011741185333333333,0.024276052333333336,0.018720449866666666,0.016380105333333332,0.014996944000000002,0.010889969166666668,0.0149687466,0.015843194566666666,0.016622652666666668,0.006306096,0.028556714,0.019616846,0.019539362533333333,0.0140203952,0.010582097333333334,1.9868214999999996e-09,0.018901332333333333,0.02463186833333333,0.027591955,0.005837726666666667,0.026691844,0.016801599666666667,0.020469089000000003,0.018550958333333332,0.017995725333333334,0.006512365733333332,0.03766668433333333,0.010952995333333333,0.015308558766666668,0.005798274266666666,0.020196980266666664,0.007830576099999998,0.018237502599999997,0.034819344999999995,0.019430623333333334,0.019416185333333336,0.015575679333333333,0.021326222,0.016730783333333332,0.012882673666666667,0.03334169,0.020585028999999998,0.014940130566666666,0.019586308666666667,0.018615661,0.006576500433333334,0.030149899333333334,0.016780225666666666,0.02061325266666667,0.0204012786,0.025221026666666663,0.0178301,0.0171726401,0.018831566666666667,0.02047349633333333,0.006521393666666667,0.018880584,0.012652355333333332,0.019601987333333338,0.02219217,0.01983906833333333,0.02145630133333333,0.007958936866666665,0.012800808666666667,0.015363476999999999,0.024276052333333336,0.0149687466,0.016622652666666668,0.006306096,0.0140203952,0.010582097333333334,0.02463186833333333,0.006512365733333332,0.03766668433333333,0.005798274266666666,0.034819344999999995,0.006576500433333334,0.030149899333333334,0.006521393666666667
10,0.003270232766666667,0.024874453333333334,0.03145669266666666,0.026024389,0.0037811974333333332,0.0039199371000000005,0.009242667666666668,0.0045718948,0.009465569400000002,0.020469089000000003,3.973642999999999e-09,0.03129562933333333,0.018537167333333333,0.0040061315,0.005461116666666667,0.0033395609000000004,0.028738516666666665,0.004919316366666667,0.005993342333333333,0.0039000750000000002,0.006488750333333334,0.0029458780666666664,0.007304648666666667,0.008786646666666667,0.0041647455,0.013837681333333332,0.005063275533333333,0.001980483533333333,0.003323857,0.004353427833333334,0.0026512066333333334,0.0057389219333333335,0.0035133262333333333,0.0032999455666666666,0.0026671966,0.004135829266666667,0.0031100412333333336,0.005774567566666666,0.015066945666666666,0.006473308733333334,0.004380848033333333,0.0081581136,0.010972416333333334,0.0027985871333333335,0.021386666666666665,0.004082196933333333,0.012064085666666665,0.008171303999999999,0.010191409,0.004525409,0.008406400666666666,0.005532697833333333,0.009842286333333334,0.003439221866666667,0.009860754,0.012595673333333331,0.004186554733333334,0.0025581240666666667,0.021260974666666668,0.006080140666666667,0.015066945666666666,0.003270232766666667,0.007104396999999999,0.006473308733333334,0.004380848033333333,0.02143801453333333,0.0039000750000000002,0.0081581136,0.006488750333333334,0.0029458780666666664,0.010972416333333334,0.024874453333333334,0.006285828333333334,0.003185218566666667,0.03145669266666666,0.026024389,0.0027985871333333335,0.007304648666666667,0.012745676666666667,0.0037811974333333332,0.0039199371000000005,0.009242667666666668,0.008786646666666667,0.0034408310999999997,0.0045718948,0.008709736800000001,0.010258662666666666,0.009465569400000002,0.021386666666666665,0.0041647455,0.0083457511,0.028598866666666667,0.020469089000000003,0.004082196933333333,0.012046140333333333,0.012064085666666665,0.013837681333333332,0.008171303999999999,0.010191409,3.973642999999999e-09,0.03129562933333333,0.004525409,0.010491627666666666,0.020279037133333334,0.018537167333333333,0.005063275533333333,0.017379343333333335,0.001980483533333333,0.008406400666666666,0.003323857,0.024231565,0.0040061315,0.005461116666666667,0.005532697833333333,0.009842286333333334,0.0033395609000000004,0.004353427833333334,0.028738516666666665,0.0026512066333333334,0.0057389219333333335,0.004919316366666667,0.003439221866666667,0.011082869833333335,0.014210037333333335,0.005993342333333333,0.0035133262333333333,0.0032999455666666666,0.009860754,0.012595673333333331,0.0026671966,0.004135829266666667,0.0031100412333333336,0.016610302333333334,0.004186554733333334,0.005774567566666666,0.0025581240666666667,0.021260974666666668,0.006080140666666667,0.007104396999999999,0.02143801453333333,0.006285828333333334,0.003185218566666667,0.012745676666666667,0.0034408310999999997,0.008709736800000001,0.010258662666666666,0.0083457511,0.028598866666666667,0.012046140333333333,0.010491627666666666,0.020279037133333334,0.017379343333333335,0.024231565,0.011082869833333335,0.014210037333333335,0.016610302333333334
11,0.03356744133333334,0.012304760999999999,0.014908743000000002,0.009384596333333332,0.030684288999999997,0.023529768000000003,0.018269916666666667,0.034406793000000005,0.020537651333333334,0.018550958333333332,0.03129562933333333,3.973642999999999e-09,0.006766976666666666,0.02957135333333333,0.02339310866666667,0.033467964333333336,0.015002942,0.033771652,0.021142598000000002,0.025664080666666665,0.032093966,0.036127893333333334,0.026570164333333333,0.021778279666666667,0.037303242333333334,0.0180080452,0.03221209466666667,0.032966424333333334,0.035328059,0.027395594000000002,0.035010006,0.03265561666666667,0.038267205000000006,0.03715043,0.031454851,0.033254274,0.035615112,0.029250852,0.023269921333333336,0.022532171333333333,0.03349537066666666,0.022606782333333336,0.017673717,0.029528993333333333,0.012952019666666667,0.03592889333333333,0.021378642,0.023842082333333334,0.021960077666666668,0.025479952666666663,0.024403633666666664,0.032532439333333336,0.021511455333333332,0.028328324,0.025758614666666665,0.016655609999999998,0.03509809233333334,0.03290503633333333,0.016736245333333333,0.035482498,0.023269921333333336,0.03356744133333334,0.026729126666666665,0.022532171333333333,0.03349537066666666,0.020337166333333333,0.025664080666666665,0.022606782333333336,0.032093966,0.036127893333333334,0.017673717,0.012304760999999999,0.030061492999999998,0.03032008066666667,0.014908743000000002,0.009384596333333332,0.029528993333333333,0.026570164333333333,0.019829442,0.030684288999999997,0.023529768000000003,0.018269916666666667,0.021778279666666667,0.030777742333333333,0.034406793000000005,0.02293548,0.019423548333333332,0.020537651333333334,0.012952019666666667,0.037303242333333334,0.028612560333333332,0.00937347,0.018550958333333332,0.03592889333333333,0.018250851000000002,0.021378642,0.0180080452,0.023842082333333334,0.021960077666666668,0.03129562933333333,3.973642999999999e-09,0.025479952666666663,0.024839995333333333,0.021793027666666666,0.006766976666666666,0.03221209466666667,0.01852936733333333,0.032966424333333334,0.024403633666666664,0.035328059,0.019099249333333335,0.02957135333333333,0.02339310866666667,0.032532439333333336,0.021511455333333332,0.033467964333333336,0.027395594000000002,0.015002942,0.035010006,0.03265561666666667,0.033771652,0.028328324,0.02449766033333333,0.020905768,0.021142598000000002,0.038267205000000006,0.03715043,0.025758614666666665,0.016655609999999998,0.031454851,0.033254274,0.035615112,0.02454659433333333,0.03509809233333334,0.029250852,0.03290503633333333,0.016736245333333333,0.035482498,0.026729126666666665,0.020337166333333333,0.030061492999999998,0.03032008066666667,0.019829442,0.030777742333333333,0.02293548,0.019423548333333332,0.028612560333333332,0.00937347,0.018250851000000002,0.024839995333333333,0.021793027666666666,0.01852936733333333,0.019099249333333335,0.02449766033333333,0.020905768,0.02454659433333333
