,omer_02.jpg,tal_05.jpg,omer_07.jpg,tal_06.jpg,omer_06.jpg,omer_08.jpg,tal_01.jpg,omer_03.jpg,tal_07.jpg,tal_03.jpg,omer_04.jpg,omer_10.jpg,tal_09.jpg,tal_02.jpg,tal_08.jpg,omer_09.jpg,tal_10.jpg,omer_05.jpg,tal_04.jpg,matt_04.jpg,dom_10.jpg,dom_05.jpg,matt_08.jpg,dom_04.jpg,matt_02.jpg,matt_07.jpg,matt_06.jpg,matt_05.jpg,dom_07.jpg,dom_03.jpg,matt_03.jpg,matt_01.jpg,dom_06.jpg,matt_10.jpg,dom_01.jpg,dom_09.jpg,matt_09.jpg,dom_02.jpg,tess_03.jpg,taz_06.jpg,taz_04.jpg,taz_03.jpg,tess_01.jpg,tess_07.jpg,tess_05.jpg,taz_05.jpg,tess_02.jpg,tess_09.jpg,tess_06.jpg,taz_07.jpg,taz_02.jpg,tess_04.jpg,taz_09.jpg,tess_08.jpg,taz_08.jpg,taz_01.jpg,tess_10.jpg,taz_10.jpg,marina_07.jpg,tamar_04.jpg,tess_03.jpg.1,omer_02.jpg.1,marina_04.jpg,taz_06.jpg.1,taz_04.jpg.1,marina_01.jpg,matt_04.jpg.1,taz_03.jpg.1,dom_10.jpg.1,dom_05.jpg.1,tess_01.jpg.1,tal_05.jpg.1,marina_06.jpg,tamar_09.jpg,omer_07.jpg.1,tal_06.jpg.1,tess_07.jpg.1,matt_08.jpg.1,marina_08.jpg,omer_06.jpg.1,omer_08.jpg.1,tal_01.jpg.1,dom_04.jpg.1,tamar_10.jpg,omer_03.jpg.1,tamar_02.jpg,tamar_05.jpg,tal_07.jpg.1,tess_05.jpg.1,matt_02.jpg.1,tamar_07.jpg,tamar_03.jpg,tal_03.jpg.1,taz_05.jpg.1,marina_09.jpg,tess_02.jpg.1,matt_07.jpg.1,tess_09.jpg.1,tess_06.jpg.1,omer_04.jpg.1,omer_10.jpg.1,taz_07.jpg.1,tamar_01.jpg,marina_10.jpg,tal_09.jpg.1,matt_06.jpg.1,tamar_06.jpg,matt_05.jpg.1,taz_02.jpg.1,dom_07.jpg.1,marina_05.jpg,tal_02.jpg.1,tal_08.jpg.1,tess_04.jpg.1,taz_09.jpg.1,omer_09.jpg.1,dom_03.jpg.1,tal_10.jpg.1,matt_03.jpg.1,matt_01.jpg.1,omer_05.jpg.1,tess_08.jpg.1,marina_02.jpg,marina_03.jpg,tal_04.jpg.1,dom_06.jpg.1,matt_10.jpg.1,taz_08.jpg.1,taz_01.jpg.1,dom_01.jpg.1,dom_09.jpg.1,matt_09.jpg.1,tamar_08.jpg,tess_10.jpg.1,dom_02.jpg.1,taz_10.jpg.1,marina_07.jpg.1,tamar_04.jpg.1,marina_04.jpg.1,marina_01.jpg.1,marina_06.jpg.1,tamar_09.jpg.1,marina_08.jpg.1,tamar_10.jpg.1,tamar_02.jpg.1,tamar_05.jpg.1,tamar_07.jpg.1,tamar_03.jpg.1,marina_09.jpg.1,tamar_01.jpg.1,marina_10.jpg.1,tamar_06.jpg.1,marina_05.jpg.1,marina_02.jpg.1,marina_03.jpg.1,tamar_08.jpg.1
0,3.973642999999999e-09,0.009075271999999999,0.023864453999999997,0.01961526666666667,0.02170515643333333,0.014255140333333333,0.01796622856666667,0.016392187,0.0050689438,0.016114175666666668,0.006191974933333333,0.009853152333333334,0.010373707666666667,0.006018418066666667,0.0185627261,0.017896809,0.02267867323333333,0.016939665933333334,0.011752053000000002,0.0050447088000000005,0.022953417766666664,0.014978846066666666,0.007367488,0.006169660999999999,0.020700634500000002,0.03253462133333333,0.014875141333333335,0.008995652266666666,0.008933631666666667,0.0128246545,0.018289002666666665,0.015661649,0.0180616081,0.007448897666666667,0.003400629766666667,0.0037232815,0.004673783,0.019431408333333334,0.02309787683333333,0.021243697333333332,0.0058424095666666665,0.020200137333333333,0.018313597,0.0119589072,0.021733265999999998,0.023315109000000004,0.009656894166666668,0.022117209533333335,0.016502042566666666,0.021047042800000002,0.013821732833333333,0.011426464666666665,0.022715786999999998,0.019150744666666667,0.023179504166666667,0.023195155000000002,0.018633554333333333,0.017234221966666668,0.0236864786,0.021598682866666667,0.02309787683333333,3.973642999999999e-09,0.020670106000000004,0.021243697333333332,0.0058424095666666665,0.018687595999999997,0.0050447088000000005,0.020200137333333333,0.022953417766666664,0.014978846066666666,0.018313597,0.009075271999999999,0.009889962233333334,0.019123826433333335,0.023864453999999997,0.01961526666666667,0.0119589072,0.007367488,0.0208526422,0.02170515643333333,0.014255140333333333,0.01796622856666667,0.006169660999999999,0.01945980386666667,0.016392187,0.010510055266666669,0.016505466333333333,0.0050689438,0.021733265999999998,0.020700634500000002,0.02055701,0.015210255133333333,0.016114175666666668,0.023315109000000004,0.018113001333333333,0.009656894166666668,0.03253462133333333,0.022117209533333335,0.016502042566666666,0.006191974933333333,0.009853152333333334,0.021047042800000002,0.01587076986666667,0.013535221566666669,0.010373707666666667,0.014875141333333335,0.019569557433333332,0.008995652266666666,0.013821732833333333,0.008933631666666667,0.019115207566666667,0.006018418066666667,0.0185627261,0.011426464666666665,0.022715786999999998,0.017896809,0.0128246545,0.02267867323333333,0.018289002666666665,0.015661649,0.016939665933333334,0.019150744666666667,0.009615882333333332,0.022180497666666667,0.011752053000000002,0.0180616081,0.007448897666666667,0.023179504166666667,0.023195155000000002,0.003400629766666667,0.0037232815,0.004673783,0.014386483,0.018633554333333333,0.019431408333333334,0.017234221966666668,0.0236864786,0.021598682866666667,0.020670106000000004,0.018687595999999997,0.009889962233333334,0.019123826433333335,0.0208526422,0.01945980386666667,0.010510055266666669,0.016505466333333333,0.02055701,0.015210255133333333,0.018113001333333333,0.01587076986666667,0.013535221566666669,0.019569557433333332,0.019115207566666667,0.009615882333333332,0.022180497666666667,0.014386483
1,0.009075271999999999,0.0,0.030205830333333336,0.018237217333333333,0.028995176199999997,0.020600718,0.018224436,0.015039869133333333,0.008413404333333334,0.0149796088,0.015443903166666667,0.005092283,0.005769688,0.010351874433333333,0.025266927333333335,0.023036988833333334,0.0269163518,0.014784796999999999,0.018059891466666665,0.011181448233333334,0.0295107355,0.017263186,0.005403276266666667,0.003923137966666667,0.027368644666666667,0.024706626000000002,0.019595698333333335,0.0093431472,0.009566188,0.013356149199999999,0.024608138666666664,0.012795504000000001,0.024923954333333335,0.012121601833333334,0.010135928866666666,0.011236047766666667,0.007490988666666667,0.019126802666666665,0.03002339,0.026575203666666665,0.012751054833333334,0.027353668666666664,0.025727989,0.015140583,0.027970584000000003,0.029950503333333333,0.015673295666666667,0.029296454333333336,0.021251098500000003,0.028135563,0.018791848533333332,0.007171942666666666,0.029172305466666666,0.02721530453333333,0.029910697333333337,0.029163567,0.016157452333333332,0.025313071500000003,0.027037384,0.02771236133333333,0.03002339,0.009075271999999999,0.021698691000000003,0.026575203666666665,0.012751054833333334,0.0162129978,0.011181448233333334,0.027353668666666664,0.0295107355,0.017263186,0.025727989,0.0,0.007074095666666667,0.026618383333333332,0.030205830333333336,0.018237217333333333,0.015140583,0.005403276266666667,0.023808662666666664,0.028995176199999997,0.020600718,0.018224436,0.003923137966666667,0.018952961666666667,0.015039869133333333,0.015006148333333332,0.015664816,0.008413404333333334,0.027970584000000003,0.027368644666666667,0.0250348132,0.01633963583333333,0.0149796088,0.029950503333333333,0.013799548333333333,0.015673295666666667,0.024706626000000002,0.029296454333333336,0.021251098500000003,0.015443903166666667,0.005092283,0.028135563,0.015905579,0.017116002333333335,0.005769688,0.019595698333333335,0.018839915666666665,0.0093431472,0.018791848533333332,0.009566188,0.0224940855,0.010351874433333333,0.025266927333333335,0.007171942666666666,0.029172305466666666,0.023036988833333334,0.013356149199999999,0.0269163518,0.024608138666666664,0.012795504000000001,0.014784796999999999,0.02721530453333333,0.006190083466666666,0.026125949666666665,0.018059891466666665,0.024923954333333335,0.012121601833333334,0.029910697333333337,0.029163567,0.010135928866666666,0.011236047766666667,0.007490988666666667,0.018549243333333337,0.016157452333333332,0.019126802666666665,0.025313071500000003,0.027037384,0.02771236133333333,0.021698691000000003,0.0162129978,0.007074095666666667,0.026618383333333332,0.023808662666666664,0.018952961666666667,0.015006148333333332,0.015664816,0.0250348132,0.01633963583333333,0.013799548333333333,0.015905579,0.017116002333333335,0.018839915666666665,0.0224940855,0.006190083466666666,0.026125949666666665,0.018549243333333337
2,0.023864453999999997,0.030205830333333336,0.0,0.020121067866666665,0.005335599,0.014342089333333334,0.0170797665,0.0228943979,0.024279023233333332,0.019784409233333335,0.017674076566666665,0.028274365000000003,0.030469429666666666,0.022026852666666666,0.009202710666666667,0.010284976,0.008271944533333332,0.023395254233333333,0.014790256433333334,0.020625956399999996,0.008572856533333333,0.017802015866666666,0.03034006933333333,0.029288015666666667,0.007032317,0.050838635,0.013868067666666668,0.02535573446666667,0.027285669999999995,0.021497281333333333,0.010928874766666668,0.028090441166666664,0.008298079333333335,0.021767791166666668,0.0216539108,0.021218915,0.0246379712,0.018903786266666667,0.004141738,0.007750253033333333,0.019108089333333335,0.007830324000000001,0.008069980033333334,0.017601625133333337,0.007215046966666667,0.003966353266666667,0.019149647000000002,0.0043503384,0.011291593266666667,0.006363247,0.013510429999999999,0.03006108,0.0059147516666666665,0.0075628656666666665,0.005581301433333334,0.0044921715,0.022905174966666667,0.008750689133333333,0.009992144533333334,0.0101234574,0.004141738,0.023864453999999997,0.0164037246,0.007750253033333333,0.019108089333333335,0.020160661466666667,0.020625956399999996,0.007830324000000001,0.008572856533333333,0.017802015866666666,0.008069980033333334,0.030205830333333336,0.026737161466666666,0.007191153466666667,0.0,0.020121067866666665,0.017601625133333337,0.03034006933333333,0.014317746999999999,0.005335599,0.014342089333333334,0.0170797665,0.029288015666666667,0.017776246300000003,0.0228943979,0.018518233333333335,0.019694980833333334,0.024279023233333332,0.007215046966666667,0.007032317,0.012109635333333334,0.017783798766666668,0.019784409233333335,0.003966353266666667,0.0266367942,0.019149647000000002,0.050838635,0.0043503384,0.011291593266666667,0.017674076566666665,0.028274365000000003,0.006363247,0.019653733399999998,0.0167751392,0.030469429666666666,0.013868067666666668,0.018655816300000003,0.02535573446666667,0.013510429999999999,0.027285669999999995,0.013257429866666667,0.022026852666666666,0.009202710666666667,0.03006108,0.0059147516666666665,0.010284976,0.021497281333333333,0.008271944533333332,0.010928874766666668,0.028090441166666664,0.023395254233333333,0.0075628656666666665,0.028248311999999998,0.0086338799,0.014790256433333334,0.008298079333333335,0.021767791166666668,0.005581301433333334,0.0044921715,0.0216539108,0.021218915,0.0246379712,0.01614880973333333,0.022905174966666667,0.018903786266666667,0.008750689133333333,0.009992144533333334,0.0101234574,0.0164037246,0.020160661466666667,0.026737161466666666,0.007191153466666667,0.014317746999999999,0.017776246300000003,0.018518233333333335,0.019694980833333334,0.012109635333333334,0.017783798766666668,0.0266367942,0.019653733399999998,0.0167751392,0.018655816300000003,0.013257429866666667,0.028248311999999998,0.0086338799,0.01614880973333333
3,0.01961526666666667,0.018237217333333333,0.020121067866666665,0.0,0.02213776513333333,0.017422963733333335,0.008054331766666667,0.0076733749,0.017863667166666663,0.004971184233333333,0.0191972732,0.01570377133333333,0.015380481666666668,0.019779045333333335,0.020724884866666668,0.017209597333333333,0.0175129196,0.006914560066666667,0.01894155553333333,0.019220755399999997,0.023140146333333333,0.015028194533333334,0.01982918366666667,0.020571607333333335,0.019095804333333334,0.035087523333333336,0.017449661133333336,0.016407737999999998,0.016190972,0.012238264333333334,0.020574515999999998,0.011787267399999999,0.020326356099999998,0.018033495199999996,0.019541271533333335,0.019926292,0.019596126,0.0037523349,0.022178210666666674,0.014490864633333333,0.020157742666666666,0.02211541733333333,0.01984943566666667,0.015663506333333334,0.02076838133333333,0.019157934233333333,0.020931725666666668,0.022215804333333332,0.016645829,0.021703164900000002,0.0160419802,0.014382561,0.022278418,0.021208480999999998,0.022674167333333335,0.019629220233333335,0.0020763973333333334,0.020832377433333334,0.013492475100000002,0.022178820766666666,0.022178210666666674,0.01961526666666667,0.004686496566666667,0.014490864633333333,0.020157742666666666,0.0107537229,0.019220755399999997,0.02211541733333333,0.023140146333333333,0.015028194533333334,0.01984943566666667,0.018237217333333333,0.0109571694,0.020598419666666663,0.020121067866666665,0.0,0.015663506333333334,0.01982918366666667,0.015989631466666668,0.02213776513333333,0.017422963733333335,0.008054331766666667,0.020571607333333335,0.004065932833333333,0.0076733749,0.016452751666666668,0.005439674766666667,0.017863667166666663,0.02076838133333333,0.019095804333333334,0.0133713122,0.010132368000000001,0.004971184233333333,0.019157934233333333,0.0093650858,0.020931725666666668,0.035087523333333336,0.022215804333333332,0.016645829,0.0191972732,0.01570377133333333,0.021703164900000002,0.0064517795333333345,0.020061185333333335,0.015380481666666668,0.017449661133333336,0.006592525900000001,0.016407737999999998,0.0160419802,0.016190972,0.013664577533333333,0.019779045333333335,0.020724884866666668,0.014382561,0.022278418,0.017209597333333333,0.012238264333333334,0.0175129196,0.020574515999999998,0.011787267399999999,0.006914560066666667,0.021208480999999998,0.01307289,0.015796641666666666,0.01894155553333333,0.020326356099999998,0.018033495199999996,0.022674167333333335,0.019629220233333335,0.019541271533333335,0.019926292,0.019596126,0.016027106899999997,0.0020763973333333334,0.0037523349,0.020832377433333334,0.013492475100000002,0.022178820766666666,0.004686496566666667,0.0107537229,0.0109571694,0.020598419666666663,0.015989631466666668,0.004065932833333333,0.016452751666666668,0.005439674766666667,0.0133713122,0.010132368000000001,0.0093650858,0.0064517795333333345,0.020061185333333335,0.006592525900000001,0.013664577533333333,0.01307289,0.015796641666666666,0.016027106899999997
4,0.02170515643333333,0.028995176199999997,0.005335599,0.02213776513333333,1.9868214999999996e-09,0.014123799266666666,0.01833998333333333,0.024822866833333332,0.022258981233333332,0.021263452533333334,0.016279703266666667,0.027873868,0.030449274333333335,0.018981437233333336,0.005481225166666668,0.010513170733333332,0.009331371333333333,0.0251382846,0.012044520766666667,0.018267662333333334,0.007223174833333333,0.018001789999999997,0.028443805666666665,0.027261294800000002,0.0069090386666666665,0.050493845333333336,0.012926012366666666,0.0243689181,0.026813217,0.02153947653333333,0.009907405033333335,0.029315902833333334,0.006010560333333333,0.020335191366666668,0.019201306199999997,0.018686910433333332,0.022712843333333337,0.021029772233333334,0.0029082496999999997,0.009814381433333333,0.017548306999999996,0.006120989633333333,0.0077850024,0.017556180533333337,0.006158983766666667,0.006020154666666666,0.016762435500000002,0.002821691866666667,0.0111376384,0.004445379966666666,0.014235683433333333,0.029766764466666665,0.0046530525,0.005613672733333334,0.0041379114,0.005391605533333334,0.0249502814,0.0073620874999999995,0.011438999466666665,0.008929385699999999,0.0029082496999999997,0.02170515643333333,0.018242049333333333,0.009814381433333333,0.017548306999999996,0.020839241333333335,0.018267662333333334,0.006120989633333333,0.007223174833333333,0.018001789999999997,0.0077850024,0.028995176199999997,0.02701456343333333,0.005147538333333332,0.005335599,0.02213776513333333,0.017556180533333337,0.028443805666666665,0.013216759466666667,1.9868214999999996e-09,0.014123799266666666,0.01833998333333333,0.027261294800000002,0.0190994978,0.024822866833333332,0.0175351004,0.021296900333333334,0.022258981233333332,0.006158983766666667,0.0069090386666666665,0.013164367433333332,0.018413300466666664,0.021263452533333334,0.006020154666666666,0.028036894333333333,0.016762435500000002,0.050493845333333336,0.002821691866666667,0.0111376384,0.016279703266666667,0.027873868,0.004445379966666666,0.021490836100000004,0.014910564666666666,0.030449274333333335,0.012926012366666666,0.020696727566666667,0.0243689181,0.014235683433333333,0.026813217,0.013586187433333334,0.018981437233333336,0.005481225166666668,0.029766764466666665,0.0046530525,0.010513170733333332,0.02153947653333333,0.009331371333333333,0.009907405033333335,0.029315902833333334,0.0251382846,0.005613672733333334,0.028153429466666668,0.009073619133333332,0.012044520766666667,0.006010560333333333,0.020335191366666668,0.0041379114,0.005391605533333334,0.019201306199999997,0.018686910433333332,0.022712843333333337,0.015567342466666667,0.0249502814,0.021029772233333334,0.0073620874999999995,0.011438999466666665,0.008929385699999999,0.018242049333333333,0.020839241333333335,0.02701456343333333,0.005147538333333332,0.013216759466666667,0.0190994978,0.0175351004,0.021296900333333334,0.013164367433333332,0.018413300466666664,0.028036894333333333,0.021490836100000004,0.014910564666666666,0.020696727566666667,0.013586187433333334,0.028153429466666668,0.009073619133333332,0.015567342466666667
5,0.014255140333333333,0.020600718,0.014342089333333334,0.017422963733333335,0.014123799266666666,3.973642999999999e-09,0.011509002766666665,0.0129545549,0.011459726233333332,0.014324891666666667,0.007879827433333333,0.017379520466666666,0.017420486766666667,0.013268566133333333,0.01174584866666667,0.0091878812,0.015345498333333334,0.014280255600000001,0.012315370566666668,0.012345906133333332,0.01803297386666667,0.008040738,0.01888821133333333,0.020165566000000003,0.010865629,0.038950415,0.006945039866666667,0.012242774233333333,0.012835490866666667,0.008382447433333332,0.007871043566666668,0.014908158333333334,0.010157833599999999,0.009761039266666667,0.014499704100000002,0.014082261,0.015775650666666665,0.014808934833333332,0.01582195366666667,0.012262904733333333,0.012382312666666668,0.015676011766666668,0.013873104266666667,0.009052048066666667,0.016376344333333334,0.013292320566666667,0.016876973666666666,0.014678003333333333,0.013820682,0.014933142566666667,0.0110198239,0.0175634028,0.01623638883333333,0.013392559333333333,0.016750337666666667,0.015362745333333334,0.017332643233333334,0.011932466566666666,0.018408407999999998,0.018191114999999997,0.01582195366666667,0.014255140333333333,0.0175911365,0.012262904733333333,0.012382312666666668,0.019720139466666668,0.012345906133333332,0.015676011766666668,0.01803297386666667,0.008040738,0.013873104266666667,0.020600718,0.016260516666666665,0.011409203666666668,0.014342089333333334,0.017422963733333335,0.009052048066666667,0.01888821133333333,0.017955783666666666,0.014123799266666666,3.973642999999999e-09,0.011509002766666665,0.020165566000000003,0.016316411833333332,0.0129545549,0.0167672356,0.013707759433333333,0.011459726233333332,0.016376344333333334,0.010865629,0.0176918352,0.0173134982,0.014324891666666667,0.013292320566666667,0.017193273800000002,0.016876973666666666,0.038950415,0.014678003333333333,0.013820682,0.007879827433333333,0.017379520466666666,0.014933142566666667,0.015112936366666666,0.016414743666666665,0.017420486766666667,0.006945039866666667,0.017088294233333336,0.012242774233333333,0.0110198239,0.012835490866666667,0.017034011833333338,0.013268566133333333,0.01174584866666667,0.0175634028,0.01623638883333333,0.0091878812,0.008382447433333332,0.015345498333333334,0.007871043566666668,0.014908158333333334,0.014280255600000001,0.013392559333333333,0.015937529333333332,0.014063159566666669,0.012315370566666668,0.010157833599999999,0.009761039266666667,0.016750337666666667,0.015362745333333334,0.014499704100000002,0.014082261,0.015775650666666665,0.017035236000000002,0.017332643233333334,0.014808934833333332,0.011932466566666666,0.018408407999999998,0.018191114999999997,0.0175911365,0.019720139466666668,0.016260516666666665,0.011409203666666668,0.017955783666666666,0.016316411833333332,0.0167672356,0.013707759433333333,0.0176918352,0.0173134982,0.017193273800000002,0.015112936366666666,0.016414743666666665,0.017088294233333336,0.017034011833333338,0.015937529333333332,0.014063159566666669,0.017035236000000002
6,0.01796622856666667,0.018224436,0.0170797665,0.008054331766666667,0.01833998333333333,0.011509002766666665,0.0,0.009065254666666666,0.015100366,0.005837935200000001,0.015719260933333333,0.014736086,0.014413444166666668,0.015940845,0.015251684233333333,0.013139224533333334,0.015746048999999998,0.007016057,0.015450026466666666,0.016615943,0.0208928219,0.008760463999999999,0.0184237758,0.019987109666666666,0.013209529833333334,0.035009525,0.0113235276,0.013809919533333333,0.013945088866666667,0.007361112166666667,0.014825632166666667,0.011092116166666666,0.014600346933333334,0.0150510272,0.017681872866666667,0.0178087989,0.01795091626666667,0.0052453776333333335,0.018764291766666667,0.011081461166666667,0.017133406866666666,0.019145345666666664,0.017047176766666665,0.012551085033333333,0.0176652019,0.0154096623,0.019279792333333334,0.018176219833333333,0.013127573666666666,0.017609987566666666,0.013560748000000001,0.015106739566666666,0.019120454866666668,0.01724181786666667,0.019678717,0.0164185781,0.008844574133333335,0.0168955645,0.015021282333333332,0.020809925,0.018764291766666667,0.01796622856666667,0.010709907666666666,0.011081461166666667,0.017133406866666666,0.0142934502,0.016615943,0.019145345666666664,0.0208928219,0.008760463999999999,0.017047176766666665,0.018224436,0.012259090066666667,0.015547237700000001,0.0170797665,0.008054331766666667,0.012551085033333333,0.0184237758,0.015897631333333332,0.01833998333333333,0.011509002766666665,0.0,0.019987109666666666,0.008870516166666667,0.009065254666666666,0.016823955433333333,0.008029490733333334,0.015100366,0.0176652019,0.013209529833333334,0.016013062133333335,0.013268113266666666,0.005837935200000001,0.0154096623,0.009907017166666667,0.019279792333333334,0.035009525,0.018176219833333333,0.013127573666666666,0.015719260933333333,0.014736086,0.017609987566666666,0.010118394799999998,0.0180231711,0.014413444166666668,0.0113235276,0.0117904579,0.013809919533333333,0.013560748000000001,0.013945088866666667,0.015244980666666666,0.015940845,0.015251684233333333,0.015106739566666666,0.019120454866666668,0.013139224533333334,0.007361112166666667,0.015746048999999998,0.014825632166666667,0.011092116166666666,0.007016057,0.01724181786666667,0.0129219951,0.011308288466666667,0.015450026466666666,0.014600346933333334,0.0150510272,0.019678717,0.0164185781,0.017681872866666667,0.0178087989,0.01795091626666667,0.016508384733333333,0.008844574133333335,0.0052453776333333335,0.0168955645,0.015021282333333332,0.020809925,0.010709907666666666,0.0142934502,0.012259090066666667,0.015547237700000001,0.015897631333333332,0.008870516166666667,0.016823955433333333,0.008029490733333334,0.016013062133333335,0.013268113266666666,0.009907017166666667,0.010118394799999998,0.0180231711,0.0117904579,0.015244980666666666,0.0129219951,0.011308288466666667,0.016508384733333333
7,0.016392187,0.015039869133333333,0.0228943979,0.0076733749,0.024822866833333332,0.0129545549,0.009065254666666666,1.9868214999999996e-09,0.012528670066666667,0.006371565666666666,0.0154079556,0.010541987533333333,0.009024238433333333,0.017262830333333333,0.022641371666666667,0.015163463333333333,0.021003937766666668,0.0023319145333333337,0.019534368066666665,0.016305633333333333,0.026356938833333333,0.009445915466666668,0.014617881999999999,0.017296288333333333,0.02021639123333334,0.029396204,0.014954618333333333,0.009425737566666667,0.008132058466666666,0.007052411666666666,0.018149314333333333,0.0043135901666666665,0.0214013159,0.0127518931,0.017976667466666665,0.018230911133333336,0.016251794666666666,0.006135139766666667,0.025563917533333334,0.016729986333333332,0.017612199,0.024913122333333333,0.022394888666666668,0.011201898333333331,0.024794340333333338,0.021787733066666665,0.021483987666666666,0.024995997833333335,0.01952256266666667,0.0248914598,0.014342421433333332,0.007880628133333335,0.025580507466666666,0.023814359333333333,0.026057431333333332,0.02372063233333333,0.005206847266666667,0.022267912,0.020743588666666667,0.025063218666666668,0.025563917533333334,0.016392187,0.012173261166666668,0.016729986333333332,0.017612199,0.017021824666666668,0.016305633333333333,0.024913122333333333,0.026356938833333333,0.009445915466666668,0.022394888666666668,0.015039869133333333,0.007722147166666667,0.02255297666666667,0.0228943979,0.0076733749,0.011201898333333331,0.014617881999999999,0.02161910733333333,0.024822866833333332,0.0129545549,0.009065254666666666,0.017296288333333333,0.011047655633333335,1.9868214999999996e-09,0.019102439266666667,0.005156954233333333,0.012528670066666667,0.024794340333333338,0.02021639123333334,0.018305462666666668,0.014860053766666666,0.006371565666666666,0.021787733066666665,0.007723941333333333,0.021483987666666666,0.029396204,0.024995997833333335,0.01952256266666667,0.0154079556,0.010541987533333333,0.0248914598,0.006500474633333334,0.021940931333333337,0.009024238433333333,0.014954618333333333,0.008318086466666668,0.009425737566666667,0.014342421433333332,0.008132058466666666,0.01958266516666667,0.017262830333333333,0.022641371666666667,0.007880628133333335,0.025580507466666666,0.015163463333333333,0.007052411666666666,0.021003937766666668,0.018149314333333333,0.0043135901666666665,0.0023319145333333337,0.023814359333333333,0.0076499878,0.0201410911,0.019534368066666665,0.0214013159,0.0127518931,0.026057431333333332,0.02372063233333333,0.017976667466666665,0.018230911133333336,0.016251794666666666,0.0200491489,0.005206847266666667,0.006135139766666667,0.022267912,0.020743588666666667,0.025063218666666668,0.012173261166666668,0.017021824666666668,0.007722147166666667,0.02255297666666667,0.02161910733333333,0.011047655633333335,0.019102439266666667,0.005156954233333333,0.018305462666666668,0.014860053766666666,0.007723941333333333,0.006500474633333334,0.021940931333333337,0.008318086466666668,0.01958266516666667,0.0076499878,0.0201410911,0.0200491489
8,0.0050689438,0.008413404333333334,0.024279023233333332,0.017863667166666663,0.022258981233333332,0.011459726233333332,0.015100366,0.012528670066666667,3.973642999999999e-09,0.013945406766666666,0.007599832733333334,0.007818154666666667,0.007691774666666667,0.0057562608,0.017766691166666668,0.016052989333333333,0.022329962400000004,0.012732640933333334,0.012333820466666668,0.006932314,0.024627687433333333,0.010284251,0.0064991196666666666,0.008262687999999999,0.02069079893333333,0.028476487999999998,0.011759427999999999,0.003899769,0.004956193866666667,0.008819093333333333,0.016482814233333334,0.010797051333333333,0.017050107333333335,0.004394058466666667,0.0075725574333333325,0.0075700839333333325,0.006727445099999999,0.016837364333333334,0.024079503766666666,0.020818273333333335,0.008263874000000001,0.02232502026666667,0.019958627333333333,0.009105843433333333,0.023585023666666666,0.02340697833333333,0.014379473333333333,0.02334048026666667,0.018014105,0.02216651983333334,0.014340495933333334,0.007998037166666666,0.0238714398,0.0202381869,0.024376354566666664,0.024210825133333336,0.016233513666666668,0.01786355833333333,0.024379392999999996,0.023273809433333334,0.024079503766666666,0.0050689438,0.02062855413333333,0.020818273333333335,0.008263874000000001,0.019663818666666666,0.006932314,0.02232502026666667,0.024627687433333333,0.010284251,0.019958627333333333,0.008413404333333334,0.008387231666666667,0.019474638400000004,0.024279023233333332,0.017863667166666663,0.009105843433333333,0.0064991196666666666,0.021561734,0.022258981233333332,0.011459726233333332,0.015100366,0.008262687999999999,0.018103651333333335,0.012528670066666667,0.014005696933333334,0.013890421333333331,3.973642999999999e-09,0.023585023666666666,0.02069079893333333,0.021828569100000004,0.016396001566666665,0.013945406766666666,0.02340697833333333,0.014097239333333332,0.014379473333333333,0.028476487999999998,0.02334048026666667,0.018014105,0.007599832733333334,0.007818154666666667,0.02216651983333334,0.0144232591,0.017003786733333335,0.007691774666666667,0.011759427999999999,0.018072696333333336,0.003899769,0.014340495933333334,0.004956193866666667,0.0209712958,0.0057562608,0.017766691166666668,0.007998037166666666,0.0238714398,0.016052989333333333,0.008819093333333333,0.022329962400000004,0.016482814233333334,0.010797051333333333,0.012732640933333334,0.0202381869,0.0070339838,0.02062650783333333,0.012333820466666668,0.017050107333333335,0.004394058466666667,0.024376354566666664,0.024210825133333336,0.0075725574333333325,0.0075700839333333325,0.006727445099999999,0.017093263066666666,0.016233513666666668,0.016837364333333334,0.01786355833333333,0.024379392999999996,0.023273809433333334,0.02062855413333333,0.019663818666666666,0.008387231666666667,0.019474638400000004,0.021561734,0.018103651333333335,0.014005696933333334,0.013890421333333331,0.021828569100000004,0.016396001566666665,0.014097239333333332,0.0144232591,0.017003786733333335,0.018072696333333336,0.0209712958,0.0070339838,0.02062650783333333,0.017093263066666666
9,0.016114175666666668,0.0149796088,0.019784409233333335,0.004971184233333333,0.021263452533333334,0.014324891666666667,0.005837935200000001,0.006371565666666666,0.013945406766666666,0.0,0.016116487999999998,0.01244029966666667,0.010849596933333334,0.015094628100000002,0.018760288133333334,0.014768159900000001,0.01671196633333333,0.0052266261,0.014908899733333335,0.015584067533333334,0.022208767999999997,0.010644469766666666,0.015501973666666669,0.016597372166666666,0.017219931,0.03218271733333333,0.014840004733333334,0.0125120366,0.012013695533333334,0.0073415874666666655,0.0170470155,0.009321477166666666,0.0175915461,0.015553959133333333,0.015775466266666666,0.016231989766666666,0.015301873200000001,0.0043063541000000006,0.0216528794,0.012745503916666666,0.015590725333333333,0.02011406906666667,0.017756293166666666,0.0106836798,0.019633675,0.0182381579,0.017454036233333334,0.021053230666666665,0.012461614733333333,0.020458008166666666,0.010886879566666667,0.011462916999999998,0.0212820689,0.020111149,0.022398821399999998,0.019545727833333335,0.004804058799999999,0.0186322948,0.016144399,0.020732108566666668,0.0216528794,0.016114175666666668,0.0073615016000000005,0.012745503916666666,0.015590725333333333,0.011054275666666669,0.015584067533333334,0.02011406906666667,0.022208767999999997,0.010644469766666666,0.017756293166666666,0.0149796088,0.0077652829999999996,0.018814808733333334,0.019784409233333335,0.004971184233333333,0.0106836798,0.015501973666666669,0.017231919433333336,0.021263452533333334,0.014324891666666667,0.005837935200000001,0.016597372166666666,0.007247765866666667,0.006371565666666666,0.015545554933333334,0.0037432233666666666,0.013945406766666666,0.019633675,0.017219931,0.014451855466666667,0.009666353800000001,0.0,0.0182381579,0.008092775,0.017454036233333334,0.03218271733333333,0.021053230666666665,0.012461614733333333,0.016116487999999998,0.01244029966666667,0.020458008166666666,0.005124219133333332,0.0165377695,0.010849596933333334,0.014840004733333334,0.007201637833333333,0.0125120366,0.010886879566666667,0.012013695533333334,0.013181911166666668,0.015094628100000002,0.018760288133333334,0.011462916999999998,0.0212820689,0.014768159900000001,0.0073415874666666655,0.01671196633333333,0.0170470155,0.009321477166666666,0.0052266261,0.020111149,0.008896362666666666,0.015546794833333332,0.014908899733333335,0.0175915461,0.015553959133333333,0.022398821399999998,0.019545727833333335,0.015775466266666666,0.016231989766666666,0.015301873200000001,0.0157892069,0.004804058799999999,0.0043063541000000006,0.0186322948,0.016144399,0.020732108566666668,0.0073615016000000005,0.011054275666666669,0.0077652829999999996,0.018814808733333334,0.017231919433333336,0.007247765866666667,0.015545554933333334,0.0037432233666666666,0.014451855466666667,0.009666353800000001,0.008092775,0.005124219133333332,0.0165377695,0.007201637833333333,0.013181911166666668,0.008896362666666666,0.015546794833333332,0.0157892069
10,0.006191974933333333,0.015443903166666667,0.017674076566666665,0.0191972732,0.016279703266666667,0.007879827433333333,0.015719260933333333,0.0154079556,0.007599832733333334,0.016116487999999998,0.0,0.012703273999999999,0.014815328333333332,0.0093291381,0.014835315866666669,0.011803541566666667,0.017701643666666666,0.016672128533333334,0.010565799333333332,0.007662113466666666,0.01925818406666667,0.011508967466666666,0.013167421,0.013076806,0.014116702466666665,0.03793273,0.011352842866666666,0.010819782966666667,0.010047934566666666,0.012323025666666666,0.011456342466666665,0.01737035533333333,0.013048924966666665,0.007464381000000001,0.007218992766666666,0.0067555426,0.0089893858,0.017932760833333335,0.017544289666666667,0.015800976833333334,0.0071733095999999994,0.015948758566666665,0.013705353,0.0102706871,0.017172563566666667,0.017121567433333335,0.011468595333333333,0.016268466,0.014167849333333333,0.015881159,0.011163912266666666,0.0154595314,0.017663721400000002,0.014062106733333333,0.018055385433333335,0.017522835566666665,0.019021086,0.011571037633333333,0.019539751666666664,0.018111322233333334,0.017544289666666667,0.006191974933333333,0.018880682,0.015800976833333334,0.0071733095999999994,0.019573823333333334,0.007662113466666666,0.015948758566666665,0.01925818406666667,0.011508967466666666,0.013705353,0.015443903166666667,0.013297335366666666,0.013625148833333331,0.017674076566666665,0.0191972732,0.0102706871,0.013167421,0.017974122266666667,0.016279703266666667,0.007879827433333333,0.015719260933333333,0.013076806,0.017771474433333333,0.0154079556,0.011018441266666668,0.015359658066666667,0.007599832733333334,0.017172563566666667,0.014116702466666665,0.0172232428,0.014749926200000001,0.016116487999999998,0.017121567433333335,0.019996541666666666,0.011468595333333333,0.03793273,0.016268466,0.014167849333333333,0.0,0.012703273999999999,0.015881159,0.014879703166666668,0.014391553800000002,0.014815328333333332,0.011352842866666666,0.018185249766666668,0.010819782966666667,0.011163912266666666,0.010047934566666666,0.016957545433333332,0.0093291381,0.014835315866666669,0.0154595314,0.017663721400000002,0.011803541566666667,0.012323025666666666,0.017701643666666666,0.011456342466666665,0.01737035533333333,0.016672128533333334,0.014062106733333333,0.013077717766666669,0.018044986333333336,0.010565799333333332,0.013048924966666665,0.007464381000000001,0.018055385433333335,0.017522835566666665,0.007218992766666666,0.0067555426,0.0089893858,0.013106606466666667,0.019021086,0.017932760833333335,0.011571037633333333,0.019539751666666664,0.018111322233333334,0.018880682,0.019573823333333334,0.013297335366666666,0.013625148833333331,0.017974122266666667,0.017771474433333333,0.011018441266666668,0.015359658066666667,0.0172232428,0.014749926200000001,0.019996541666666666,0.014879703166666668,0.014391553800000002,0.018185249766666668,0.016957545433333332,0.013077717766666669,0.018044986333333336,0.013106606466666667
11,0.009853152333333334,0.005092283,0.028274365000000003,0.01570377133333333,0.027873868,0.017379520466666666,0.014736086,0.010541987533333333,0.007818154666666667,0.01244029966666667,0.012703273999999999,3.973642999999999e-09,0.004872731333333334,0.011313678900000002,0.02449302133333333,0.01954455376666667,0.024832059866666666,0.010460873333333334,0.01893502266666667,0.0117641448,0.02904355633333333,0.013348823333333334,0.005789099333333333,0.0072417815,0.023867491799999998,0.025321608833333335,0.01694277933333333,0.006845716666666666,0.005907410333333333,0.010750504333333332,0.021602040666666666,0.009670350999999999,0.023404789766666666,0.009676943,0.012552976433333333,0.012780195333333333,0.0096711339,0.015334946,0.028734640799999996,0.023456212333333334,0.0125055391,0.026678681,0.024600553600000002,0.013052971833333335,0.02686095733333333,0.027660047866666666,0.01816112,0.027656286999999998,0.020301502866666665,0.026920507333333333,0.01663581683333333,0.006083059333333333,0.027894618,0.025959189666666667,0.029061207999999998,0.0276344,0.013643404,0.023413496333333336,0.024825159666666666,0.027456413333333336,0.028734640799999996,0.009853152333333334,0.019099603,0.023456212333333334,0.0125055391,0.016509894666666667,0.0117641448,0.026678681,0.02904355633333333,0.013348823333333334,0.024600553600000002,0.005092283,0.0054813385,0.024622446133333333,0.028274365000000003,0.01570377133333333,0.013052971833333335,0.005789099333333333,0.022961295333333336,0.027873868,0.017379520466666666,0.014736086,0.0072417815,0.0165517252,0.010541987533333333,0.016105306,0.011800241466666667,0.007818154666666667,0.02686095733333333,0.023867491799999998,0.0230666562,0.015548227333333334,0.01244029966666667,0.027660047866666666,0.012101253000000001,0.01816112,0.025321608833333335,0.027656286999999998,0.020301502866666665,0.012703273999999999,3.973642999999999e-09,0.026920507333333333,0.013071733666666667,0.018919332,0.004872731333333334,0.01694277933333333,0.015661380666666665,0.006845716666666666,0.01663581683333333,0.005907410333333333,0.021669917666666667,0.011313678900000002,0.02449302133333333,0.006083059333333333,0.027894618,0.01954455376666667,0.010750504333333332,0.024832059866666666,0.021602040666666666,0.009670350999999999,0.010460873333333334,0.025959189666666667,0.004384940866666667,0.024754965666666667,0.01893502266666667,0.023404789766666666,0.009676943,0.029061207999999998,0.0276344,0.012552976433333333,0.012780195333333333,0.0096711339,0.019148032,0.013643404,0.015334946,0.023413496333333336,0.024825159666666666,0.027456413333333336,0.019099603,0.016509894666666667,0.0054813385,0.024622446133333333,0.022961295333333336,0.0165517252,0.016105306,0.011800241466666667,0.0230666562,0.015548227333333334,0.012101253000000001,0.013071733666666667,0.018919332,0.015661380666666665,0.021669917666666667,0.004384940866666667,0.024754965666666667,0.019148032
