,omer_02.jpg,tal_05.jpg,omer_07.jpg,tal_06.jpg,omer_06.jpg,omer_08.jpg,tal_01.jpg,omer_03.jpg,tal_07.jpg,tal_03.jpg,omer_04.jpg,omer_10.jpg,tal_09.jpg,tal_02.jpg,tal_08.jpg,omer_09.jpg,tal_10.jpg,omer_05.jpg,tal_04.jpg,matt_04.jpg,dom_10.jpg,dom_05.jpg,matt_08.jpg,dom_04.jpg,matt_02.jpg,matt_07.jpg,matt_06.jpg,matt_05.jpg,dom_07.jpg,dom_03.jpg,matt_03.jpg,matt_01.jpg,dom_06.jpg,matt_10.jpg,dom_01.jpg,dom_09.jpg,matt_09.jpg,dom_02.jpg,tess_03.jpg,taz_06.jpg,taz_04.jpg,taz_03.jpg,tess_01.jpg,tess_07.jpg,tess_05.jpg,taz_05.jpg,tess_02.jpg,tess_09.jpg,tess_06.jpg,taz_07.jpg,taz_02.jpg,tess_04.jpg,taz_09.jpg,tess_08.jpg,taz_08.jpg,taz_01.jpg,tess_10.jpg,taz_10.jpg,marina_07.jpg,tamar_04.jpg,tess_03.jpg.1,omer_02.jpg.1,marina_04.jpg,taz_06.jpg.1,taz_04.jpg.1,marina_01.jpg,matt_04.jpg.1,taz_03.jpg.1,dom_10.jpg.1,dom_05.jpg.1,tess_01.jpg.1,tal_05.jpg.1,marina_06.jpg,tamar_09.jpg,omer_07.jpg.1,tal_06.jpg.1,tess_07.jpg.1,matt_08.jpg.1,marina_08.jpg,omer_06.jpg.1,omer_08.jpg.1,tal_01.jpg.1,dom_04.jpg.1,tamar_10.jpg,omer_03.jpg.1,tamar_02.jpg,tamar_05.jpg,tal_07.jpg.1,tess_05.jpg.1,matt_02.jpg.1,tamar_07.jpg,tamar_03.jpg,tal_03.jpg.1,taz_05.jpg.1,marina_09.jpg,tess_02.jpg.1,matt_07.jpg.1,tess_09.jpg.1,tess_06.jpg.1,omer_04.jpg.1,omer_10.jpg.1,taz_07.jpg.1,tamar_01.jpg,marina_10.jpg,tal_09.jpg.1,matt_06.jpg.1,tamar_06.jpg,matt_05.jpg.1,taz_02.jpg.1,dom_07.jpg.1,marina_05.jpg,tal_02.jpg.1,tal_08.jpg.1,tess_04.jpg.1,taz_09.jpg.1,omer_09.jpg.1,dom_03.jpg.1,tal_10.jpg.1,matt_03.jpg.1,matt_01.jpg.1,omer_05.jpg.1,tess_08.jpg.1,marina_02.jpg,marina_03.jpg,tal_04.jpg.1,dom_06.jpg.1,matt_10.jpg.1,taz_08.jpg.1,taz_01.jpg.1,dom_01.jpg.1,dom_09.jpg.1,matt_09.jpg.1,tamar_08.jpg,tess_10.jpg.1,dom_02.jpg.1,taz_10.jpg.1,marina_07.jpg.1,tamar_04.jpg.1,marina_04.jpg.1,marina_01.jpg.1,marina_06.jpg.1,tamar_09.jpg.1,marina_08.jpg.1,tamar_10.jpg.1,tamar_02.jpg.1,tamar_05.jpg.1,tamar_07.jpg.1,tamar_03.jpg.1,marina_09.jpg.1,tamar_01.jpg.1,marina_10.jpg.1,tamar_06.jpg.1,marina_05.jpg.1,marina_02.jpg.1,marina_03.jpg.1,tamar_08.jpg.1
0,1.9868214999999996e-09,0.016075833666666664,0.012742902666666665,0.014935650333333333,0.0099139789,0.017547718666666667,0.012654199333333335,0.018679084000000002,0.004853190966666667,0.010515151666666667,0.004937688533333333,0.026907857333333333,0.032195968000000005,0.005017481233333333,0.0087327579,0.024453234333333334,0.023099817666666668,0.020216433333333332,0.008585125199999998,0.005200962166666667,0.011368243,0.011706372,0.009822626733333334,0.020853898333333332,0.008687893466666667,0.034457961333333335,0.010700867499999999,0.007852387666666667,0.007932663,0.012759150833333333,0.0069601159,0.018124952333333333,0.0063741406,0.009722663866666667,0.0062494496333333335,0.006304347533333333,0.013501413666666665,0.014911328,0.0108638982,0.011374255,0.005080554766666667,0.0080862085,0.008079206866666666,0.010403661000000002,0.009309872,0.012486360666666666,0.010937454333333334,0.010382930333333333,0.0062290926666666675,0.0098697105,0.009068087666666667,0.0073803225,0.011646751666666667,0.009073960666666665,0.010574110199999999,0.011526434,0.018480366333333335,0.008985873333333333,0.012443150866666666,0.0100385448,0.0108638982,1.9868214999999996e-09,0.015672876666666665,0.011374255,0.005080554766666667,0.028659282666666668,0.005200962166666667,0.0080862085,0.011368243,0.011706372,0.008079206866666666,0.016075833666666664,0.016607632333333334,0.010883980866666667,0.012742902666666665,0.014935650333333333,0.010403661000000002,0.009822626733333334,0.022474812333333333,0.0099139789,0.017547718666666667,0.012654199333333335,0.020853898333333332,0.020251442999999997,0.018679084000000002,0.016200693333333332,0.014679672333333334,0.004853190966666667,0.009309872,0.008687893466666667,0.011457661666666667,0.010998380133333334,0.010515151666666667,0.012486360666666666,0.027059148666666668,0.010937454333333334,0.034457961333333335,0.010382930333333333,0.0062290926666666675,0.004937688533333333,0.026907857333333333,0.0098697105,0.0124767085,0.018136764000000003,0.032195968000000005,0.010700867499999999,0.015337192666666668,0.007852387666666667,0.009068087666666667,0.007932663,0.015105503999999999,0.005017481233333333,0.0087327579,0.0073803225,0.011646751666666667,0.024453234333333334,0.012759150833333333,0.023099817666666668,0.0069601159,0.018124952333333333,0.020216433333333332,0.009073960666666665,0.010299518,0.014697533666666667,0.008585125199999998,0.0063741406,0.009722663866666667,0.010574110199999999,0.011526434,0.0062494496333333335,0.006304347533333333,0.013501413666666665,0.010123785233333333,0.018480366333333335,0.014911328,0.008985873333333333,0.012443150866666666,0.0100385448,0.015672876666666665,0.028659282666666668,0.016607632333333334,0.010883980866666667,0.022474812333333333,0.020251442999999997,0.016200693333333332,0.014679672333333334,0.011457661666666667,0.010998380133333334,0.027059148666666668,0.0124767085,0.018136764000000003,0.015337192666666668,0.015105503999999999,0.010299518,0.014697533666666667,0.010123785233333333
1,0.016075833666666664,0.0,0.025068608666666665,0.026291029333333334,0.025968154333333333,0.016271669,0.02558702033333333,0.018475804666666665,0.017133138666666665,0.026226581333333332,0.020279031666666666,0.010497560333333333,0.013291744333333333,0.014385370533333334,0.025174359666666663,0.010542381,0.015096704333333332,0.015589175666666667,0.023608472,0.020187769333333334,0.013309764666666666,0.022855705,0.014103504333333334,0.010146931666666666,0.023786664333333332,0.015538458,0.026272314666666668,0.021094705666666668,0.017821597666666668,0.020147663333333333,0.01977069366666667,0.018484810666666667,0.022656089,0.025222073,0.021530880333333332,0.015962078,0.01786796666666667,0.023466050666666665,0.02668761266666667,0.026639781333333334,0.021246898333333333,0.024282888333333332,0.024194594333333333,0.026305971666666664,0.02531128333333333,0.025753494333333335,0.019064331666666667,0.02654452066666667,0.021098544333333337,0.025682673333333336,0.02219840333333333,0.022266757333333335,0.019012329666666668,0.025252516999999995,0.026456513000000004,0.026572237333333335,0.025675783666666667,0.025443983,0.023322451,0.02417348533333333,0.02668761266666667,0.016075833666666664,0.023543056,0.026639781333333334,0.021246898333333333,0.016444158666666667,0.020187769333333334,0.024282888333333332,0.013309764666666666,0.022855705,0.024194594333333333,0.0,0.02076196866666667,0.026135283333333332,0.025068608666666665,0.026291029333333334,0.026305971666666664,0.014103504333333334,0.011978431666666668,0.025968154333333333,0.016271669,0.02558702033333333,0.010146931666666666,0.014527784,0.018475804666666665,0.011765567499999999,0.021074869333333336,0.017133138666666665,0.02531128333333333,0.023786664333333332,0.024479836333333335,0.02384475466666667,0.026226581333333332,0.025753494333333335,0.014034825333333334,0.019064331666666667,0.015538458,0.02654452066666667,0.021098544333333337,0.020279031666666666,0.010497560333333333,0.025682673333333336,0.023998465000000004,0.009011862666666667,0.013291744333333333,0.026272314666666668,0.015146229666666667,0.021094705666666668,0.02219840333333333,0.017821597666666668,0.017625115799999997,0.014385370533333334,0.025174359666666663,0.022266757333333335,0.019012329666666668,0.010542381,0.020147663333333333,0.015096704333333332,0.01977069366666667,0.018484810666666667,0.015589175666666667,0.025252516999999995,0.014178832333333334,0.022563902333333333,0.023608472,0.022656089,0.025222073,0.026456513000000004,0.026572237333333335,0.021530880333333332,0.015962078,0.01786796666666667,0.022670097666666663,0.025675783666666667,0.023466050666666665,0.025443983,0.023322451,0.02417348533333333,0.023543056,0.016444158666666667,0.02076196866666667,0.026135283333333332,0.011978431666666668,0.014527784,0.011765567499999999,0.021074869333333336,0.024479836333333335,0.02384475466666667,0.014034825333333334,0.023998465000000004,0.009011862666666667,0.015146229666666667,0.017625115799999997,0.014178832333333334,0.022563902333333333,0.022670097666666663
2,0.012742902666666665,0.025068608666666665,1.9868214999999996e-09,0.007646381833333333,0.005711750000000001,0.016254598,0.004560828133333333,0.012153989233333332,0.013173387666666666,0.004437150633333333,0.007265319333333333,0.032576867,0.03842035333333334,0.015540878333333334,0.007152764,0.026884023333333333,0.023721745666666672,0.020161306666666667,0.007665676,0.011117319333333335,0.013122680000000001,0.007627628133333333,0.02005385566666667,0.02809227,0.004737484533333333,0.040463233333333334,0.005874661666666667,0.009978076,0.012570212166666666,0.011376800099999999,0.009640199,0.014898705333333333,0.008066916333333334,0.007548431666666667,0.009774355,0.015043109666666665,0.0169547,0.006687357,0.005632072533333333,0.004457219433333334,0.007931558333333333,0.006031797233333334,0.005825110333333334,0.0059824962666666665,0.005519495433333333,0.0039075414,0.013208101333333333,0.005677714,0.006930979133333333,0.0067336382,0.004881409866666667,0.0064146259,0.008894948266666666,0.006325244999999999,0.005807183333333333,0.0049777012,0.013405555666666668,0.006528355766666666,0.005057148166666667,0.007926341,0.005632072533333333,0.012742902666666665,0.010902506000000001,0.004457219433333334,0.007931558333333333,0.030135862000000003,0.011117319333333335,0.006031797233333334,0.013122680000000001,0.007627628133333333,0.005825110333333334,0.025068608666666665,0.016781831,0.005313231599999999,1.9868214999999996e-09,0.007646381833333333,0.0059824962666666665,0.02005385566666667,0.024183136333333334,0.005711750000000001,0.016254598,0.004560828133333333,0.02809227,0.018049669333333334,0.012153989233333332,0.018384041333333333,0.008471218666666665,0.013173387666666666,0.005519495433333333,0.004737484533333333,0.0066745241,0.006908814166666667,0.004437150633333333,0.0039075414,0.028084094,0.013208101333333333,0.040463233333333334,0.005677714,0.006930979133333333,0.007265319333333333,0.032576867,0.0067336382,0.007136476066666666,0.025358976999999998,0.03842035333333334,0.005874661666666667,0.011058586833333332,0.009978076,0.004881409866666667,0.012570212166666666,0.012879737000000002,0.015540878333333334,0.007152764,0.0064146259,0.008894948266666666,0.026884023333333333,0.011376800099999999,0.023721745666666672,0.009640199,0.014898705333333333,0.020161306666666667,0.006325244999999999,0.012885928,0.006279724933333333,0.007665676,0.008066916333333334,0.007548431666666667,0.005807183333333333,0.0049777012,0.009774355,0.015043109666666665,0.0169547,0.008205865,0.013405555666666668,0.006687357,0.006528355766666666,0.005057148166666667,0.007926341,0.010902506000000001,0.030135862000000003,0.016781831,0.005313231599999999,0.024183136333333334,0.018049669333333334,0.018384041333333333,0.008471218666666665,0.0066745241,0.006908814166666667,0.028084094,0.007136476066666666,0.025358976999999998,0.011058586833333332,0.012879737000000002,0.012885928,0.006279724933333333,0.008205865
3,0.014935650333333333,0.026291029333333334,0.007646381833333333,5.960464499999999e-09,0.008105285833333333,0.019835010866666666,0.0082486748,0.015007141866666667,0.015690028666666668,0.008058035333333333,0.010567790333333334,0.031481904,0.037730313333333335,0.01695974466666667,0.008707922666666666,0.028657595666666664,0.025646231666666665,0.020916126333333333,0.009429106999999999,0.013052262533333333,0.016377065666666666,0.011955044166666668,0.022542349999999996,0.027619912666666666,0.008856709866666666,0.03977906066666667,0.007759664333333333,0.012668595333333333,0.015495584466666667,0.015905374333333333,0.012446089500000002,0.0172898809,0.011663856,0.008724435333333334,0.011113534466666667,0.016554321666666667,0.017552896333333335,0.0082857252,0.007719512799999999,0.0066449881666666676,0.010703734666666668,0.008928592866666666,0.009128214800000001,0.007776089333333334,0.008284237,0.0088125188,0.013545286666666666,0.00806969,0.010554597666666667,0.008512401499999999,0.009291432266666667,0.010587199333333333,0.012538880266666667,0.008700035333333333,0.007690046000000001,0.007265045333333333,0.004521381833333333,0.008515276333333332,0.008696198433333333,0.008471177,0.007719512799999999,0.014935650333333333,0.003912383333333333,0.0066449881666666676,0.010703734666666668,0.027224864666666668,0.013052262533333333,0.008928592866666666,0.016377065666666666,0.011955044166666668,0.009128214800000001,0.026291029333333334,0.012849565333333335,0.007524283666666667,0.007646381833333333,5.960464499999999e-09,0.007776089333333334,0.022542349999999996,0.0244551878,0.008105285833333333,0.019835010866666666,0.0082486748,0.027619912666666666,0.016730495166666668,0.015007141866666667,0.01912443033333333,0.008016904233333334,0.015690028666666668,0.008284237,0.008856709866666666,0.004727113266666666,0.006142032333333334,0.008058035333333333,0.0088125188,0.028051255666666667,0.013545286666666666,0.03977906066666667,0.00806969,0.010554597666666667,0.010567790333333334,0.031481904,0.008512401499999999,0.004808024666666666,0.025401429000000007,0.037730313333333335,0.007759664333333333,0.012006062333333335,0.012668595333333333,0.009291432266666667,0.015495584466666667,0.013018445,0.01695974466666667,0.008707922666666666,0.010587199333333333,0.012538880266666667,0.028657595666666664,0.015905374333333333,0.025646231666666665,0.012446089500000002,0.0172898809,0.020916126333333333,0.008700035333333333,0.015551336533333333,0.011180480333333333,0.009429106999999999,0.011663856,0.008724435333333334,0.007690046000000001,0.007265045333333333,0.011113534466666667,0.016554321666666667,0.017552896333333335,0.008050751666666666,0.004521381833333333,0.0082857252,0.008515276333333332,0.008696198433333333,0.008471177,0.003912383333333333,0.027224864666666668,0.012849565333333335,0.007524283666666667,0.0244551878,0.016730495166666668,0.01912443033333333,0.008016904233333334,0.004727113266666666,0.006142032333333334,0.028051255666666667,0.004808024666666666,0.025401429000000007,0.012006062333333335,0.013018445,0.015551336533333333,0.011180480333333333,0.008050751666666666
4,0.0099139789,0.025968154333333333,0.005711750000000001,0.008105285833333333,3.973642999999999e-09,0.02151123286666667,0.0054900685666666674,0.01844795366666667,0.011955305166666668,0.0013996462,0.004835746566666668,0.036254298666666664,0.042578304,0.013582915133333333,0.002113384066666667,0.030203702,0.02631056456666667,0.025640399666666664,0.0031603157,0.008302436333333333,0.012749596333333333,0.009359937799999999,0.020344245,0.029317303333333333,0.0036629855,0.044469564999999996,0.0010847866666666667,0.0096942009,0.013349340833333334,0.013440167866666667,0.008596118166666666,0.020252223666666666,0.006432887,0.0037220061,0.005801707333333334,0.013727716666666667,0.015556128333333334,0.011168227333333334,0.0008522292000000001,0.0033792077666666667,0.004684025066666667,0.0020316422333333333,0.004720252800000001,0.0013848066166666669,0.0014581978666666667,0.006601279866666666,0.010161803333333334,0.0010049899533333333,0.005288183700000001,0.0017231027666666668,0.005300356866666666,0.0063414316,0.0097502806,0.0024633010333333333,0.0013614793666666667,0.001929191733333333,0.015256463999999999,0.0016514539666666666,0.0067037523,0.0046708127,0.0008522292000000001,0.0099139789,0.011233711333333334,0.0033792077666666667,0.004684025066666667,0.033421876333333336,0.008302436333333333,0.0020316422333333333,0.012749596333333333,0.009359937799999999,0.004720252800000001,0.025968154333333333,0.017838154333333335,0.002237463,0.005711750000000001,0.008105285833333333,0.0013848066166666669,0.020344245,0.02708829266666667,3.973642999999999e-09,0.02151123286666667,0.0054900685666666674,0.029317303333333333,0.022199775666666664,0.01844795366666667,0.020543388666666666,0.011697421666666668,0.011955305166666668,0.0014581978666666667,0.0036629855,0.005276753499999999,0.006002640766666667,0.0013996462,0.006601279866666666,0.032593477,0.010161803333333334,0.044469564999999996,0.0010049899533333333,0.005288183700000001,0.004835746566666668,0.036254298666666664,0.0017231027666666668,0.007450850666666667,0.027047953333333333,0.042578304,0.0010847866666666667,0.015399945,0.0096942009,0.005300356866666666,0.013349340833333334,0.014739409999999998,0.013582915133333333,0.002113384066666667,0.0063414316,0.0097502806,0.030203702,0.013440167866666667,0.02631056456666667,0.008596118166666666,0.020252223666666666,0.025640399666666664,0.0024633010333333333,0.015319146666666669,0.010288097333333333,0.0031603157,0.006432887,0.0037220061,0.0013614793666666667,0.001929191733333333,0.005801707333333334,0.013727716666666667,0.015556128333333334,0.005637258266666667,0.015256463999999999,0.011168227333333334,0.0016514539666666666,0.0067037523,0.0046708127,0.011233711333333334,0.033421876333333336,0.017838154333333335,0.002237463,0.02708829266666667,0.022199775666666664,0.020543388666666666,0.011697421666666668,0.005276753499999999,0.006002640766666667,0.032593477,0.007450850666666667,0.027047953333333333,0.015399945,0.014739409999999998,0.015319146666666669,0.010288097333333333,0.005637258266666667
5,0.017547718666666667,0.016271669,0.016254598,0.019835010866666666,0.02151123286666667,3.973642999999999e-09,0.016997142333333336,0.0070331415,0.013229920466666666,0.020907363666666668,0.018549959,0.01895381033333333,0.01762231,0.016687633333333333,0.021416252166666663,0.0121198515,0.011543834666666667,0.0066961009999999994,0.021351544466666664,0.019331215,0.015965721999999998,0.0130448225,0.010775299666666667,0.019553530333333336,0.018045969800000002,0.017134314666666667,0.021437256166666665,0.0134618262,0.011538360533333332,0.006812262666666667,0.01514108,0.0051287751,0.015959314666666665,0.02041898666666667,0.021009142666666668,0.01786029966666667,0.023396762666666668,0.0132013719,0.02168734616666667,0.019792666,0.019786191,0.021025427333333332,0.018183290999999997,0.02140520816666667,0.02121006266666667,0.015596834666666667,0.022887361333333335,0.02149987,0.01860462066666667,0.021670448666666668,0.017903393666666666,0.015763423666666665,0.015567008533333333,0.020361029,0.021476368000000003,0.020692737333333332,0.020247062333333333,0.021285139666666668,0.017199738333333332,0.0212947492,0.02168734616666667,0.017547718666666667,0.02106685233333333,0.019792666,0.019786191,0.023611753333333332,0.019331215,0.021025427333333332,0.015965721999999998,0.0130448225,0.018183290999999997,0.016271669,0.022655457333333334,0.020619490666666667,0.016254598,0.019835010866666666,0.02140520816666667,0.010775299666666667,0.012716827666666668,0.02151123286666667,3.973642999999999e-09,0.016997142333333336,0.019553530333333336,0.013889080333333333,0.0070331415,0.014120151666666667,0.018036083533333334,0.013229920466666666,0.02121006266666667,0.018045969800000002,0.020463645333333332,0.020304283,0.020907363666666668,0.015596834666666667,0.012809328333333333,0.022887361333333335,0.017134314666666667,0.02149987,0.01860462066666667,0.018549959,0.01895381033333333,0.021670448666666668,0.019411172433333332,0.01475725,0.01762231,0.021437256166666665,0.013982065666666665,0.0134618262,0.017903393666666666,0.011538360533333332,0.018159065666666665,0.016687633333333333,0.021416252166666663,0.015763423666666665,0.015567008533333333,0.0121198515,0.006812262666666667,0.011543834666666667,0.01514108,0.0051287751,0.0066961009999999994,0.020361029,0.010546106133333333,0.012089941566666668,0.021351544466666664,0.015959314666666665,0.02041898666666667,0.021476368000000003,0.020692737333333332,0.021009142666666668,0.01786029966666667,0.023396762666666668,0.020688808000000003,0.020247062333333333,0.0132013719,0.021285139666666668,0.017199738333333332,0.0212947492,0.02106685233333333,0.023611753333333332,0.022655457333333334,0.020619490666666667,0.012716827666666668,0.013889080333333333,0.014120151666666667,0.018036083533333334,0.020463645333333332,0.020304283,0.012809328333333333,0.019411172433333332,0.01475725,0.013982065666666665,0.018159065666666665,0.010546106133333333,0.012089941566666668,0.020688808000000003
6,0.012654199333333335,0.02558702033333333,0.004560828133333333,0.0082486748,0.0054900685666666674,0.016997142333333336,1.9868214999999996e-09,0.013824888499999998,0.012656350666666668,0.0045352498,0.007999918666666668,0.03383606166666667,0.03859714066666666,0.014916779666666668,0.0064614991666666665,0.028362773,0.024663567666666667,0.021219037333333333,0.007789898000000001,0.010722772166666667,0.014708779333333333,0.006115982866666666,0.019892654333333332,0.027999002,0.003805134666666667,0.040578782333333334,0.0052204649333333335,0.009173814333333334,0.012128647333333334,0.0103930569,0.010203641333333334,0.014326165333333333,0.007049709666666667,0.007243889566666667,0.009280014,0.014739334666666666,0.016506914,0.006533189666666666,0.0051445145999999995,0.005009504333333333,0.008186453666666668,0.0067243614,0.0060622952,0.005641446499999999,0.005821029333333333,0.004059072433333333,0.012907666,0.0052817126,0.007331816333333334,0.006282564,0.0069289922,0.0063586809,0.009723544266666667,0.005283498766666667,0.005626688500000001,0.004550123133333334,0.01403385566666667,0.006294703333333333,0.005922245866666666,0.008819560166666665,0.0051445145999999995,0.012654199333333335,0.011977255333333332,0.005009504333333333,0.008186453666666668,0.031091900666666665,0.010722772166666667,0.0067243614,0.014708779333333333,0.006115982866666666,0.0060622952,0.02558702033333333,0.01683705066666667,0.004795241433333333,0.004560828133333333,0.0082486748,0.005641446499999999,0.019892654333333332,0.025068074333333336,0.0054900685666666674,0.016997142333333336,1.9868214999999996e-09,0.027999002,0.019737531666666665,0.013824888499999998,0.019036762,0.009929164333333332,0.012656350666666668,0.005821029333333333,0.003805134666666667,0.007620324666666667,0.007831941133333332,0.0045352498,0.004059072433333333,0.028637208000000004,0.012907666,0.040578782333333334,0.0052817126,0.007331816333333334,0.007999918666666668,0.03383606166666667,0.006282564,0.008330303666666667,0.025457346666666665,0.03859714066666666,0.0052204649333333335,0.014446119333333333,0.009173814333333334,0.0069289922,0.012128647333333334,0.013551741666666669,0.014916779666666668,0.0064614991666666665,0.0063586809,0.009723544266666667,0.028362773,0.0103930569,0.024663567666666667,0.010203641333333334,0.014326165333333333,0.021219037333333333,0.005283498766666667,0.012901183,0.0062743900666666665,0.007789898000000001,0.007049709666666667,0.007243889566666667,0.005626688500000001,0.004550123133333334,0.009280014,0.014739334666666666,0.016506914,0.007463848666666667,0.01403385566666667,0.006533189666666666,0.006294703333333333,0.005922245866666666,0.008819560166666665,0.011977255333333332,0.031091900666666665,0.01683705066666667,0.004795241433333333,0.025068074333333336,0.019737531666666665,0.019036762,0.009929164333333332,0.007620324666666667,0.007831941133333332,0.028637208000000004,0.008330303666666667,0.025457346666666665,0.014446119333333333,0.013551741666666669,0.012901183,0.0062743900666666665,0.007463848666666667
7,0.018679084000000002,0.018475804666666665,0.012153989233333332,0.015007141866666667,0.01844795366666667,0.0070331415,0.013824888499999998,3.973642999999999e-09,0.016274635,0.017692259999999998,0.017511948,0.019721563666666664,0.020360700333333332,0.018806898333333332,0.01896975633333333,0.012853130166666667,0.0107887605,0.008418228166666668,0.018915695,0.019016200333333334,0.014443782533333335,0.013809843666666665,0.01579682233333333,0.018409794,0.015401502533333333,0.021359934333333334,0.018223796133333334,0.014848588,0.014737318000000001,0.009811961499999999,0.016123141666666667,0.0071650466,0.016931637166666666,0.01796476433333333,0.019929963666666668,0.018880454333333335,0.022208810000000002,0.009319943166666667,0.018399349833333335,0.016005935333333332,0.018599525999999998,0.018489252,0.017023843666666663,0.018436908666666665,0.018080059333333332,0.013533596333333333,0.021150547333333332,0.018518322333333333,0.017575947333333335,0.01884190633333333,0.014592011333333332,0.015647568666666667,0.011355847333333334,0.018130086,0.018347503666666664,0.01695497216666667,0.015550329233333333,0.018835991133333334,0.010704034466666668,0.01805203366666667,0.018399349833333335,0.018679084000000002,0.015875866,0.016005935333333332,0.018599525999999998,0.020458527666666667,0.019016200333333334,0.018489252,0.014443782533333335,0.013809843666666665,0.017023843666666663,0.018475804666666665,0.019737573666666668,0.016370342333333333,0.012153989233333332,0.015007141866666667,0.018436908666666665,0.01579682233333333,0.010469764500000001,0.01844795366666667,0.0070331415,0.013824888499999998,0.018409794,0.009133686533333333,3.973642999999999e-09,0.010491430666666666,0.011187575666666668,0.016274635,0.018080059333333332,0.015401502533333333,0.016320624,0.017060816166666666,0.017692259999999998,0.013533596333333333,0.013515136000000002,0.021150547333333332,0.021359934333333334,0.018518322333333333,0.017575947333333335,0.017511948,0.019721563666666664,0.01884190633333333,0.015125199400000003,0.014450921666666668,0.020360700333333332,0.018223796133333334,0.0097797036,0.014848588,0.014592011333333332,0.014737318000000001,0.0122444215,0.018806898333333332,0.01896975633333333,0.015647568666666667,0.011355847333333334,0.012853130166666667,0.009811961499999999,0.0107887605,0.016123141666666667,0.0071650466,0.008418228166666668,0.018130086,0.010729261333333334,0.008642473,0.018915695,0.016931637166666666,0.01796476433333333,0.018347503666666664,0.01695497216666667,0.019929963666666668,0.018880454333333335,0.022208810000000002,0.017219660666666668,0.015550329233333333,0.009319943166666667,0.018835991133333334,0.010704034466666668,0.01805203366666667,0.015875866,0.020458527666666667,0.019737573666666668,0.016370342333333333,0.010469764500000001,0.009133686533333333,0.010491430666666666,0.011187575666666668,0.016320624,0.017060816166666666,0.013515136000000002,0.015125199400000003,0.014450921666666668,0.0097797036,0.0122444215,0.010729261333333334,0.008642473,0.017219660666666668
8,0.004853190966666667,0.017133138666666665,0.013173387666666666,0.015690028666666668,0.011955305166666668,0.013229920466666666,0.012656350666666668,0.016274635,3.973642999999999e-09,0.012187079433333333,0.007766381866666667,0.026072466333333332,0.028693467333333333,0.004705923833333334,0.0109402819,0.022160571666666667,0.02075998066666667,0.016423123666666664,0.010476054600000001,0.0067110696,0.012989318333333333,0.009728114,0.0077010334666666675,0.020029127333333334,0.009524365266666666,0.03056301,0.012680012,0.005427344533333334,0.005773554333333333,0.009936247333333334,0.006850840733333334,0.014355651666666667,0.005284263700000001,0.010752566766666666,0.008745002666666666,0.007253082566666667,0.013949318666666665,0.013937403666666666,0.012838455066666667,0.012487197,0.007538743933333333,0.010560586099999998,0.008490959866666667,0.012090861666666668,0.0115059695,0.011795600133333334,0.01266281,0.012232271766666665,0.008439695833333333,0.011951136666666667,0.010677611933333334,0.0071450451,0.012140288,0.010056932833333334,0.012343770333333334,0.012870482333333334,0.01847293,0.010962392766666666,0.013256874,0.011636112,0.012838455066666667,0.004853190966666667,0.016539551666666666,0.012487197,0.007538743933333333,0.027763062666666668,0.0067110696,0.010560586099999998,0.012989318333333333,0.009728114,0.008490959866666667,0.017133138666666665,0.016905168666666668,0.0123888392,0.013173387666666666,0.015690028666666668,0.012090861666666668,0.0077010334666666675,0.021095009666666664,0.011955305166666668,0.013229920466666666,0.012656350666666668,0.020029127333333334,0.019324839,0.016274635,0.015728761666666664,0.015042187666666667,3.973642999999999e-09,0.0115059695,0.009524365266666666,0.012762006166666666,0.012706134333333334,0.012187079433333333,0.011795600133333334,0.02421601,0.01266281,0.03056301,0.012232271766666665,0.008439695833333333,0.007766381866666667,0.026072466333333332,0.011951136666666667,0.01335814,0.017138023999999998,0.028693467333333333,0.012680012,0.015865594,0.005427344533333334,0.010677611933333334,0.005773554333333333,0.015532338333333333,0.004705923833333334,0.0109402819,0.0071450451,0.012140288,0.022160571666666667,0.009936247333333334,0.02075998066666667,0.006850840733333334,0.014355651666666667,0.016423123666666664,0.010056932833333334,0.008243392,0.013108080666666666,0.010476054600000001,0.005284263700000001,0.010752566766666666,0.012343770333333334,0.012870482333333334,0.008745002666666666,0.007253082566666667,0.013949318666666665,0.011549403666666668,0.01847293,0.013937403666666666,0.010962392766666666,0.013256874,0.011636112,0.016539551666666666,0.027763062666666668,0.016905168666666668,0.0123888392,0.021095009666666664,0.019324839,0.015728761666666664,0.015042187666666667,0.012762006166666666,0.012706134333333334,0.02421601,0.01335814,0.017138023999999998,0.015865594,0.015532338333333333,0.008243392,0.013108080666666666,0.011549403666666668
9,0.010515151666666667,0.026226581333333332,0.004437150633333333,0.008058035333333333,0.0013996462,0.020907363666666668,0.0045352498,0.017692259999999998,0.012187079433333333,0.0,0.004879717,0.03626756466666667,0.04240313566666667,0.014051155133333333,0.0026503563000000005,0.030043938,0.026079499733333334,0.025375538333333333,0.0035481751,0.008552898833333333,0.012822947933333332,0.008882614,0.020603124333333334,0.029607761,0.002589160233333333,0.04454656,0.0018096645666666666,0.009648978800000001,0.013132472666666667,0.013263110566666668,0.008622908666666668,0.019819653,0.006215083466666666,0.004605231666666667,0.006086981333333334,0.013930680333333332,0.016040341,0.010166792166666666,0.0013560255666666666,0.0026246170166666664,0.004595577733333333,0.0017707844666666668,0.0040317773333333334,0.0019654711333333334,0.0011248747466666667,0.005347361333333333,0.010709643333333333,0.0012238542333333333,0.0042349101,0.0023244659333333333,0.004293404033333333,0.006067190666666666,0.009120528066666666,0.0026085912666666666,0.0015276610666666668,0.0015802701666666667,0.015403664333333334,0.002105532133333333,0.005691166533333333,0.0050749818,0.0013560255666666666,0.010515151666666667,0.011401097,0.0026246170166666664,0.004595577733333333,0.03348250333333334,0.008552898833333333,0.0017707844666666668,0.012822947933333332,0.008882614,0.0040317773333333334,0.026226581333333332,0.01779205033333333,0.00200018485,0.004437150633333333,0.008058035333333333,0.0019654711333333334,0.020603124333333334,0.02697153266666667,0.0013996462,0.020907363666666668,0.0045352498,0.029607761,0.022047110666666665,0.017692259999999998,0.020312724666666667,0.011032589333333336,0.012187079433333333,0.0011248747466666667,0.002589160233333333,0.005145047000000001,0.005463282333333333,0.0,0.005347361333333333,0.032529508666666665,0.010709643333333333,0.04454656,0.0012238542333333333,0.0042349101,0.004879717,0.03626756466666667,0.0023244659333333333,0.007032454,0.02701330366666667,0.04240313566666667,0.0018096645666666666,0.015014149666666666,0.009648978800000001,0.004293404033333333,0.013132472666666667,0.014289655333333333,0.014051155133333333,0.0026503563000000005,0.006067190666666666,0.009120528066666666,0.030043938,0.013263110566666668,0.026079499733333334,0.008622908666666668,0.019819653,0.025375538333333333,0.0026085912666666666,0.014540849,0.009326146,0.0035481751,0.006215083466666666,0.004605231666666667,0.0015276610666666668,0.0015802701666666667,0.006086981333333334,0.013930680333333332,0.016040341,0.005548554666666666,0.015403664333333334,0.010166792166666666,0.002105532133333333,0.005691166533333333,0.0050749818,0.011401097,0.03348250333333334,0.01779205033333333,0.00200018485,0.02697153266666667,0.022047110666666665,0.020312724666666667,0.011032589333333336,0.005145047000000001,0.005463282333333333,0.032529508666666665,0.007032454,0.02701330366666667,0.015014149666666666,0.014289655333333333,0.014540849,0.009326146,0.005548554666666666
10,0.004937688533333333,0.020279031666666666,0.007265319333333333,0.010567790333333334,0.004835746566666668,0.018549959,0.007999918666666668,0.017511948,0.007766381866666667,0.004879717,0.0,0.030259973,0.03716775800000001,0.009345434266666668,0.004235986866666667,0.02718933833333333,0.025438064333333336,0.022364296,0.0046138305999999995,0.0054181715333333335,0.011220554666666667,0.008351791,0.015940722333333334,0.024481805333333335,0.004170068,0.040031894666666665,0.0052626530333333334,0.007944574,0.008843042333333332,0.012812830800000001,0.0047922749999999995,0.018373769666666664,0.0048043648000000005,0.004845054866666667,0.004365887200000001,0.009418640666666667,0.012465683666666668,0.011308811,0.0053929568,0.006155639833333334,0.0030002018333333334,0.0036100089333333334,0.004762693266666667,0.005121548966666667,0.004446808466666666,0.008070629999999999,0.009035390666666667,0.0049197019,0.003476476666666667,0.0047416031,0.005137928333333333,0.005108442,0.009446664566666667,0.004550268333333333,0.0051239451,0.0057637075000000005,0.015630853,0.003910471866666667,0.0083443285,0.006297916066666668,0.0053929568,0.004937688533333333,0.011682683333333332,0.006155639833333334,0.0030002018333333334,0.029755906333333335,0.0054181715333333335,0.0036100089333333334,0.011220554666666667,0.008351791,0.004762693266666667,0.020279031666666666,0.014983930333333333,0.005649787000000001,0.007265319333333333,0.010567790333333334,0.005121548966666667,0.015940722333333334,0.024859996666666665,0.004835746566666668,0.018549959,0.007999918666666668,0.024481805333333335,0.020181443,0.017511948,0.01748536833333333,0.011015246000000001,0.007766381866666667,0.004446808466666666,0.004170068,0.006903870866666666,0.006723155466666668,0.004879717,0.008070629999999999,0.029900298666666665,0.009035390666666667,0.040031894666666665,0.0049197019,0.003476476666666667,0.0,0.030259973,0.0047416031,0.008157034666666667,0.02247703066666667,0.03716775800000001,0.0052626530333333334,0.013721529666666668,0.007944574,0.005137928333333333,0.008843042333333332,0.013127432333333333,0.009345434266666668,0.004235986866666667,0.005108442,0.009446664566666667,0.02718933833333333,0.012812830800000001,0.025438064333333336,0.0047922749999999995,0.018373769666666664,0.022364296,0.004550268333333333,0.011304607,0.011586755333333332,0.0046138305999999995,0.0048043648000000005,0.004845054866666667,0.0051239451,0.0057637075000000005,0.004365887200000001,0.009418640666666667,0.012465683666666668,0.0063635766,0.015630853,0.011308811,0.003910471866666667,0.0083443285,0.006297916066666668,0.011682683333333332,0.029755906333333335,0.014983930333333333,0.005649787000000001,0.024859996666666665,0.020181443,0.01748536833333333,0.011015246000000001,0.006903870866666666,0.006723155466666668,0.029900298666666665,0.008157034666666667,0.02247703066666667,0.013721529666666668,0.013127432333333333,0.011304607,0.011586755333333332,0.0063635766
11,0.026907857333333333,0.010497560333333333,0.032576867,0.031481904,0.036254298666666664,0.01895381033333333,0.03383606166666667,0.019721563666666664,0.026072466333333332,0.03626756466666667,0.030259973,0.0,0.005443435999999999,0.024492711,0.03558850166666667,0.0125147145,0.018853846666666667,0.013784201999999999,0.03405022,0.02998629866666667,0.021405693,0.030117153999999997,0.021474337666666666,0.009881218199999998,0.03254495,0.007999233333333333,0.03628445,0.028937230333333334,0.024726138666666668,0.026570787,0.02686982566666667,0.01982559966666667,0.032035881,0.034301644666666666,0.03242930966666667,0.025358565333333336,0.023850423,0.027083498333333334,0.03675173466666667,0.035492469666666665,0.03143728566666667,0.03463708733333334,0.03419588,0.036028806000000003,0.035590195,0.03351527333333334,0.027920508666666666,0.036604036666666666,0.03120291433333333,0.036328776666666666,0.030544524,0.031494019666666664,0.02632235,0.035157596666666666,0.03630910733333333,0.036024810000000004,0.02609682666666667,0.035532568,0.030857801333333334,0.033466232,0.03675173466666667,0.026907857333333333,0.025508402666666666,0.035492469666666665,0.03143728566666667,0.007379466433333333,0.02998629866666667,0.03463708733333334,0.021405693,0.030117153999999997,0.03419588,0.010497560333333333,0.019398803,0.03550981166666667,0.032576867,0.031481904,0.036028806000000003,0.021474337666666666,0.012889142666666666,0.036254298666666664,0.01895381033333333,0.03383606166666667,0.009881218199999998,0.012590891,0.019721563666666664,0.014943988999999998,0.023277523,0.026072466333333332,0.035590195,0.03254495,0.03201056133333333,0.03253001233333334,0.03626756466666667,0.03351527333333334,0.010135662333333332,0.027920508666666666,0.007999233333333333,0.036604036666666666,0.03120291433333333,0.030259973,0.0,0.036328776666666666,0.03055019133333333,0.009008357666666666,0.005443435999999999,0.03628445,0.016179094666666668,0.028937230333333334,0.030544524,0.024726138666666668,0.019425414,0.024492711,0.03558850166666667,0.031494019666666664,0.02632235,0.0125147145,0.026570787,0.018853846666666667,0.02686982566666667,0.01982559966666667,0.013784201999999999,0.035157596666666666,0.019383016666666662,0.028952821666666666,0.03405022,0.032035881,0.034301644666666666,0.03630910733333333,0.036024810000000004,0.03242930966666667,0.025358565333333336,0.023850423,0.031296523666666666,0.02609682666666667,0.027083498333333334,0.035532568,0.030857801333333334,0.033466232,0.025508402666666666,0.007379466433333333,0.019398803,0.03550981166666667,0.012889142666666666,0.012590891,0.014943988999999998,0.023277523,0.03201056133333333,0.03253001233333334,0.010135662333333332,0.03055019133333333,0.009008357666666666,0.016179094666666668,0.019425414,0.019383016666666662,0.028952821666666666,0.031296523666666666
