,omer_02.jpg,tal_05.jpg,omer_07.jpg,tal_06.jpg,omer_06.jpg,omer_08.jpg,tal_01.jpg,omer_03.jpg,tal_07.jpg,tal_03.jpg,omer_04.jpg,omer_10.jpg,tal_09.jpg,tal_02.jpg,tal_08.jpg,omer_09.jpg,tal_10.jpg,omer_05.jpg,tal_04.jpg,matt_04.jpg,dom_10.jpg,dom_05.jpg,matt_08.jpg,dom_04.jpg,matt_02.jpg,matt_07.jpg,matt_06.jpg,matt_05.jpg,dom_07.jpg,dom_03.jpg,matt_03.jpg,matt_01.jpg,dom_06.jpg,matt_10.jpg,dom_01.jpg,dom_09.jpg,matt_09.jpg,dom_02.jpg,tess_03.jpg,taz_06.jpg,taz_04.jpg,taz_03.jpg,tess_01.jpg,tess_07.jpg,tess_05.jpg,taz_05.jpg,tess_02.jpg,tess_09.jpg,tess_06.jpg,taz_07.jpg,taz_02.jpg,tess_04.jpg,taz_09.jpg,tess_08.jpg,taz_08.jpg,taz_01.jpg,tess_10.jpg,taz_10.jpg,marina_07.jpg,tamar_04.jpg,tess_03.jpg.1,omer_02.jpg.1,marina_04.jpg,taz_06.jpg.1,taz_04.jpg.1,marina_01.jpg,matt_04.jpg.1,taz_03.jpg.1,dom_10.jpg.1,dom_05.jpg.1,tess_01.jpg.1,tal_05.jpg.1,marina_06.jpg,tamar_09.jpg,omer_07.jpg.1,tal_06.jpg.1,tess_07.jpg.1,matt_08.jpg.1,marina_08.jpg,omer_06.jpg.1,omer_08.jpg.1,tal_01.jpg.1,dom_04.jpg.1,tamar_10.jpg,omer_03.jpg.1,tamar_02.jpg,tamar_05.jpg,tal_07.jpg.1,tess_05.jpg.1,matt_02.jpg.1,tamar_07.jpg,tamar_03.jpg,tal_03.jpg.1,taz_05.jpg.1,marina_09.jpg,tess_02.jpg.1,matt_07.jpg.1,tess_09.jpg.1,tess_06.jpg.1,omer_04.jpg.1,omer_10.jpg.1,taz_07.jpg.1,tamar_01.jpg,marina_10.jpg,tal_09.jpg.1,matt_06.jpg.1,tamar_06.jpg,matt_05.jpg.1,taz_02.jpg.1,dom_07.jpg.1,marina_05.jpg,tal_02.jpg.1,tal_08.jpg.1,tess_04.jpg.1,taz_09.jpg.1,omer_09.jpg.1,dom_03.jpg.1,tal_10.jpg.1,matt_03.jpg.1,matt_01.jpg.1,omer_05.jpg.1,tess_08.jpg.1,marina_02.jpg,marina_03.jpg,tal_04.jpg.1,dom_06.jpg.1,matt_10.jpg.1,taz_08.jpg.1,taz_01.jpg.1,dom_01.jpg.1,dom_09.jpg.1,matt_09.jpg.1,tamar_08.jpg,tess_10.jpg.1,dom_02.jpg.1,taz_10.jpg.1,marina_07.jpg.1,tamar_04.jpg.1,marina_04.jpg.1,marina_01.jpg.1,marina_06.jpg.1,tamar_09.jpg.1,marina_08.jpg.1,tamar_10.jpg.1,tamar_02.jpg.1,tamar_05.jpg.1,tamar_07.jpg.1,tamar_03.jpg.1,marina_09.jpg.1,tamar_01.jpg.1,marina_10.jpg.1,tamar_06.jpg.1,marina_05.jpg.1,marina_02.jpg.1,marina_03.jpg.1,tamar_08.jpg.1
0,0.0,6.1591466e-08,4.768371633333333e-08,7.947285966666667e-08,3.178914433333333e-08,4.768371633333333e-08,6.159146733333332e-08,5.165735966666667e-08,3.576278633333333e-08,6.556510966666667e-08,3.3775964833333333e-08,3.1789143333333336e-08,3.377596633333333e-08,2.980232333333334e-08,2.5828679499999998e-08,4.172325066666666e-08,4.5696894833333336e-08,6.755192966666667e-08,3.576278633333333e-08,2.7815501e-08,3.576278816666667e-08,4.3710072666666673e-08,1.5894571999999997e-08,6.953875483333333e-08,4.371007299999999e-08,5.5631002999999995e-08,2.3841858e-08,3.1789143e-08,2.7815501499999997e-08,4.3710071499999994e-08,2.3841858166666667e-08,4.371007299999999e-08,3.576278666666667e-08,3.1789143e-08,2.3841857999999997e-08,1.78813935e-08,5.7617824333333336e-08,4.3710071499999994e-08,6.755192966666667e-08,6.357828633333333e-08,5.5631002999999995e-08,4.7683714833333334e-08,3.973642966666667e-08,4.569689299999999e-08,3.576278666666667e-08,5.3644179666666666e-08,6.556510966666667e-08,5.7617822999999993e-08,3.7749610000000005e-08,4.371007333333333e-08,6.7551931e-08,2.3841857999999997e-08,4.569689299999999e-08,3.576278633333333e-08,2.7815501e-08,5.3644181e-08,1.3907750966666667e-07,3.1789143e-08,4.967053816666667e-08,4.967053766666667e-08,6.755192966666667e-08,0.0,7.549921633333335e-08,6.357828633333333e-08,5.5631002999999995e-08,1.1126200266666667e-07,2.7815501e-08,4.7683714833333334e-08,3.576278816666667e-08,4.3710072666666673e-08,3.973642966666667e-08,6.1591466e-08,8.940696633333335e-08,8.940696433333332e-08,4.768371633333333e-08,7.947285966666667e-08,4.569689299999999e-08,1.5894571999999997e-08,6.755192933333333e-08,3.178914433333333e-08,4.768371633333333e-08,6.159146733333332e-08,6.953875483333333e-08,8.742014299999999e-08,5.165735966666667e-08,6.357828633333333e-08,6.357828633333333e-08,3.576278633333333e-08,3.576278666666667e-08,4.371007299999999e-08,4.371007299999999e-08,6.159146483333333e-08,6.556510966666667e-08,5.3644179666666666e-08,8.5433323e-08,6.556510966666667e-08,5.5631002999999995e-08,5.7617822999999993e-08,3.7749610000000005e-08,3.3775964833333333e-08,3.1789143333333336e-08,4.371007333333333e-08,5.960464483333333e-08,4.1723251000000006e-08,3.377596633333333e-08,2.3841858e-08,9.338061150000001e-08,3.1789143e-08,6.7551931e-08,2.7815501499999997e-08,5.165735816666667e-08,2.980232333333334e-08,2.5828679499999998e-08,2.3841857999999997e-08,4.569689299999999e-08,4.172325066666666e-08,4.3710071499999994e-08,4.5696894833333336e-08,2.3841858166666667e-08,4.371007299999999e-08,6.755192966666667e-08,3.576278633333333e-08,3.973642933333333e-08,4.967053816666667e-08,3.576278633333333e-08,3.576278666666667e-08,3.1789143e-08,2.7815501e-08,5.3644181e-08,2.3841857999999997e-08,1.78813935e-08,5.7617824333333336e-08,4.1723251499999995e-08,1.3907750966666667e-07,4.3710071499999994e-08,3.1789143e-08,4.967053816666667e-08,4.967053766666667e-08,7.549921633333335e-08,1.1126200266666667e-07,8.940696633333335e-08,8.940696433333332e-08,6.755192933333333e-08,8.742014299999999e-08,6.357828633333333e-08,6.357828633333333e-08,4.371007299999999e-08,6.159146483333333e-08,8.5433323e-08,5.960464483333333e-08,4.1723251000000006e-08,9.338061150000001e-08,5.165735816666667e-08,3.973642933333333e-08,4.967053816666667e-08,4.1723251499999995e-08
1,6.1591466e-08,0.0,8.54333215e-08,1.450379681666667e-07,7.549921933333332e-08,7.947286e-08,8.543332266666668e-08,1.0530153816666665e-07,8.344650299999999e-08,7.549921666666666e-08,5.165736e-08,7.549921666666666e-08,4.371007333333333e-08,4.967053816666667e-08,6.159146633333332e-08,7.152557633333334e-08,6.953875333333334e-08,1.4503796666666667e-07,4.569689299999999e-08,6.357828816666666e-08,7.947285966666667e-08,5.7617822999999993e-08,5.165736e-08,6.556510816666668e-08,6.159146666666667e-08,1.1126200299999999e-07,7.947285966666667e-08,8.344650299999999e-08,4.569689333333333e-08,1.1324882433333332e-07,6.357828666666667e-08,9.139379000000001e-08,7.947286e-08,9.735425483333335e-08,5.165735966666667e-08,5.7617822999999993e-08,5.5631002999999995e-08,8.742014666666666e-08,7.748603816666666e-08,7.947286e-08,4.371007333333333e-08,5.165735816666667e-08,4.967053666666667e-08,7.152557333333334e-08,6.755192966666667e-08,7.549921666666666e-08,4.768371666666667e-08,6.953875333333334e-08,4.768371666666667e-08,5.5631e-08,7.351239483333334e-08,4.7683714833333334e-08,6.556511e-08,5.5631001499999996e-08,6.357828666666667e-08,6.159146666666667e-08,2.3841858e-07,5.9604643e-08,1.0530154e-07,8.344650299999999e-08,7.748603816666666e-08,6.1591466e-08,1.3709068333333333e-07,7.947286e-08,4.371007333333333e-08,1.5695889816666665e-07,6.357828816666666e-08,5.165735816666667e-08,7.947285966666667e-08,5.7617822999999993e-08,4.967053666666667e-08,0.0,1.4305114666666668e-07,8.742014666666666e-08,8.54333215e-08,1.450379681666667e-07,7.152557333333334e-08,5.165736e-08,1.1920928966666666e-07,7.549921933333332e-08,7.947286e-08,8.543332266666668e-08,6.556510816666668e-08,1.4305114666666668e-07,1.0530153816666665e-07,9.536743300000002e-08,8.940696666666665e-08,8.344650299999999e-08,6.755192966666667e-08,6.159146666666667e-08,9.536743300000002e-08,1.1324882633333335e-07,7.549921666666666e-08,7.549921666666666e-08,1.5497207483333332e-07,4.768371666666667e-08,1.1126200299999999e-07,6.953875333333334e-08,4.768371666666667e-08,5.165736e-08,7.549921666666666e-08,5.5631e-08,9.139378816666665e-08,6.357828633333333e-08,4.371007333333333e-08,7.947285966666667e-08,1.5497207666666666e-07,8.344650299999999e-08,7.351239483333334e-08,4.569689333333333e-08,9.139379000000001e-08,4.967053816666667e-08,6.159146633333332e-08,4.7683714833333334e-08,6.556511e-08,7.152557633333334e-08,1.1324882433333332e-07,6.953875333333334e-08,6.357828666666667e-08,9.139379000000001e-08,1.4503796666666667e-07,5.5631001499999996e-08,4.569689299999999e-08,8.742014666666666e-08,4.569689299999999e-08,7.947286e-08,9.735425483333335e-08,6.357828666666667e-08,6.159146666666667e-08,5.165735966666667e-08,5.7617822999999993e-08,5.5631002999999995e-08,6.357828816666666e-08,2.3841858e-07,8.742014666666666e-08,5.9604643e-08,1.0530154e-07,8.344650299999999e-08,1.3709068333333333e-07,1.5695889816666665e-07,1.4305114666666668e-07,8.742014666666666e-08,1.1920928966666666e-07,1.4305114666666668e-07,9.536743300000002e-08,8.940696666666665e-08,9.536743300000002e-08,1.1324882633333335e-07,1.5497207483333332e-07,9.139378816666665e-08,6.357828633333333e-08,1.5497207666666666e-07,9.139379000000001e-08,4.569689299999999e-08,8.742014666666666e-08,6.357828816666666e-08
2,4.768371633333333e-08,8.54333215e-08,3.973642999999999e-09,4.1723251499999995e-08,3.3775966e-08,1.5894571999999997e-08,3.5762786000000005e-08,1.9868215e-08,6.9538751e-08,2.3841858e-08,2.3841858166666667e-08,3.774960966666666e-08,5.165735966666667e-08,6.159146483333333e-08,2.7815501499999997e-08,2.7815501e-08,3.3775966666666665e-08,4.5696894833333336e-08,5.5631e-08,7.549921633333335e-08,3.973642966666667e-08,3.576278766666667e-08,3.97364315e-08,1.3709068816666665e-07,1.7881393333333335e-08,7.947285966666667e-08,3.576278633333333e-08,4.3710071499999994e-08,3.1789143e-08,2.3841858e-08,2.582868e-08,2.5828679499999998e-08,2.3841857999999997e-08,4.371007299999999e-08,6.755192966666667e-08,7.152557633333334e-08,1.1324882633333335e-07,1.5894571999999997e-08,2.7815501499999997e-08,2.1855036666666666e-08,3.576278666666667e-08,2.582868e-08,2.3841858e-08,2.5828679499999998e-08,2.3841857999999997e-08,1.5894571999999997e-08,1.0331471666666666e-07,2.9802323e-08,2.582868e-08,2.78155e-08,2.9802323e-08,2.5828679499999998e-08,2.3841857999999997e-08,3.1789143e-08,2.5828679499999998e-08,2.1855036499999996e-08,1.0530153816666665e-07,2.7815501e-08,3.576278666666667e-08,6.953875483333333e-08,2.7815501499999997e-08,4.768371633333333e-08,6.953875483333333e-08,2.1855036666666666e-08,3.576278666666667e-08,1.25169753e-07,7.549921633333335e-08,2.582868e-08,3.973642966666667e-08,3.576278766666667e-08,2.3841858e-08,8.54333215e-08,1.2119611e-07,3.973643e-08,3.973642999999999e-09,4.1723251499999995e-08,2.5828679499999998e-08,3.97364315e-08,9.338061099999999e-08,3.3775966e-08,1.5894571999999997e-08,3.5762786000000005e-08,1.3709068816666665e-07,6.755192966666667e-08,1.9868215e-08,1.1920928966666666e-07,5.165736e-08,6.9538751e-08,2.3841857999999997e-08,1.7881393333333335e-08,5.9604643e-08,9.139379000000001e-08,2.3841858e-08,1.5894571999999997e-08,5.76178215e-08,1.0331471666666666e-07,7.947285966666667e-08,2.9802323e-08,2.582868e-08,2.3841858166666667e-08,3.774960966666666e-08,2.78155e-08,6.357828666666667e-08,5.5631e-08,5.165735966666667e-08,3.576278633333333e-08,4.967053666666667e-08,4.3710071499999994e-08,2.9802323e-08,3.1789143e-08,7.152557333333334e-08,6.159146483333333e-08,2.7815501499999997e-08,2.5828679499999998e-08,2.3841857999999997e-08,2.7815501e-08,2.3841858e-08,3.3775966666666665e-08,2.582868e-08,2.5828679499999998e-08,4.5696894833333336e-08,3.1789143e-08,6.159146633333332e-08,3.3775966666666665e-08,5.5631e-08,2.3841857999999997e-08,4.371007299999999e-08,2.5828679499999998e-08,2.1855036499999996e-08,6.755192966666667e-08,7.152557633333334e-08,1.1324882633333335e-07,8.145968000000001e-08,1.0530153816666665e-07,1.5894571999999997e-08,2.7815501e-08,3.576278666666667e-08,6.953875483333333e-08,6.953875483333333e-08,1.25169753e-07,1.2119611e-07,3.973643e-08,9.338061099999999e-08,6.755192966666667e-08,1.1920928966666666e-07,5.165736e-08,5.9604643e-08,9.139379000000001e-08,5.76178215e-08,6.357828666666667e-08,5.5631e-08,4.967053666666667e-08,7.152557333333334e-08,6.159146633333332e-08,3.3775966666666665e-08,8.145968000000001e-08
3,7.947285966666667e-08,1.450379681666667e-07,4.1723251499999995e-08,3.973642999999999e-09,6.1591466e-08,5.960464333333333e-08,5.563100266666667e-08,2.7815501499999997e-08,9.139378966666667e-08,7.549921633333335e-08,6.953875333333334e-08,3.973643e-08,7.152557333333334e-08,1.0728835966666666e-07,5.960464333333333e-08,5.165735966666667e-08,6.755193333333333e-08,3.7749607666666666e-08,9.934107333333334e-08,9.934107633333334e-08,7.152557633333334e-08,7.748603766666668e-08,6.953875483333333e-08,1.728534715e-07,6.556510816666668e-08,9.338061150000001e-08,6.755192966666667e-08,6.556510816666668e-08,7.947286e-08,4.967053766666667e-08,6.755193333333333e-08,3.7749608166666674e-08,5.364417999999999e-08,6.159146483333333e-08,9.7354253e-08,9.934107633333334e-08,1.60932543e-07,2.3841858e-08,6.755193333333333e-08,6.159146666666667e-08,1.0132789483333335e-07,8.742014299999999e-08,6.357828666666667e-08,5.5631e-08,6.357828666666667e-08,6.556510966666667e-08,1.4305114666666668e-07,7.748603816666666e-08,7.549921666666666e-08,6.755193333333333e-08,8.145967966666668e-08,5.5631e-08,5.960464333333333e-08,6.75519315e-08,3.973643e-08,6.556510966666667e-08,2.980232333333334e-08,5.9604643e-08,3.973643e-08,9.139378966666667e-08,6.755193333333333e-08,7.947285966666667e-08,2.980232333333334e-08,6.159146666666667e-08,1.0132789483333335e-07,8.54333215e-08,9.934107633333334e-08,8.742014299999999e-08,7.152557633333334e-08,7.748603766666668e-08,6.357828666666667e-08,1.450379681666667e-07,8.344649999999999e-08,9.536743300000002e-08,4.1723251499999995e-08,3.973642999999999e-09,5.5631e-08,6.953875483333333e-08,7.947285966666667e-08,6.1591466e-08,5.960464333333333e-08,5.563100266666667e-08,1.728534715e-07,3.576278633333333e-08,2.7815501499999997e-08,1.1126200483333335e-07,4.569689333333333e-08,9.139378966666667e-08,6.357828666666667e-08,6.556510816666668e-08,4.1723251499999995e-08,7.549921633333335e-08,7.549921633333335e-08,6.556510966666667e-08,5.165735966666667e-08,1.4305114666666668e-07,9.338061150000001e-08,7.748603816666666e-08,7.549921666666666e-08,6.953875333333334e-08,3.973643e-08,6.755193333333333e-08,4.967053666666667e-08,8.742014299999999e-08,7.152557333333334e-08,6.755192966666667e-08,3.1789143333333336e-08,6.556510816666668e-08,8.145967966666668e-08,7.947286e-08,7.351239483333334e-08,1.0728835966666666e-07,5.960464333333333e-08,5.5631e-08,5.960464333333333e-08,5.165735966666667e-08,4.967053766666667e-08,6.755193333333333e-08,6.755193333333333e-08,3.7749608166666674e-08,3.7749607666666666e-08,6.75519315e-08,8.145967966666668e-08,4.768371666666667e-08,9.934107333333334e-08,5.364417999999999e-08,6.159146483333333e-08,3.973643e-08,6.556510966666667e-08,9.7354253e-08,9.934107633333334e-08,1.60932543e-07,8.54333215e-08,2.980232333333334e-08,2.3841858e-08,5.9604643e-08,3.973643e-08,9.139378966666667e-08,2.980232333333334e-08,8.54333215e-08,8.344649999999999e-08,9.536743300000002e-08,7.947285966666667e-08,3.576278633333333e-08,1.1126200483333335e-07,4.569689333333333e-08,4.1723251499999995e-08,7.549921633333335e-08,5.165735966666667e-08,4.967053666666667e-08,8.742014299999999e-08,3.1789143333333336e-08,7.351239483333334e-08,8.145967966666668e-08,4.768371666666667e-08,8.54333215e-08
4,3.178914433333333e-08,7.549921933333332e-08,3.3775966e-08,6.1591466e-08,1.9868214999999996e-09,4.1723251000000006e-08,3.1789143e-08,4.1723251000000006e-08,4.967053733333332e-08,4.967053599999999e-08,3.576278633333333e-08,4.1723251499999995e-08,5.1657359333333335e-08,4.371007299999999e-08,2.1855036333333337e-08,2.3841857999999997e-08,2.5828679666666667e-08,6.357828633333333e-08,4.3710072666666673e-08,5.563100266666667e-08,3.377596433333333e-08,4.172325266666666e-08,3.1789143333333336e-08,1.0927518099999999e-07,3.7749607666666666e-08,6.755192966666667e-08,2.1855036333333337e-08,3.1789144833333335e-08,4.172325266666666e-08,3.973642933333333e-08,2.3841857999999997e-08,3.973642933333333e-08,3.5762786000000005e-08,2.78155e-08,4.569689433333333e-08,5.3644181e-08,1.0132789566666665e-07,3.576278633333333e-08,4.3710072666666673e-08,4.7683715999999994e-08,5.165735966666667e-08,3.576278633333333e-08,3.9736431e-08,3.3775966e-08,2.9802322666666666e-08,4.172325266666666e-08,8.145968266666665e-08,4.569689433333333e-08,3.973642966666667e-08,3.377596633333333e-08,5.364418066666666e-08,2.3841857666666668e-08,3.1789143e-08,2.9802323e-08,1.78813935e-08,3.576278766666667e-08,1.2516975433333334e-07,2.9802322666666666e-08,2.9802323e-08,4.371007299999999e-08,4.3710072666666673e-08,3.178914433333333e-08,7.152557433333333e-08,4.7683715999999994e-08,5.165735966666667e-08,1.1523564599999999e-07,5.563100266666667e-08,3.576278633333333e-08,3.377596433333333e-08,4.172325266666666e-08,3.9736431e-08,7.549921933333332e-08,1.1126200299999999e-07,7.152557266666666e-08,3.3775966e-08,6.1591466e-08,3.3775966e-08,3.1789143333333336e-08,6.357828766666666e-08,1.9868214999999996e-09,4.1723251000000006e-08,3.1789143e-08,1.0927518099999999e-07,7.152557266666666e-08,4.1723251000000006e-08,9.139378599999998e-08,5.165735966666667e-08,4.967053733333332e-08,2.9802322666666666e-08,3.7749607666666666e-08,4.7683715999999994e-08,7.947285966666667e-08,4.967053599999999e-08,4.172325266666666e-08,6.357828633333333e-08,8.145968266666665e-08,6.755192966666667e-08,4.569689433333333e-08,3.973642966666667e-08,3.576278633333333e-08,4.1723251499999995e-08,3.377596633333333e-08,6.755192933333333e-08,4.967053766666667e-08,5.1657359333333335e-08,2.1855036333333337e-08,7.748603766666668e-08,3.1789144833333335e-08,5.364418066666666e-08,4.172325266666666e-08,5.9604643e-08,4.371007299999999e-08,2.1855036333333337e-08,2.3841857666666668e-08,3.1789143e-08,2.3841857999999997e-08,3.973642933333333e-08,2.5828679666666667e-08,2.3841857999999997e-08,3.973642933333333e-08,6.357828633333333e-08,2.9802323e-08,4.768371633333333e-08,2.98023215e-08,4.3710072666666673e-08,3.5762786000000005e-08,2.78155e-08,1.78813935e-08,3.576278766666667e-08,4.569689433333333e-08,5.3644181e-08,1.0132789566666665e-07,5.7617822999999993e-08,1.2516975433333334e-07,3.576278633333333e-08,2.9802322666666666e-08,2.9802323e-08,4.371007299999999e-08,7.152557433333333e-08,1.1523564599999999e-07,1.1126200299999999e-07,7.152557266666666e-08,6.357828766666666e-08,7.152557266666666e-08,9.139378599999998e-08,5.165735966666667e-08,4.7683715999999994e-08,7.947285966666667e-08,6.357828633333333e-08,6.755192933333333e-08,4.967053766666667e-08,7.748603766666668e-08,5.9604643e-08,4.768371633333333e-08,2.98023215e-08,5.7617822999999993e-08
5,4.768371633333333e-08,7.947286e-08,1.5894571999999997e-08,5.960464333333333e-08,4.1723251000000006e-08,0.0,3.973642966666667e-08,2.582868e-08,6.9538753e-08,2.582868e-08,1.1920929e-08,4.569689333333333e-08,4.768371633333333e-08,5.165736e-08,3.1789143333333336e-08,3.576278666666667e-08,4.371007333333333e-08,5.761782333333333e-08,5.960464333333333e-08,6.75519315e-08,4.967053816666667e-08,2.98023215e-08,3.1789143333333336e-08,1.390775e-07,1.390775e-08,7.947286e-08,4.1723249999999996e-08,5.165736e-08,1.9868215e-08,2.3841858166666667e-08,2.980232333333334e-08,2.78155e-08,1.5894571999999997e-08,4.967053666666667e-08,5.5631e-08,5.960464333333333e-08,1.1324882666666665e-07,2.78155e-08,2.3841858e-08,2.582868e-08,3.3775966666666665e-08,2.78155e-08,2.1855036499999996e-08,2.582868e-08,2.1855036666666666e-08,1.5894571999999997e-08,9.735425333333334e-08,2.3841858e-08,2.3841858e-08,2.980232333333334e-08,2.980232333333334e-08,2.582868e-08,2.1855036666666666e-08,2.3841858e-08,3.1789143333333336e-08,2.1855036666666666e-08,1.1920929e-07,2.1855036499999996e-08,5.364417999999999e-08,7.947285816666668e-08,2.3841858e-08,4.768371633333333e-08,8.940696666666665e-08,2.582868e-08,3.3775966666666665e-08,1.4305114666666668e-07,6.75519315e-08,2.78155e-08,4.967053816666667e-08,2.98023215e-08,2.1855036499999996e-08,7.947286e-08,1.3113022e-07,3.576278816666667e-08,1.5894571999999997e-08,5.960464333333333e-08,2.582868e-08,3.1789143333333336e-08,1.0132789483333335e-07,4.1723251000000006e-08,0.0,3.973642966666667e-08,1.390775e-07,7.947286e-08,2.582868e-08,1.2715657633333333e-07,6.357828816666666e-08,6.9538753e-08,2.1855036666666666e-08,1.390775e-08,6.953875483333333e-08,1.0530154e-07,2.582868e-08,1.5894571999999997e-08,6.953875333333334e-08,9.735425333333334e-08,7.947286e-08,2.3841858e-08,2.3841858e-08,1.1920929e-08,4.569689333333333e-08,2.980232333333334e-08,7.748603666666667e-08,6.159146483333333e-08,4.768371633333333e-08,4.1723249999999996e-08,7.549921666666666e-08,5.165736e-08,2.980232333333334e-08,1.9868215e-08,8.543332333333335e-08,5.165736e-08,3.1789143333333336e-08,2.582868e-08,2.1855036666666666e-08,3.576278666666667e-08,2.3841858166666667e-08,4.371007333333333e-08,2.980232333333334e-08,2.78155e-08,5.761782333333333e-08,2.3841858e-08,5.5631e-08,4.1723251499999995e-08,5.960464333333333e-08,1.5894571999999997e-08,4.967053666666667e-08,3.1789143333333336e-08,2.1855036666666666e-08,5.5631e-08,5.960464333333333e-08,1.1324882666666665e-07,8.344649999999999e-08,1.1920929e-07,2.78155e-08,2.1855036499999996e-08,5.364417999999999e-08,7.947285816666668e-08,8.940696666666665e-08,1.4305114666666668e-07,1.3113022e-07,3.576278816666667e-08,1.0132789483333335e-07,7.947286e-08,1.2715657633333333e-07,6.357828816666666e-08,6.953875483333333e-08,1.0530154e-07,6.953875333333334e-08,7.748603666666667e-08,6.159146483333333e-08,7.549921666666666e-08,8.543332333333335e-08,5.5631e-08,4.1723251499999995e-08,8.344649999999999e-08
6,6.159146733333332e-08,8.543332266666668e-08,3.5762786000000005e-08,5.563100266666667e-08,3.1789143e-08,3.973642966666667e-08,0.0,3.973642933333333e-08,8.3446504e-08,3.7749607666666666e-08,4.1723251000000006e-08,3.973642966666667e-08,5.5631002333333337e-08,6.953875266666666e-08,4.5696896e-08,4.172325266666666e-08,4.172325300000001e-08,6.7551931e-08,6.556510933333333e-08,8.3446504e-08,5.1657359333333335e-08,3.576278766666667e-08,4.967053633333334e-08,1.3510386266666667e-07,3.377596433333333e-08,8.145968149999999e-08,3.973642966666667e-08,5.3644181500000004e-08,4.967053599999999e-08,4.172325066666666e-08,5.1657359333333335e-08,3.178914433333333e-08,3.973642933333333e-08,6.3578286e-08,7.351239566666666e-08,8.145968266666665e-08,1.2516975399999998e-07,3.377596433333333e-08,3.3775966e-08,3.5762786000000005e-08,4.768371633333333e-08,4.3710072666666673e-08,4.172325266666666e-08,2.9802322333333334e-08,3.7749609333333334e-08,3.5762786000000005e-08,9.536743266666667e-08,4.1723251000000006e-08,4.1723251000000006e-08,3.9736431e-08,4.768371733333333e-08,3.576278633333333e-08,4.172325066666666e-08,3.178914433333333e-08,3.3775964833333333e-08,2.9802322666666666e-08,1.1324882599999999e-07,3.973643066666666e-08,4.371007299999999e-08,7.947285933333334e-08,3.3775966e-08,6.159146733333332e-08,7.549921733333333e-08,3.5762786000000005e-08,4.768371633333333e-08,1.2715657566666665e-07,8.3446504e-08,4.3710072666666673e-08,5.1657359333333335e-08,3.576278766666667e-08,4.172325266666666e-08,8.543332266666668e-08,1.19209286e-07,5.563100066666666e-08,3.5762786000000005e-08,5.563100266666667e-08,2.9802322333333334e-08,4.967053633333334e-08,8.543332266666668e-08,3.1789143e-08,3.973642966666667e-08,0.0,1.3510386266666667e-07,7.152557266666666e-08,3.973642933333333e-08,1.1523564599999999e-07,5.1657359333333335e-08,8.3446504e-08,3.7749609333333334e-08,3.377596433333333e-08,5.9604646e-08,1.0331471933333333e-07,3.7749607666666666e-08,3.5762786000000005e-08,5.9604643e-08,9.536743266666667e-08,8.145968149999999e-08,4.1723251000000006e-08,4.1723251000000006e-08,4.1723251000000006e-08,3.973642966666667e-08,3.9736431e-08,6.556510766666666e-08,6.159146733333332e-08,5.5631002333333337e-08,3.973642966666667e-08,6.7551931e-08,5.3644181500000004e-08,4.768371733333333e-08,4.967053599999999e-08,7.947285933333334e-08,6.953875266666666e-08,4.5696896e-08,3.576278633333333e-08,4.172325066666666e-08,4.172325266666666e-08,4.172325066666666e-08,4.172325300000001e-08,5.1657359333333335e-08,3.178914433333333e-08,6.7551931e-08,3.178914433333333e-08,5.165735966666667e-08,4.1723251000000006e-08,6.556510933333333e-08,3.973642933333333e-08,6.3578286e-08,3.3775964833333333e-08,2.9802322666666666e-08,7.351239566666666e-08,8.145968266666665e-08,1.2516975399999998e-07,7.947286066666667e-08,1.1324882599999999e-07,3.377596433333333e-08,3.973643066666666e-08,4.371007299999999e-08,7.947285933333334e-08,7.549921733333333e-08,1.2715657566666665e-07,1.19209286e-07,5.563100066666666e-08,8.543332266666668e-08,7.152557266666666e-08,1.1523564599999999e-07,5.1657359333333335e-08,5.9604646e-08,1.0331471933333333e-07,5.9604643e-08,6.556510766666666e-08,6.159146733333332e-08,6.7551931e-08,7.947285933333334e-08,5.165735966666667e-08,4.1723251000000006e-08,7.947286066666667e-08
7,5.165735966666667e-08,1.0530153816666665e-07,1.9868215e-08,2.7815501499999997e-08,4.1723251000000006e-08,2.582868e-08,3.973642933333333e-08,0.0,7.351239766666665e-08,4.7683714833333334e-08,3.1789143333333336e-08,2.980232333333334e-08,4.768371633333333e-08,7.152557633333334e-08,3.576278666666667e-08,2.7815501499999997e-08,4.3710071499999994e-08,2.1855036499999996e-08,7.152557483333335e-08,7.152557633333334e-08,4.569689299999999e-08,4.569689433333333e-08,3.973642966666667e-08,1.3907750966666667e-07,3.1789143333333336e-08,5.960464483333333e-08,4.371007299999999e-08,3.7749610000000005e-08,3.576278666666667e-08,2.9802323e-08,2.980232333333334e-08,1.390775e-08,3.1789144833333335e-08,4.172325300000001e-08,7.152557633333334e-08,6.755192966666667e-08,1.15235643e-07,9.934107333333332e-09,4.5696894833333336e-08,3.973642966666667e-08,6.556511e-08,5.5631002999999995e-08,3.576278666666667e-08,3.576278816666667e-08,3.576278816666667e-08,2.98023215e-08,1.11262e-07,4.967053816666667e-08,4.768371666666667e-08,4.569689333333333e-08,4.3710071499999994e-08,2.78155e-08,3.576278666666667e-08,4.371007333333333e-08,2.78155e-08,4.172325300000001e-08,6.755193333333333e-08,3.576278633333333e-08,2.980232333333334e-08,6.357828666666667e-08,4.5696894833333336e-08,5.165735966666667e-08,5.3644179666666666e-08,3.973642966666667e-08,6.556511e-08,9.735425333333334e-08,7.152557633333334e-08,5.5631002999999995e-08,4.569689299999999e-08,4.569689433333333e-08,3.576278666666667e-08,1.0530153816666665e-07,8.940696666666665e-08,6.755192966666667e-08,1.9868215e-08,2.7815501499999997e-08,3.576278816666667e-08,3.973642966666667e-08,7.549921633333335e-08,4.1723251000000006e-08,2.582868e-08,3.973642933333333e-08,1.3907750966666667e-07,5.3644179666666666e-08,0.0,1.0331471666666666e-07,3.973643e-08,7.351239766666665e-08,3.576278816666667e-08,3.1789143333333336e-08,4.569689299999999e-08,7.549921666666666e-08,4.7683714833333334e-08,2.98023215e-08,5.3644179666666666e-08,1.11262e-07,5.960464483333333e-08,4.967053816666667e-08,4.768371666666667e-08,3.1789143333333336e-08,2.980232333333334e-08,4.569689333333333e-08,5.5631002999999995e-08,5.9604643e-08,4.768371633333333e-08,4.371007299999999e-08,3.973643e-08,3.7749610000000005e-08,4.3710071499999994e-08,3.576278666666667e-08,6.357828666666667e-08,7.152557633333334e-08,3.576278666666667e-08,2.78155e-08,3.576278666666667e-08,2.7815501499999997e-08,2.9802323e-08,4.3710071499999994e-08,2.980232333333334e-08,1.390775e-08,2.1855036499999996e-08,4.371007333333333e-08,5.9604643e-08,4.1723251499999995e-08,7.152557483333335e-08,3.1789144833333335e-08,4.172325300000001e-08,2.78155e-08,4.172325300000001e-08,7.152557633333334e-08,6.755192966666667e-08,1.15235643e-07,7.748603816666666e-08,6.755193333333333e-08,9.934107333333332e-09,3.576278633333333e-08,2.980232333333334e-08,6.357828666666667e-08,5.3644179666666666e-08,9.735425333333334e-08,8.940696666666665e-08,6.755192966666667e-08,7.549921633333335e-08,5.3644179666666666e-08,1.0331471666666666e-07,3.973643e-08,4.569689299999999e-08,7.549921666666666e-08,5.3644179666666666e-08,5.5631002999999995e-08,5.9604643e-08,3.973643e-08,6.357828666666667e-08,5.9604643e-08,4.1723251499999995e-08,7.748603816666666e-08
8,3.576278633333333e-08,8.344650299999999e-08,6.9538751e-08,9.139378966666667e-08,4.967053733333332e-08,6.9538753e-08,8.3446504e-08,7.351239766666665e-08,0.0,9.536743300000002e-08,6.556510966666667e-08,6.357828633333333e-08,4.569689433333333e-08,3.7749608166666674e-08,3.1789143e-08,4.371007299999999e-08,4.967053816666667e-08,6.755192966666667e-08,3.9736431e-08,3.973642966666667e-08,5.3644181500000004e-08,4.7683715999999994e-08,4.5696894833333336e-08,7.748603966666666e-08,7.351239633333335e-08,4.5696894833333336e-08,3.973642966666667e-08,1.78813935e-08,5.3644179333333334e-08,7.947285933333334e-08,2.582868e-08,5.3644181e-08,5.9604643e-08,3.3775966666666665e-08,3.973642966666667e-08,3.377596633333333e-08,5.5631002999999995e-08,5.165735966666667e-08,1.01327896e-07,9.536743099999997e-08,8.940696633333335e-08,6.9538751e-08,6.755192933333333e-08,6.357828633333333e-08,5.76178215e-08,7.947285966666667e-08,7.549921633333335e-08,8.742014299999999e-08,6.357828633333333e-08,7.152557483333335e-08,8.742014299999999e-08,3.973642966666667e-08,6.755192966666667e-08,5.165735966666667e-08,3.576278666666667e-08,6.9538753e-08,1.43051143e-07,5.7617824333333336e-08,5.165736e-08,4.768371633333333e-08,1.01327896e-07,3.576278633333333e-08,8.145967966666668e-08,9.536743099999997e-08,8.940696633333335e-08,1.0331471633333334e-07,3.973642966666667e-08,6.9538751e-08,5.3644181500000004e-08,4.7683715999999994e-08,6.755192933333333e-08,8.344650299999999e-08,8.5433323e-08,1.3113021933333334e-07,6.9538751e-08,9.139378966666667e-08,6.357828633333333e-08,4.5696894833333336e-08,5.960464433333333e-08,4.967053733333332e-08,6.9538753e-08,8.3446504e-08,7.748603966666666e-08,9.338060966666666e-08,7.351239766666665e-08,6.953875266666666e-08,6.357828633333333e-08,0.0,5.76178215e-08,7.351239633333335e-08,5.165735966666667e-08,5.761782333333333e-08,9.536743300000002e-08,7.947285966666667e-08,8.54333215e-08,7.549921633333335e-08,4.5696894833333336e-08,8.742014299999999e-08,6.357828633333333e-08,6.556510966666667e-08,6.357828633333333e-08,7.152557483333335e-08,6.755192966666667e-08,5.165735966666667e-08,4.569689433333333e-08,3.973642966666667e-08,1.09275183e-07,1.78813935e-08,8.742014299999999e-08,5.3644179333333334e-08,5.165735816666667e-08,3.7749608166666674e-08,3.1789143e-08,3.973642966666667e-08,6.755192966666667e-08,4.371007299999999e-08,7.947285933333334e-08,4.967053816666667e-08,2.582868e-08,5.3644181e-08,6.755192966666667e-08,5.165735966666667e-08,5.563100266666667e-08,4.172325300000001e-08,3.9736431e-08,5.9604643e-08,3.3775966666666665e-08,3.576278666666667e-08,6.9538753e-08,3.973642966666667e-08,3.377596633333333e-08,5.5631002999999995e-08,4.967053816666667e-08,1.43051143e-07,5.165735966666667e-08,5.7617824333333336e-08,5.165736e-08,4.768371633333333e-08,8.145967966666668e-08,1.0331471633333334e-07,8.5433323e-08,1.3113021933333334e-07,5.960464433333333e-08,9.338060966666666e-08,6.953875266666666e-08,6.357828633333333e-08,5.165735966666667e-08,5.761782333333333e-08,8.54333215e-08,6.755192966666667e-08,5.165735966666667e-08,1.09275183e-07,5.165735816666667e-08,5.563100266666667e-08,4.172325300000001e-08,4.967053816666667e-08
9,6.556510966666667e-08,7.549921666666666e-08,2.3841858e-08,7.549921633333335e-08,4.967053599999999e-08,2.582868e-08,3.7749607666666666e-08,4.7683714833333334e-08,9.536743300000002e-08,1.9868214999999996e-09,2.3841858e-08,5.9604643e-08,5.761782333333333e-08,5.761782333333333e-08,3.7749610000000005e-08,4.371007299999999e-08,4.371007333333333e-08,9.536743333333334e-08,5.76178215e-08,1.0331471633333334e-07,4.768371633333333e-08,5.3644179666666666e-08,5.3644181500000004e-08,1.5497207666666666e-07,7.947285999999998e-09,1.1722246816666667e-07,4.768371666666667e-08,7.549921633333335e-08,3.576278666666667e-08,3.1789144833333335e-08,4.768371666666667e-08,4.7683714833333334e-08,2.7815501499999997e-08,7.549921633333335e-08,7.152557333333334e-08,8.940696816666667e-08,1.3709068816666665e-07,3.973643e-08,5.960464333333333e-09,9.934107333333332e-09,1.5894571999999997e-08,1.39077505e-08,1.7881393333333335e-08,1.39077505e-08,1.39077505e-08,1.1920929e-08,9.934107633333334e-08,1.1920929e-08,1.5894571999999997e-08,1.5894571999999997e-08,1.39077505e-08,3.973643e-08,1.78813935e-08,2.3841858166666667e-08,3.7749610000000005e-08,1.1920929e-08,1.529852533333333e-07,2.3841858e-08,6.357828666666667e-08,8.145968149999999e-08,5.960464333333333e-09,6.556510966666667e-08,9.934107333333334e-08,9.934107333333332e-09,1.5894571999999997e-08,1.6291936666666666e-07,1.0331471633333334e-07,1.39077505e-08,4.768371633333333e-08,5.3644179666666666e-08,1.7881393333333335e-08,7.549921666666666e-08,1.6291936666666666e-07,9.934107333333333e-09,2.3841858e-08,7.549921633333335e-08,1.39077505e-08,5.3644181500000004e-08,1.1722246816666667e-07,4.967053599999999e-08,2.582868e-08,3.7749607666666666e-08,1.5497207666666666e-07,8.742014666666666e-08,4.7683714833333334e-08,1.390775e-07,5.960464333333333e-08,9.536743300000002e-08,1.39077505e-08,7.947285999999998e-09,8.344650299999999e-08,1.3311703333333333e-07,1.9868214999999996e-09,1.1920929e-08,8.145968000000001e-08,9.934107633333334e-08,1.1722246816666667e-07,1.1920929e-08,1.5894571999999997e-08,2.3841858e-08,5.9604643e-08,1.5894571999999997e-08,8.742014666666666e-08,6.357828633333333e-08,5.761782333333333e-08,4.768371666666667e-08,8.145968000000001e-08,7.549921633333335e-08,1.39077505e-08,3.576278666666667e-08,9.338061e-08,5.761782333333333e-08,3.7749610000000005e-08,3.973643e-08,1.78813935e-08,4.371007299999999e-08,3.1789144833333335e-08,4.371007333333333e-08,4.768371666666667e-08,4.7683714833333334e-08,9.536743333333334e-08,2.3841858166666667e-08,6.953875483333333e-08,5.960464483333333e-08,5.76178215e-08,2.7815501499999997e-08,7.549921633333335e-08,3.7749610000000005e-08,1.1920929e-08,7.152557333333334e-08,8.940696816666667e-08,1.3709068816666665e-07,9.338061150000001e-08,1.529852533333333e-07,3.973643e-08,2.3841858e-08,6.357828666666667e-08,8.145968149999999e-08,9.934107333333334e-08,1.6291936666666666e-07,1.6291936666666666e-07,9.934107333333333e-09,1.1722246816666667e-07,8.742014666666666e-08,1.390775e-07,5.960464333333333e-08,8.344650299999999e-08,1.3311703333333333e-07,8.145968000000001e-08,8.742014666666666e-08,6.357828633333333e-08,8.145968000000001e-08,9.338061e-08,6.953875483333333e-08,5.960464483333333e-08,9.338061150000001e-08
10,3.3775964833333333e-08,5.165736e-08,2.3841858166666667e-08,6.953875333333334e-08,3.576278633333333e-08,1.1920929e-08,4.1723251000000006e-08,3.1789143333333336e-08,6.556510966666667e-08,2.3841858e-08,1.9868214999999996e-09,3.7749610000000005e-08,3.973643e-08,4.768371666666667e-08,3.3775966666666665e-08,2.980232333333334e-08,4.569689333333333e-08,7.351239666666666e-08,4.768371666666667e-08,6.556510816666668e-08,4.371007333333333e-08,3.1789143e-08,2.78155e-08,1.1523564816666664e-07,1.1920929e-08,8.54333215e-08,3.973643e-08,5.5631e-08,1.5894571999999997e-08,3.1789143333333336e-08,2.78155e-08,3.576278666666667e-08,1.9868215e-08,4.967053666666667e-08,4.1723251499999995e-08,4.768371666666667e-08,9.934107483333335e-08,3.576278666666667e-08,2.1855036666666666e-08,2.3841858e-08,2.1855036666666666e-08,2.3841858166666667e-08,1.5894571999999997e-08,2.3841858e-08,2.1855036499999996e-08,1.9868215e-08,7.748603666666667e-08,1.9868215e-08,1.7881393333333335e-08,1.9868215e-08,2.78155e-08,2.1855036666666666e-08,1.9868215e-08,1.9868215e-08,2.3841858e-08,1.9868215e-08,1.4702479000000001e-07,2.1855036333333337e-08,5.761782333333333e-08,7.152557333333334e-08,2.1855036666666666e-08,3.3775964833333333e-08,9.139379000000001e-08,2.3841858e-08,2.1855036666666666e-08,1.390775e-07,6.556510816666668e-08,2.3841858166666667e-08,4.371007333333333e-08,3.1789143e-08,1.5894571999999997e-08,5.165736e-08,1.2715657666666668e-07,3.774960966666666e-08,2.3841858166666667e-08,6.953875333333334e-08,2.3841858e-08,2.78155e-08,9.536743333333334e-08,3.576278633333333e-08,1.1920929e-08,4.1723251000000006e-08,1.1523564816666664e-07,8.54333215e-08,3.1789143333333336e-08,1.072883615e-07,5.960464333333333e-08,6.556510966666667e-08,2.1855036499999996e-08,1.1920929e-08,6.357828666666667e-08,9.934107333333334e-08,2.3841858e-08,1.9868215e-08,8.543332333333335e-08,7.748603666666667e-08,8.54333215e-08,1.9868215e-08,1.7881393333333335e-08,1.9868214999999996e-09,3.7749610000000005e-08,1.9868215e-08,6.755193333333333e-08,5.165736e-08,3.973643e-08,3.973643e-08,8.742014666666666e-08,5.5631e-08,2.78155e-08,1.5894571999999997e-08,7.748603666666667e-08,4.768371666666667e-08,3.3775966666666665e-08,2.1855036666666666e-08,1.9868215e-08,2.980232333333334e-08,3.1789143333333336e-08,4.569689333333333e-08,2.78155e-08,3.576278666666667e-08,7.351239666666666e-08,1.9868215e-08,4.967053766666667e-08,5.165736e-08,4.768371666666667e-08,1.9868215e-08,4.967053666666667e-08,2.3841858e-08,1.9868215e-08,4.1723251499999995e-08,4.768371666666667e-08,9.934107483333335e-08,6.953875333333334e-08,1.4702479000000001e-07,3.576278666666667e-08,2.1855036333333337e-08,5.761782333333333e-08,7.152557333333334e-08,9.139379000000001e-08,1.390775e-07,1.2715657666666668e-07,3.774960966666666e-08,9.536743333333334e-08,8.54333215e-08,1.072883615e-07,5.960464333333333e-08,6.357828666666667e-08,9.934107333333334e-08,8.543332333333335e-08,6.755193333333333e-08,5.165736e-08,8.742014666666666e-08,7.748603666666667e-08,4.967053766666667e-08,5.165736e-08,6.953875333333334e-08
11,3.1789143333333336e-08,7.549921666666666e-08,3.774960966666666e-08,3.973643e-08,4.1723251499999995e-08,4.569689333333333e-08,3.973642966666667e-08,2.980232333333334e-08,6.357828633333333e-08,5.9604643e-08,3.7749610000000005e-08,0.0,2.78155e-08,5.761782333333333e-08,4.371007333333333e-08,3.576278633333333e-08,4.768371666666667e-08,3.973643e-08,5.165736e-08,5.165736e-08,4.1723251499999995e-08,4.172325300000001e-08,3.7749610000000005e-08,8.940696666666665e-08,4.371007333333333e-08,5.761782333333333e-08,4.768371633333333e-08,4.1723251499999995e-08,3.973643e-08,3.973643e-08,3.3775964833333333e-08,2.78155e-08,4.1723249999999996e-08,4.371007333333333e-08,5.3644179666666666e-08,5.165736e-08,8.344650299999999e-08,2.3841858e-08,5.960464483333333e-08,4.768371666666667e-08,5.960464333333333e-08,5.3644181500000004e-08,3.973643e-08,4.371007333333333e-08,4.768371633333333e-08,4.569689333333333e-08,7.152557333333334e-08,5.960464333333333e-08,3.973643e-08,4.768371666666667e-08,5.364417999999999e-08,2.980232333333334e-08,4.569689333333333e-08,4.1723249999999996e-08,3.1789143333333336e-08,4.768371666666667e-08,7.947286e-08,3.576278816666667e-08,3.973643e-08,5.5631e-08,5.960464483333333e-08,3.1789143333333336e-08,3.7749610000000005e-08,4.768371666666667e-08,5.960464333333333e-08,6.357828666666667e-08,5.165736e-08,5.3644181500000004e-08,4.1723251499999995e-08,4.172325300000001e-08,3.973643e-08,7.549921666666666e-08,5.960464333333333e-08,8.344650299999999e-08,3.774960966666666e-08,3.973643e-08,4.371007333333333e-08,3.7749610000000005e-08,5.960464483333333e-08,4.1723251499999995e-08,4.569689333333333e-08,3.973642966666667e-08,8.940696666666665e-08,4.768371633333333e-08,2.980232333333334e-08,5.960464333333333e-08,2.980232333333334e-08,6.357828633333333e-08,4.768371633333333e-08,4.371007333333333e-08,3.1789144833333335e-08,5.165736e-08,5.9604643e-08,4.569689333333333e-08,4.371007333333333e-08,7.152557333333334e-08,5.761782333333333e-08,5.960464333333333e-08,3.973643e-08,3.7749610000000005e-08,0.0,4.768371666666667e-08,3.1789143333333336e-08,3.7749608166666674e-08,2.78155e-08,4.768371633333333e-08,4.1723249999999996e-08,4.1723251499999995e-08,5.364417999999999e-08,3.973643e-08,3.7749610000000005e-08,5.761782333333333e-08,4.371007333333333e-08,2.980232333333334e-08,4.569689333333333e-08,3.576278633333333e-08,3.973643e-08,4.768371666666667e-08,3.3775964833333333e-08,2.78155e-08,3.973643e-08,4.1723249999999996e-08,3.576278816666667e-08,4.1723251499999995e-08,5.165736e-08,4.1723249999999996e-08,4.371007333333333e-08,3.1789143333333336e-08,4.768371666666667e-08,5.3644179666666666e-08,5.165736e-08,8.344650299999999e-08,5.165736e-08,7.947286e-08,2.3841858e-08,3.576278816666667e-08,3.973643e-08,5.5631e-08,3.7749610000000005e-08,6.357828666666667e-08,5.960464333333333e-08,8.344650299999999e-08,5.960464483333333e-08,4.768371633333333e-08,5.960464333333333e-08,2.980232333333334e-08,3.1789144833333335e-08,5.165736e-08,4.371007333333333e-08,3.1789143333333336e-08,3.7749608166666674e-08,4.1723249999999996e-08,3.7749610000000005e-08,3.576278816666667e-08,4.1723251499999995e-08,5.165736e-08
