,omer_02.jpg,tal_05.jpg,omer_07.jpg,tal_06.jpg,omer_06.jpg,omer_08.jpg,tal_01.jpg,omer_03.jpg,tal_07.jpg,tal_03.jpg,omer_04.jpg,omer_10.jpg,tal_09.jpg,tal_02.jpg,tal_08.jpg,omer_09.jpg,tal_10.jpg,omer_05.jpg,tal_04.jpg,matt_04.jpg,dom_10.jpg,dom_05.jpg,matt_08.jpg,dom_04.jpg,matt_02.jpg,matt_07.jpg,matt_06.jpg,matt_05.jpg,dom_07.jpg,dom_03.jpg,matt_03.jpg,matt_01.jpg,dom_06.jpg,matt_10.jpg,dom_01.jpg,dom_09.jpg,matt_09.jpg,dom_02.jpg,tess_03.jpg,taz_06.jpg,taz_04.jpg,taz_03.jpg,tess_01.jpg,tess_07.jpg,tess_05.jpg,taz_05.jpg,tess_02.jpg,tess_09.jpg,tess_06.jpg,taz_07.jpg,taz_02.jpg,tess_04.jpg,taz_09.jpg,tess_08.jpg,taz_08.jpg,taz_01.jpg,tess_10.jpg,taz_10.jpg,marina_07.jpg,tamar_04.jpg,tess_03.jpg.1,omer_02.jpg.1,marina_04.jpg,taz_06.jpg.1,taz_04.jpg.1,marina_01.jpg,matt_04.jpg.1,taz_03.jpg.1,dom_10.jpg.1,dom_05.jpg.1,tess_01.jpg.1,tal_05.jpg.1,marina_06.jpg,tamar_09.jpg,omer_07.jpg.1,tal_06.jpg.1,tess_07.jpg.1,matt_08.jpg.1,marina_08.jpg,omer_06.jpg.1,omer_08.jpg.1,tal_01.jpg.1,dom_04.jpg.1,tamar_10.jpg,omer_03.jpg.1,tamar_02.jpg,tamar_05.jpg,tal_07.jpg.1,tess_05.jpg.1,matt_02.jpg.1,tamar_07.jpg,tamar_03.jpg,tal_03.jpg.1,taz_05.jpg.1,marina_09.jpg,tess_02.jpg.1,matt_07.jpg.1,tess_09.jpg.1,tess_06.jpg.1,omer_04.jpg.1,omer_10.jpg.1,taz_07.jpg.1,tamar_01.jpg,marina_10.jpg,tal_09.jpg.1,matt_06.jpg.1,tamar_06.jpg,matt_05.jpg.1,taz_02.jpg.1,dom_07.jpg.1,marina_05.jpg,tal_02.jpg.1,tal_08.jpg.1,tess_04.jpg.1,taz_09.jpg.1,omer_09.jpg.1,dom_03.jpg.1,tal_10.jpg.1,matt_03.jpg.1,matt_01.jpg.1,omer_05.jpg.1,tess_08.jpg.1,marina_02.jpg,marina_03.jpg,tal_04.jpg.1,dom_06.jpg.1,matt_10.jpg.1,taz_08.jpg.1,taz_01.jpg.1,dom_01.jpg.1,dom_09.jpg.1,matt_09.jpg.1,tamar_08.jpg,tess_10.jpg.1,dom_02.jpg.1,taz_10.jpg.1,marina_07.jpg.1,tamar_04.jpg.1,marina_04.jpg.1,marina_01.jpg.1,marina_06.jpg.1,tamar_09.jpg.1,marina_08.jpg.1,tamar_10.jpg.1,tamar_02.jpg.1,tamar_05.jpg.1,tamar_07.jpg.1,tamar_03.jpg.1,marina_09.jpg.1,tamar_01.jpg.1,marina_10.jpg.1,tamar_06.jpg.1,marina_05.jpg.1,marina_02.jpg.1,marina_03.jpg.1,tamar_08.jpg.1
0,0.0,0.5702861,0.42256784,0.72091323,0.21815133,0.35669005,0.43373779999999995,0.3282696,0.55708784,0.48203623,0.35571837,0.5635896,0.7151085,0.44873379999999996,0.59777,0.45274258,0.6729295,0.22072208,0.7379409,0.7044363,0.7042877,0.7101589,0.7700916,0.6284082,0.6126338000000001,0.59749055,0.5616609,0.74620575,0.5692092,0.5549682,0.78918076,0.68609524,0.66922545,0.6839559000000001,0.6332458000000001,0.8090103,0.83593565,0.6325124,0.799456,0.91246474,0.91855097,0.96062255,0.8792353999999999,0.8717931000000001,0.90783066,0.9373277,0.89821553,0.8498286,0.78180873,0.8668283000000001,0.77634317,0.8488859000000001,0.89828634,0.8264773000000001,0.82312405,0.89705515,0.937372,0.8537314,0.91355264,0.9519867,0.799456,0.0,0.93021375,0.91246474,0.91855097,0.95183605,0.7044363,0.96062255,0.7042877,0.7101589,0.8792353999999999,0.5702861,0.8401299999999999,0.90977985,0.42256784,0.72091323,0.8717931000000001,0.7700916,0.9425404000000001,0.21815133,0.35669005,0.43373779999999995,0.6284082,0.9458742,0.3282696,0.89610237,0.9560081,0.55708784,0.90783066,0.6126338000000001,0.8827494,0.92016506,0.48203623,0.9373277,0.9419054,0.89821553,0.59749055,0.8498286,0.78180873,0.35571837,0.5635896,0.8668283000000001,0.91979504,0.92861503,0.7151085,0.5616609,0.93780065,0.74620575,0.77634317,0.5692092,0.92236465,0.44873379999999996,0.59777,0.8488859000000001,0.89828634,0.45274258,0.5549682,0.6729295,0.78918076,0.68609524,0.22072208,0.8264773000000001,0.85997427,0.923005,0.7379409,0.66922545,0.6839559000000001,0.82312405,0.89705515,0.6332458000000001,0.8090103,0.83593565,0.90196586,0.937372,0.6325124,0.8537314,0.91355264,0.9519867,0.93021375,0.95183605,0.8401299999999999,0.90977985,0.9425404000000001,0.9458742,0.89610237,0.9560081,0.8827494,0.92016506,0.9419054,0.91979504,0.92861503,0.93780065,0.92236465,0.85997427,0.923005,0.90196586
1,0.5702861,5.960464499999999e-08,0.48677355,0.34086376,0.6328925,0.50445724,0.57983303,0.5748358,0.58816016,0.43008333,0.5720563,0.5410404000000001,0.72717154,0.77296513,0.7894151999999999,0.54678386,0.7625194000000001,0.6105151,0.83696425,0.8579808000000001,0.7268345,0.7421364,0.8795837,0.7037566,0.84367365,0.8309890999999999,0.8282339,0.83698595,0.689821,0.7083311999999999,0.911378,0.855672,0.8329794,0.77525645,0.7891463000000001,0.8634130999999999,0.9322181,0.6258344,0.69175243,0.9464758,0.9382712,0.96532726,0.8221331000000001,0.82948655,0.8139592,0.9597344000000001,0.83998907,0.7536622,0.72369283,0.8190918,0.83679867,0.8383663,0.9323392,0.8246733,0.89663607,0.88021857,0.87262344,0.8814316999999999,0.88939005,0.9575695,0.69175243,0.5702861,0.8583831000000001,0.9464758,0.9382712,0.8945504000000001,0.8579808000000001,0.96532726,0.7268345,0.7421364,0.8221331000000001,5.960464499999999e-08,0.90236944,0.9105462,0.48677355,0.34086376,0.82948655,0.8795837,0.9625236999999999,0.6328925,0.50445724,0.57983303,0.7037566,0.9523087,0.5748358,0.8939123999999999,0.9461931999999998,0.58816016,0.8139592,0.84367365,0.91955435,0.9464860999999999,0.43008333,0.9597344000000001,0.9415743000000001,0.83998907,0.8309890999999999,0.7536622,0.72369283,0.5720563,0.5410404000000001,0.8190918,0.9374459999999999,0.9518443000000001,0.72717154,0.8282339,0.96128434,0.83698595,0.83679867,0.689821,0.91978425,0.77296513,0.7894151999999999,0.8383663,0.9323392,0.54678386,0.7083311999999999,0.7625194000000001,0.911378,0.855672,0.6105151,0.8246733,0.8527584,0.87399906,0.83696425,0.8329794,0.77525645,0.89663607,0.88021857,0.7891463000000001,0.8634130999999999,0.9322181,0.9238218,0.87262344,0.6258344,0.8814316999999999,0.88939005,0.9575695,0.8583831000000001,0.8945504000000001,0.90236944,0.9105462,0.9625236999999999,0.9523087,0.8939123999999999,0.9461931999999998,0.91955435,0.9464860999999999,0.9415743000000001,0.9374459999999999,0.9518443000000001,0.96128434,0.91978425,0.8527584,0.87399906,0.9238218
2,0.42256784,0.48677355,0.0,0.5643253,0.43412834,0.32329148,0.5120994000000001,0.53377175,0.5882079000000001,0.53353864,0.58710843,0.6496828,0.81636846,0.52082,0.591649,0.5518751999999999,0.7282183000000001,0.4431193,0.6596550999999999,0.8774885,0.62823117,0.7950324000000001,0.8614101000000001,0.7263824000000001,0.8267884,0.8031414000000001,0.75612366,0.8452349,0.75598365,0.7035948000000001,0.9237048000000001,0.7812819999999999,0.72791576,0.76717186,0.7556958,0.8654306,0.9251454,0.59838367,0.7483426,0.9324429,0.92398185,0.9508183000000001,0.8233874,0.84156835,0.89487755,0.9617476,0.8275929,0.78514683,0.745119,0.8685739,0.8156308000000001,0.83707196,0.8876822,0.8217795,0.79135305,0.90076435,0.88060904,0.89933014,0.9013346,0.9537709000000001,0.7483426,0.42256784,0.82959825,0.9324429,0.92398185,0.9106558000000001,0.8774885,0.9508183000000001,0.62823117,0.7950324000000001,0.8233874,0.48677355,0.81308997,0.8612793,0.0,0.5643253,0.84156835,0.8614101000000001,0.9528131999999999,0.43412834,0.32329148,0.5120994000000001,0.7263824000000001,0.9575459999999999,0.53377175,0.8167739,0.9420371999999999,0.5882079000000001,0.89487755,0.8267884,0.8602284,0.8981515999999999,0.53353864,0.9617476,0.92934513,0.8275929,0.8031414000000001,0.78514683,0.745119,0.58710843,0.6496828,0.8685739,0.87046367,0.9253642,0.81636846,0.75612366,0.9387690000000001,0.8452349,0.8156308000000001,0.75598365,0.9237757,0.52082,0.591649,0.83707196,0.8876822,0.5518751999999999,0.7035948000000001,0.7282183000000001,0.9237048000000001,0.7812819999999999,0.4431193,0.8217795,0.90276384,0.87644666,0.6596550999999999,0.72791576,0.76717186,0.79135305,0.90076435,0.7556958,0.8654306,0.9251454,0.8453703000000001,0.88060904,0.59838367,0.89933014,0.9013346,0.9537709000000001,0.82959825,0.9106558000000001,0.81308997,0.8612793,0.9528131999999999,0.9575459999999999,0.8167739,0.9420371999999999,0.8602284,0.8981515999999999,0.92934513,0.87046367,0.9253642,0.9387690000000001,0.9237757,0.90276384,0.87644666,0.8453703000000001
3,0.72091323,0.34086376,0.5643253,0.0,0.710225,0.5959810999999999,0.57839894,0.65909564,0.61597586,0.37520665,0.6927262,0.59053236,0.78078866,0.8144491999999999,0.7516459,0.6845826999999999,0.7160979000000001,0.74437314,0.7339441999999999,0.8448379999999999,0.6784686,0.7913618,0.8769263,0.6264906,0.83207864,0.8536090000000001,0.8491068000000002,0.84359866,0.7493251,0.7236204,0.9220203000000001,0.8799684999999999,0.816308,0.8106308000000001,0.7565309,0.8265358,0.9289946,0.62850076,0.76844573,0.9333761,0.90822107,0.93556446,0.877396,0.84780264,0.8413261000000001,0.9431871999999999,0.85002416,0.8250248,0.78832746,0.8180983000000001,0.7816204999999999,0.8891441999999999,0.9028699,0.8653791,0.90422547,0.82457995,0.8709054,0.81941956,0.8254828000000002,0.847426,0.76844573,0.72091323,0.6147898,0.9333761,0.90822107,0.8599674999999999,0.8448379999999999,0.93556446,0.6784686,0.7913618,0.877396,0.34086376,0.8630358,0.8438315000000001,0.5643253,0.0,0.84780264,0.8769263,0.8891603000000001,0.710225,0.5959810999999999,0.57839894,0.6264906,0.8271676,0.65909564,0.79677117,0.8647878000000001,0.61597586,0.8413261000000001,0.83207864,0.80765027,0.8773846,0.37520665,0.9431871999999999,0.84128755,0.85002416,0.8536090000000001,0.8250248,0.78832746,0.6927262,0.59053236,0.8180983000000001,0.890898,0.88171166,0.78078866,0.8491068000000002,0.8958433000000001,0.84359866,0.7816204999999999,0.7493251,0.7866943000000001,0.8144491999999999,0.7516459,0.8891441999999999,0.9028699,0.6845826999999999,0.7236204,0.7160979000000001,0.9220203000000001,0.8799684999999999,0.74437314,0.8653791,0.8769788000000001,0.8540555000000001,0.7339441999999999,0.816308,0.8106308000000001,0.90422547,0.82457995,0.7565309,0.8265358,0.9289946,0.8408141,0.8709054,0.62850076,0.81941956,0.8254828000000002,0.847426,0.6147898,0.8599674999999999,0.8630358,0.8438315000000001,0.8891603000000001,0.8271676,0.79677117,0.8647878000000001,0.80765027,0.8773846,0.84128755,0.890898,0.88171166,0.8958433000000001,0.7866943000000001,0.8769788000000001,0.8540555000000001,0.8408141
4,0.21815133,0.6328925,0.43412834,0.710225,0.0,0.38754004,0.29045570000000004,0.49226916,0.6123149,0.5515619,0.43179405,0.5973568,0.71523046,0.49846715,0.43630832,0.52399254,0.70842147,0.28075690000000003,0.6066083000000001,0.68707395,0.5393424,0.7462349,0.7191133000000001,0.64567155,0.6060604,0.63676167,0.62282455,0.6637951,0.58807033,0.56097525,0.7323259,0.63315266,0.66146946,0.7158441,0.60269284,0.8213428,0.78914905,0.5304303000000001,0.84496313,0.9358885,0.9344823,0.9568068999999999,0.91263455,0.9152034,0.9197948,0.95909005,0.9137746999999999,0.87774986,0.8107098,0.92759705,0.85706604,0.9003363000000001,0.8851415000000001,0.843304,0.8738642,0.9187228999999999,0.9506927,0.8835770000000001,0.91481227,0.8822323000000001,0.84496313,0.21815133,0.9011193000000001,0.9358885,0.9344823,0.95543593,0.68707395,0.9568068999999999,0.5393424,0.7462349,0.91263455,0.6328925,0.82402366,0.9076178,0.43412834,0.710225,0.9152034,0.7191133000000001,0.9286052,0.0,0.38754004,0.29045570000000004,0.64567155,0.9114544,0.49226916,0.81816876,0.9347264000000001,0.6123149,0.9197948,0.6060604,0.82153493,0.90489215,0.5515619,0.95909005,0.953219,0.9137746999999999,0.63676167,0.87774986,0.8107098,0.43179405,0.5973568,0.92759705,0.9303388000000001,0.90602976,0.71523046,0.62282455,0.9196773000000001,0.6637951,0.85706604,0.58807033,0.90285534,0.49846715,0.43630832,0.9003363000000001,0.8851415000000001,0.52399254,0.56097525,0.70842147,0.7323259,0.63315266,0.28075690000000003,0.843304,0.89568144,0.8798572,0.6066083000000001,0.66146946,0.7158441,0.8738642,0.9187228999999999,0.60269284,0.8213428,0.78914905,0.86730075,0.9506927,0.5304303000000001,0.8835770000000001,0.91481227,0.8822323000000001,0.9011193000000001,0.95543593,0.82402366,0.9076178,0.9286052,0.9114544,0.81816876,0.9347264000000001,0.82153493,0.90489215,0.953219,0.9303388000000001,0.90602976,0.9196773000000001,0.90285534,0.89568144,0.8798572,0.86730075
5,0.35669005,0.50445724,0.32329148,0.5959810999999999,0.38754004,0.0,0.60893685,0.2852987,0.6406646,0.586505,0.29289985,0.51324743,0.80563533,0.6476743,0.712623,0.27186859999999996,0.81777227,0.37309533,0.77484083,0.85821134,0.7401356,0.8412702,0.89162064,0.806404,0.8566450999999999,0.86689806,0.8163866,0.8801033000000001,0.7635930999999999,0.77779865,0.9033158000000001,0.8505688,0.84430087,0.87489444,0.7985405,0.8846944999999999,0.94344866,0.66745126,0.82646704,0.9770329,0.9656252000000001,0.98551166,0.8536304,0.88033843,0.9016543,0.97505146,0.8611479,0.825783,0.7800888000000001,0.9243408000000001,0.8999982,0.8631648999999999,0.94051605,0.8144514,0.9131578000000001,0.9434412,0.8903377,0.93405807,0.92348236,0.94766617,0.82646704,0.35669005,0.84106135,0.9770329,0.9656252000000001,0.9105546999999998,0.85821134,0.98551166,0.7401356,0.8412702,0.8536304,0.50445724,0.8387195,0.91901374,0.32329148,0.5959810999999999,0.88033843,0.89162064,0.9474895000000001,0.38754004,0.0,0.60893685,0.806404,0.9649405999999999,0.2852987,0.8884175999999999,0.9611152000000001,0.6406646,0.9016543,0.8566450999999999,0.8999851999999999,0.9392855,0.586505,0.97505146,0.95244026,0.8611479,0.86689806,0.825783,0.7800888000000001,0.29289985,0.51324743,0.9243408000000001,0.93282366,0.95174545,0.80563533,0.8163866,0.96513414,0.8801033000000001,0.8999982,0.7635930999999999,0.906119,0.6476743,0.712623,0.8631648999999999,0.94051605,0.27186859999999996,0.77779865,0.81777227,0.9033158000000001,0.8505688,0.37309533,0.8144514,0.8756113000000001,0.9285263000000001,0.77484083,0.84430087,0.87489444,0.9131578000000001,0.9434412,0.7985405,0.8846944999999999,0.94344866,0.8832936,0.8903377,0.66745126,0.93405807,0.92348236,0.94766617,0.84106135,0.9105546999999998,0.8387195,0.91901374,0.9474895000000001,0.9649405999999999,0.8884175999999999,0.9611152000000001,0.8999851999999999,0.9392855,0.95244026,0.93282366,0.95174545,0.96513414,0.906119,0.8756113000000001,0.9285263000000001,0.8832936
6,0.43373779999999995,0.57983303,0.5120994000000001,0.57839894,0.29045570000000004,0.60893685,0.0,0.64536065,0.43115829999999994,0.31423706,0.64237624,0.7272712,0.6000366,0.5672507,0.4286214,0.7211695,0.516864,0.54546446,0.60774165,0.6759897,0.4814753,0.6787473,0.63159,0.43357879999999993,0.45411354,0.53850895,0.6569274,0.590543,0.5821506999999999,0.44364864,0.71756375,0.6401011,0.5757613,0.6415858,0.5418887,0.7690278,0.8064045999999999,0.5110302999999999,0.75719845,0.84918064,0.8327083000000001,0.9016907,0.85625416,0.8058448,0.8293881999999999,0.8956778000000001,0.8807582,0.8314745000000001,0.69038546,0.8122691999999999,0.7122965,0.80969054,0.7989874,0.74288654,0.8410325000000001,0.7942729000000001,0.9216424999999999,0.6888348000000001,0.90514046,0.8669514000000001,0.75719845,0.43373779999999995,0.8565746,0.84918064,0.8327083000000001,0.9433534,0.6759897,0.9016907,0.4814753,0.6787473,0.85625416,0.57983303,0.8033085999999999,0.7772376,0.5120994000000001,0.57839894,0.8058448,0.63159,0.8918768,0.29045570000000004,0.60893685,0.0,0.43357879999999993,0.83242095,0.64536065,0.78391075,0.8442253000000001,0.43115829999999994,0.8293881999999999,0.45411354,0.73247063,0.82674915,0.31423706,0.8956778000000001,0.88959545,0.8807582,0.53850895,0.8314745000000001,0.69038546,0.64237624,0.7272712,0.8122691999999999,0.86568475,0.87395227,0.6000366,0.6569274,0.868849,0.590543,0.7122965,0.5821506999999999,0.91169935,0.5672507,0.4286214,0.80969054,0.7989874,0.7211695,0.44364864,0.516864,0.71756375,0.6401011,0.54546446,0.74288654,0.8433886,0.7976911999999999,0.60774165,0.5757613,0.6415858,0.8410325000000001,0.7942729000000001,0.5418887,0.7690278,0.8064045999999999,0.8256412000000001,0.9216424999999999,0.5110302999999999,0.6888348000000001,0.90514046,0.8669514000000001,0.8565746,0.9433534,0.8033085999999999,0.7772376,0.8918768,0.83242095,0.78391075,0.8442253000000001,0.73247063,0.82674915,0.88959545,0.86568475,0.87395227,0.868849,0.91169935,0.8433886,0.7976911999999999,0.8256412000000001
7,0.3282696,0.5748358,0.53377175,0.65909564,0.49226916,0.2852987,0.64536065,0.0,0.6457424,0.4959367,0.17633188,0.40188979999999996,0.747681,0.71865857,0.7750196999999999,0.21092361,0.75169635,0.37844992,0.81995064,0.7647959,0.85145247,0.8044534999999999,0.8705437,0.8009151,0.80543774,0.8057173000000001,0.7560603,0.8718018,0.6918236999999999,0.79514074,0.8603152000000001,0.85690516,0.8459805,0.8348063,0.8209028,0.8741211999999999,0.9237859,0.7859899,0.7567418,0.93435,0.92382896,0.96965814,0.86557084,0.84786385,0.89275336,0.9512351000000001,0.88628244,0.8044117,0.77263826,0.8241016,0.7613175999999999,0.8344492,0.90989345,0.8228599,0.80415505,0.90315473,0.9158270000000001,0.874542,0.8624565999999999,0.9349876,0.7567418,0.3282696,0.83647585,0.93435,0.92382896,0.8930251,0.7647959,0.96965814,0.85145247,0.8044534999999999,0.86557084,0.5748358,0.8241391,0.8850591999999998,0.53377175,0.65909564,0.84786385,0.8705437,0.9220414000000001,0.49226916,0.2852987,0.64536065,0.8009151,0.9156334,0.0,0.9071429,0.92628956,0.6457424,0.89275336,0.80543774,0.8339667,0.8808756999999999,0.4959367,0.9512351000000001,0.9165723,0.88628244,0.8057173000000001,0.8044117,0.77263826,0.17633188,0.40188979999999996,0.8241016,0.9097506999999999,0.9338141,0.747681,0.7560603,0.927183,0.8718018,0.7613175999999999,0.6918236999999999,0.8868648000000001,0.71865857,0.7750196999999999,0.8344492,0.90989345,0.21092361,0.79514074,0.75169635,0.8603152000000001,0.85690516,0.37844992,0.8228599,0.7858161,0.9452825999999999,0.81995064,0.8459805,0.8348063,0.80415505,0.90315473,0.8209028,0.8741211999999999,0.9237859,0.86402035,0.9158270000000001,0.7859899,0.874542,0.8624565999999999,0.9349876,0.83647585,0.8930251,0.8241391,0.8850591999999998,0.9220414000000001,0.9156334,0.9071429,0.92628956,0.8339667,0.8808756999999999,0.9165723,0.9097506999999999,0.9338141,0.927183,0.8868648000000001,0.7858161,0.9452825999999999,0.86402035
8,0.55708784,0.58816016,0.5882079000000001,0.61597586,0.6123149,0.6406646,0.43115829999999994,0.6457424,5.960464499999999e-08,0.4568866,0.7120683000000001,0.7504784999999999,0.58117104,0.5352348000000001,0.52701235,0.7587387,0.61134034,0.60779154,0.61861503,0.74272585,0.62921023,0.6770596,0.7977414,0.5473515,0.6233562,0.63791203,0.7411711,0.5840505,0.60143554,0.5347044,0.76909137,0.67273366,0.6233543,0.4821635,0.6866966,0.69647986,0.80836356,0.56342113,0.8105191999999999,0.85992116,0.89030576,0.9530376,0.88311017,0.803994,0.9164719000000001,0.9147719999999999,0.87073755,0.82571936,0.7718501,0.75173515,0.7851030999999999,0.8103182,0.8767936,0.8321441999999999,0.8002095,0.9172334999999999,0.8995711999999999,0.79943687,0.9301731,0.8812399999999999,0.8105191999999999,0.55708784,0.81143653,0.85992116,0.89030576,0.94249684,0.74272585,0.9530376,0.62921023,0.6770596,0.88311017,0.58816016,0.8053073000000001,0.66900927,0.5882079000000001,0.61597586,0.803994,0.7977414,0.90606153,0.6123149,0.6406646,0.43115829999999994,0.5473515,0.796759,0.6457424,0.76719093,0.7515892,5.960464499999999e-08,0.9164719000000001,0.6233562,0.7137342,0.7805146,0.4568866,0.9147719999999999,0.86016595,0.87073755,0.63791203,0.82571936,0.7718501,0.7120683000000001,0.7504784999999999,0.75173515,0.8021877,0.8964976999999998,0.58117104,0.7411711,0.8529399,0.5840505,0.7851030999999999,0.60143554,0.9035786,0.5352348000000001,0.52701235,0.8103182,0.8767936,0.7587387,0.5347044,0.61134034,0.76909137,0.67273366,0.60779154,0.8321441999999999,0.8399868,0.75759256,0.61861503,0.6233543,0.4821635,0.8002095,0.9172334999999999,0.6866966,0.69647986,0.80836356,0.8120128000000001,0.8995711999999999,0.56342113,0.79943687,0.9301731,0.8812399999999999,0.81143653,0.94249684,0.8053073000000001,0.66900927,0.90606153,0.796759,0.76719093,0.7515892,0.7137342,0.7805146,0.86016595,0.8021877,0.8964976999999998,0.8529399,0.9035786,0.8399868,0.75759256,0.8120128000000001
9,0.48203623,0.43008333,0.53353864,0.37520665,0.5515619,0.586505,0.31423706,0.4959367,0.4568866,0.0,0.59124243,0.61241555,0.6252732,0.6907840999999999,0.69370437,0.66313374,0.55633485,0.5858885,0.75455016,0.7954198,0.74007595,0.7685638000000001,0.79016685,0.55193377,0.6806545,0.7264876,0.7281718,0.8141646,0.71825206,0.6023321999999999,0.8925873,0.844888,0.7405579999999999,0.7470701999999999,0.7061363,0.8379469999999999,0.93038416,0.71453106,0.7162089,0.8759688,0.8385485999999999,0.9181613999999999,0.8330834,0.7873496999999999,0.8040713,0.9012276,0.8879635,0.81670046,0.63367474,0.7762175,0.5685316999999999,0.7870068,0.841468,0.7679302,0.83003855,0.74277544,0.91327816,0.6985456999999999,0.8403294,0.92515945,0.7162089,0.48203623,0.8202488000000001,0.8759688,0.8385485999999999,0.9105617,0.7954198,0.9181613999999999,0.74007595,0.7685638000000001,0.8330834,0.43008333,0.823365,0.8345689000000001,0.53353864,0.37520665,0.7873496999999999,0.79016685,0.9160898000000001,0.5515619,0.586505,0.31423706,0.55193377,0.8636229,0.4959367,0.8823769,0.89908326,0.4568866,0.8040713,0.6806545,0.8185026999999999,0.8412189,0.0,0.9012276,0.88015807,0.8879635,0.7264876,0.81670046,0.63367474,0.59124243,0.61241555,0.7762175,0.8923411,0.8783404,0.6252732,0.7281718,0.8975484,0.8141646,0.5685316999999999,0.71825206,0.8829473,0.6907840999999999,0.69370437,0.7870068,0.841468,0.66313374,0.6023321999999999,0.55633485,0.8925873,0.844888,0.5858885,0.7679302,0.8113100999999999,0.8842235999999999,0.75455016,0.7405579999999999,0.7470701999999999,0.83003855,0.74277544,0.7061363,0.8379469999999999,0.93038416,0.86077166,0.91327816,0.71453106,0.6985456999999999,0.8403294,0.92515945,0.8202488000000001,0.9105617,0.823365,0.8345689000000001,0.9160898000000001,0.8636229,0.8823769,0.89908326,0.8185026999999999,0.8412189,0.88015807,0.8923411,0.8783404,0.8975484,0.8829473,0.8113100999999999,0.8842235999999999,0.86077166
10,0.35571837,0.5720563,0.58710843,0.6927262,0.43179405,0.29289985,0.64237624,0.17633188,0.7120683000000001,0.59124243,5.960464499999999e-08,0.40641314,0.82472944,0.7974737,0.77289975,0.09570134,0.8365818000000002,0.45246553,0.83160913,0.72111666,0.77355886,0.77518445,0.82596326,0.77922493,0.8217959999999999,0.8286684999999999,0.76342916,0.8341313,0.64400434,0.78055996,0.7857360999999999,0.8106906999999999,0.8526945,0.8467403,0.7943819000000001,0.88534373,0.8844438,0.7144132,0.817275,0.9499107,0.93427706,0.97829324,0.8700285,0.8412889000000001,0.8885218,0.95319444,0.8869065999999999,0.8303905,0.80746734,0.8876364,0.85961676,0.8010219,0.9119073000000001,0.79158866,0.89373845,0.91895235,0.9044542,0.9023453000000001,0.9154705,0.91018116,0.817275,0.35571837,0.88877225,0.9499107,0.93427706,0.88760424,0.72111666,0.97829324,0.77355886,0.77518445,0.8700285,0.5720563,0.8848309999999999,0.9443048,0.58710843,0.6927262,0.8412889000000001,0.82596326,0.9385406,0.43179405,0.29289985,0.64237624,0.77922493,0.93930393,0.17633188,0.92187864,0.9575435,0.7120683000000001,0.8885218,0.8217959999999999,0.8792457,0.91926575,0.59124243,0.95319444,0.9417397,0.8869065999999999,0.8286684999999999,0.8303905,0.80746734,5.960464499999999e-08,0.40641314,0.8876364,0.96039194,0.94897306,0.82472944,0.76342916,0.9441228000000002,0.8341313,0.85961676,0.64400434,0.89098096,0.7974737,0.77289975,0.8010219,0.9119073000000001,0.09570134,0.78055996,0.8365818000000002,0.7857360999999999,0.8106906999999999,0.45246553,0.79158866,0.7835873999999999,0.9522444999999999,0.83160913,0.8526945,0.8467403,0.89373845,0.91895235,0.7943819000000001,0.88534373,0.8844438,0.92196894,0.9044542,0.7144132,0.9023453000000001,0.9154705,0.91018116,0.88877225,0.88760424,0.8848309999999999,0.9443048,0.9385406,0.93930393,0.92187864,0.9575435,0.8792457,0.91926575,0.9417397,0.96039194,0.94897306,0.9441228000000002,0.89098096,0.7835873999999999,0.9522444999999999,0.92196894
11,0.5635896,0.5410404000000001,0.6496828,0.59053236,0.5973568,0.51324743,0.7272712,0.40188979999999996,0.7504784999999999,0.61241555,0.40641314,5.960464499999999e-08,0.8091533000000001,0.832982,0.79627484,0.37439895,0.77652985,0.597528,0.8001156999999999,0.74240065,0.8078969,0.8060424,0.8233968,0.7792905,0.83220756,0.7759679,0.6241404,0.87404704,0.6789424,0.8204396999999999,0.89345604,0.8508458000000001,0.84805214,0.8291283000000002,0.7396215,0.81595236,0.94254607,0.79437304,0.8723605,0.94608134,0.9641484,0.9761216999999999,0.9571046000000001,0.93656874,0.9485895000000001,0.95791775,0.9624603,0.91247606,0.91056967,0.87863314,0.8835671999999999,0.9387428,0.9449232,0.949558,0.8746915999999999,0.93742645,0.9589501,0.94042885,0.8468958000000001,0.8947255,0.8723605,0.5635896,0.8342127,0.94608134,0.9641484,0.8188107,0.74240065,0.9761216999999999,0.8078969,0.8060424,0.9571046000000001,0.5410404000000001,0.93402106,0.95787716,0.6496828,0.59053236,0.93656874,0.8233968,0.9300574,0.5973568,0.51324743,0.7272712,0.7792905,0.8670827,0.40188979999999996,0.92242885,0.93594664,0.7504784999999999,0.9485895000000001,0.83220756,0.8726536,0.9110133,0.61241555,0.95791775,0.90003246,0.9624603,0.7759679,0.91247606,0.91056967,0.40641314,5.960464499999999e-08,0.87863314,0.9585396,0.92656547,0.8091533000000001,0.6241404,0.9119139999999999,0.87404704,0.8835671999999999,0.6789424,0.9053931999999999,0.832982,0.79627484,0.9387428,0.9449232,0.37439895,0.8204396999999999,0.77652985,0.89345604,0.8508458000000001,0.597528,0.949558,0.8647566999999999,0.9494011,0.8001156999999999,0.84805214,0.8291283000000002,0.8746915999999999,0.93742645,0.7396215,0.81595236,0.94254607,0.92888415,0.9589501,0.79437304,0.94042885,0.8468958000000001,0.8947255,0.8342127,0.8188107,0.93402106,0.95787716,0.9300574,0.8670827,0.92242885,0.93594664,0.8726536,0.9110133,0.90003246,0.9585396,0.92656547,0.9119139999999999,0.9053931999999999,0.8647566999999999,0.9494011,0.92888415
12,0.7151085,0.72717154,0.81636846,0.78078866,0.71523046,0.80563533,0.6000366,0.747681,0.58117104,0.6252732,0.82472944,0.8091533000000001,0.0,0.72307765,0.76687586,0.8415266,0.5471788000000001,0.70940006,0.7782344,0.8423252,0.8168167,0.9057656999999999,0.76227784,0.77584213,0.5578265,0.64042294,0.76368856,0.6809861,0.8345201999999999,0.7776839,0.79225063,0.74417746,0.8187973000000001,0.70188224,0.8127121,0.87244016,0.7869721,0.83841604,0.90781397,0.90377355,0.93543434,0.9087333000000001,0.9385254999999999,0.92054135,0.9123064000000001,0.88045186,0.93981147,0.92239356,0.8735152,0.87172925,0.79657084,0.9167923000000001,0.9160278000000001,0.9246343000000001,0.8838556999999999,0.8913039,0.9544052,0.8468581000000001,0.8096226,0.82823503,0.90781397,0.7151085,0.85625577,0.90377355,0.93543434,0.9163022,0.8423252,0.9087333000000001,0.8168167,0.9057656999999999,0.9385254999999999,0.72717154,0.7987399000000001,0.69733953,0.81636846,0.78078866,0.92054135,0.76227784,0.8078359,0.71523046,0.80563533,0.6000366,0.77584213,0.72124255,0.747681,0.8189658000000001,0.72725534,0.58117104,0.9123064000000001,0.5578265,0.77579635,0.83695734,0.6252732,0.88045186,0.82458895,0.93981147,0.64042294,0.92239356,0.8735152,0.82472944,0.8091533000000001,0.87172925,0.8057276999999999,0.7363198000000001,0.0,0.76368856,0.81078863,0.6809861,0.79657084,0.8345201999999999,0.90343,0.72307765,0.76687586,0.9167923000000001,0.9160278000000001,0.8415266,0.7776839,0.5471788000000001,0.79225063,0.74417746,0.70940006,0.9246343000000001,0.8532095999999999,0.75689256,0.7782344,0.8187973000000001,0.70188224,0.8838556999999999,0.8913039,0.8127121,0.87244016,0.7869721,0.84302926,0.9544052,0.83841604,0.8468581000000001,0.8096226,0.82823503,0.85625577,0.9163022,0.7987399000000001,0.69733953,0.8078359,0.72124255,0.8189658000000001,0.72725534,0.77579635,0.83695734,0.82458895,0.8057276999999999,0.7363198000000001,0.81078863,0.90343,0.8532095999999999,0.75689256,0.84302926
13,0.44873379999999996,0.77296513,0.52082,0.8144491999999999,0.49846715,0.6476743,0.5672507,0.71865857,0.5352348000000001,0.6907840999999999,0.7974737,0.832982,0.72307765,0.0,0.33327399999999996,0.8107306,0.7512481,0.4027682,0.40546095,0.7508335,0.64859146,0.75761694,0.77206874,0.71772707,0.6230565,0.6830491,0.69845307,0.68701196,0.71781135,0.56174505,0.8288938,0.5590581,0.56045634,0.6363131,0.61415076,0.7283349,0.73620903,0.61967516,0.8404638000000001,0.89715755,0.9313091,0.9409014000000001,0.8925141,0.92176586,0.9252256,0.91539085,0.8614273000000001,0.8592224,0.86083823,0.87274295,0.8357617,0.9145298000000001,0.91995746,0.89051896,0.78129226,0.9270794,0.92900455,0.83899313,0.95102143,0.92725813,0.8404638000000001,0.44873379999999996,0.91883665,0.89715755,0.9313091,0.97074544,0.7508335,0.9409014000000001,0.64859146,0.75761694,0.8925141,0.77296513,0.8087488,0.80829597,0.52082,0.8144491999999999,0.92176586,0.77206874,0.92814887,0.49846715,0.6476743,0.5672507,0.71772707,0.93871504,0.71865857,0.7717516,0.9056565999999999,0.5352348000000001,0.9252256,0.6230565,0.84889835,0.89772314,0.6907840999999999,0.91539085,0.9396065999999998,0.8614273000000001,0.6830491,0.8592224,0.86083823,0.7974737,0.832982,0.87274295,0.7634387,0.8701421999999999,0.72307765,0.69845307,0.90043515,0.68701196,0.8357617,0.71781135,0.9515575999999999,0.0,0.33327399999999996,0.9145298000000001,0.91995746,0.8107306,0.56174505,0.7512481,0.8288938,0.5590581,0.4027682,0.89051896,0.9498233,0.84100395,0.40546095,0.56045634,0.6363131,0.78129226,0.9270794,0.61415076,0.7283349,0.73620903,0.79913056,0.92900455,0.61967516,0.83899313,0.95102143,0.92725813,0.91883665,0.97074544,0.8087488,0.80829597,0.92814887,0.93871504,0.7717516,0.9056565999999999,0.84889835,0.89772314,0.9396065999999998,0.7634387,0.8701421999999999,0.90043515,0.9515575999999999,0.9498233,0.84100395,0.79913056
14,0.59777,0.7894151999999999,0.591649,0.7516459,0.43630832,0.712623,0.4286214,0.7750196999999999,0.52701235,0.69370437,0.77289975,0.79627484,0.76687586,0.33327399999999996,0.0,0.809623,0.69669163,0.59978545,0.18699801,0.6209800999999999,0.43090212,0.6709453000000001,0.59210634,0.5628063,0.58421123,0.6159887,0.68704915,0.551867,0.5978259,0.5126771999999999,0.68856645,0.41587120000000005,0.48304582,0.5330563,0.58485943,0.6626755,0.64972603,0.5450824000000001,0.87738514,0.89203316,0.8940996999999999,0.9207426999999999,0.94596314,0.9272925999999999,0.9189968000000001,0.9168603999999999,0.8971083000000001,0.8893211,0.91068214,0.87604266,0.8711126,0.9247382,0.8804958,0.9019929,0.8250267,0.91868633,0.9257677,0.8117778,0.9653358,0.75726384,0.87738514,0.59777,0.86703116,0.89203316,0.8940996999999999,0.9803591,0.6209800999999999,0.9207426999999999,0.43090212,0.6709453000000001,0.94596314,0.7894151999999999,0.8610361999999999,0.78091776,0.591649,0.7516459,0.9272925999999999,0.59210634,0.88985234,0.43630832,0.712623,0.4286214,0.5628063,0.8494345999999999,0.7750196999999999,0.6818516,0.8619391,0.52701235,0.9189968000000001,0.58421123,0.68699896,0.8419052,0.69370437,0.9168603999999999,0.91426384,0.8971083000000001,0.6159887,0.8893211,0.91068214,0.77289975,0.79627484,0.87604266,0.82102895,0.8764218,0.76687586,0.68704915,0.8087951999999999,0.551867,0.8711126,0.5978259,0.94203335,0.33327399999999996,0.0,0.9247382,0.8804958,0.809623,0.5126771999999999,0.69669163,0.68856645,0.41587120000000005,0.59978545,0.9019929,0.96111834,0.8282871999999999,0.18699801,0.48304582,0.5330563,0.8250267,0.91868633,0.58485943,0.6626755,0.64972603,0.769683,0.9257677,0.5450824000000001,0.8117778,0.9653358,0.75726384,0.86703116,0.9803591,0.8610361999999999,0.78091776,0.88985234,0.8494345999999999,0.6818516,0.8619391,0.68699896,0.8419052,0.91426384,0.82102895,0.8764218,0.8087951999999999,0.94203335,0.96111834,0.8282871999999999,0.769683
15,0.45274258,0.54678386,0.5518751999999999,0.6845826999999999,0.52399254,0.27186859999999996,0.7211695,0.21092361,0.7587387,0.66313374,0.09570134,0.37439895,0.8415266,0.8107306,0.809623,5.960464499999999e-08,0.8605646999999998,0.4915772,0.8464149,0.79559463,0.8056627,0.81856453,0.8769235999999999,0.8346393,0.8822174999999999,0.88100743,0.8035605,0.8835774,0.7230984,0.8471527,0.8499532,0.86624736,0.88769907,0.8880336,0.83434105,0.89493257,0.9230318999999999,0.7501456999999999,0.8154985,0.95869374,0.94513893,0.9768565999999999,0.8597599,0.84467393,0.8785965,0.95344526,0.8875122999999999,0.81832856,0.81476206,0.8894331,0.8991336999999999,0.80687785,0.9255404,0.812615,0.89158756,0.9284017,0.89579177,0.92938244,0.9045271,0.9272815000000001,0.8154985,0.45274258,0.8856337,0.95869374,0.94513893,0.8377224,0.79559463,0.9768565999999999,0.8056627,0.81856453,0.8597599,0.54678386,0.9044871999999999,0.9567962999999999,0.5518751999999999,0.6845826999999999,0.84467393,0.8769235999999999,0.9424773999999999,0.52399254,0.27186859999999996,0.7211695,0.8346393,0.9616734,0.21092361,0.9355998,0.971564,0.7587387,0.8785965,0.8822174999999999,0.91450685,0.94159144,0.66313374,0.95344526,0.93996197,0.8875122999999999,0.88100743,0.81832856,0.81476206,0.09570134,0.37439895,0.8894331,0.9598001,0.9490110999999999,0.8415266,0.8035605,0.96096104,0.8835774,0.8991336999999999,0.7230984,0.9140875,0.8107306,0.809623,0.80687785,0.9255404,5.960464499999999e-08,0.8471527,0.8605646999999998,0.8499532,0.86624736,0.4915772,0.812615,0.8027679,0.9476924000000001,0.8464149,0.88769907,0.8880336,0.89158756,0.9284017,0.83434105,0.89493257,0.9230318999999999,0.926869,0.89579177,0.7501456999999999,0.92938244,0.9045271,0.9272815000000001,0.8856337,0.8377224,0.9044871999999999,0.9567962999999999,0.9424773999999999,0.9616734,0.9355998,0.971564,0.91450685,0.94159144,0.93996197,0.9598001,0.9490110999999999,0.96096104,0.9140875,0.8027679,0.9476924000000001,0.926869
16,0.6729295,0.7625194000000001,0.7282183000000001,0.7160979000000001,0.70842147,0.81777227,0.516864,0.75169635,0.61134034,0.55633485,0.8365818000000002,0.77652985,0.5471788000000001,0.7512481,0.69669163,0.8605646999999998,0.0,0.7977841,0.7977839,0.8312565000000001,0.76375437,0.83316904,0.7411928000000001,0.5361064,0.60092974,0.50292754,0.6108719,0.81904197,0.7843518,0.7305939,0.8382248999999999,0.82401663,0.7358744,0.7186826,0.7817594,0.78950155,0.90148413,0.8686476000000001,0.81179154,0.72684884,0.7816014,0.76634365,0.87697715,0.7718698,0.85956275,0.7395433000000001,0.9175386999999999,0.8732610000000001,0.76803803,0.7001562,0.53854454,0.8393567,0.6961614,0.8112159000000001,0.79034954,0.6742760999999999,0.94222605,0.6375456,0.7286172,0.8618511999999999,0.81179154,0.6729295,0.76466596,0.72684884,0.7816014,0.8270492,0.8312565000000001,0.76634365,0.76375437,0.83316904,0.87697715,0.7625194000000001,0.86372423,0.69461787,0.7282183000000001,0.7160979000000001,0.7718698,0.7411928000000001,0.6899850000000001,0.70842147,0.81777227,0.516864,0.5361064,0.68476146,0.75169635,0.82196546,0.7706443000000001,0.61134034,0.85956275,0.60092974,0.7378616,0.812331,0.55633485,0.7395433000000001,0.66607213,0.9175386999999999,0.50292754,0.8732610000000001,0.76803803,0.8365818000000002,0.77652985,0.7001562,0.85438454,0.77438474,0.5471788000000001,0.6108719,0.72871554,0.81904197,0.53854454,0.7843518,0.89489377,0.7512481,0.69669163,0.8393567,0.6961614,0.8605646999999998,0.7305939,0.0,0.8382248999999999,0.82401663,0.7977841,0.8112159000000001,0.8108797,0.8629534,0.7977839,0.7358744,0.7186826,0.79034954,0.6742760999999999,0.7817594,0.78950155,0.90148413,0.8474386,0.94222605,0.8686476000000001,0.6375456,0.7286172,0.8618511999999999,0.76466596,0.8270492,0.86372423,0.69461787,0.6899850000000001,0.68476146,0.82196546,0.7706443000000001,0.7378616,0.812331,0.66607213,0.85438454,0.77438474,0.72871554,0.89489377,0.8108797,0.8629534,0.8474386
17,0.22072208,0.6105151,0.4431193,0.74437314,0.28075690000000003,0.37309533,0.54546446,0.37844992,0.60779154,0.5858885,0.45246553,0.597528,0.70940006,0.4027682,0.59978545,0.4915772,0.7977841,0.0,0.6501905,0.7378597,0.7365575,0.7318118,0.8483651,0.77518034,0.70978755,0.7202948,0.7121055000000001,0.7241390999999999,0.61590964,0.6061949999999999,0.8355020000000001,0.70649683,0.69948554,0.70552206,0.67875683,0.8083948000000001,0.8155799,0.59515506,0.78693444,0.95211315,0.9501465,0.96046376,0.8681903,0.8994675999999999,0.89779544,0.9567742,0.8703029,0.82058656,0.7882298000000001,0.89867115,0.85409003,0.8816315999999998,0.94013894,0.8493677,0.8347034999999999,0.9317205,0.9157171000000001,0.89810914,0.9206421999999999,0.9488629999999999,0.78693444,0.22072208,0.93334854,0.95211315,0.9501465,0.9585333,0.7378597,0.96046376,0.7365575,0.7318118,0.8681903,0.6105151,0.7921587,0.91317225,0.4431193,0.74437314,0.8994675999999999,0.8483651,0.9505333,0.28075690000000003,0.37309533,0.54546446,0.77518034,0.9507921,0.37844992,0.8461972,0.9444488000000001,0.60779154,0.89779544,0.70978755,0.89318657,0.92665184,0.5858885,0.9567742,0.9729393,0.8703029,0.7202948,0.82058656,0.7882298000000001,0.45246553,0.597528,0.89867115,0.87578255,0.92616904,0.70940006,0.7121055000000001,0.9298128000000001,0.7241390999999999,0.85409003,0.61590964,0.90478504,0.4027682,0.59978545,0.8816315999999998,0.94013894,0.4915772,0.6061949999999999,0.7977841,0.8355020000000001,0.70649683,0.0,0.8493677,0.89814997,0.88603175,0.6501905,0.69948554,0.70552206,0.8347034999999999,0.9317205,0.67875683,0.8083948000000001,0.8155799,0.8533190999999999,0.9157171000000001,0.59515506,0.89810914,0.9206421999999999,0.9488629999999999,0.93334854,0.9585333,0.7921587,0.91317225,0.9505333,0.9507921,0.8461972,0.9444488000000001,0.89318657,0.92665184,0.9729393,0.87578255,0.92616904,0.9298128000000001,0.90478504,0.89814997,0.88603175,0.8533190999999999
18,0.7379409,0.83696425,0.6596550999999999,0.7339441999999999,0.6066083000000001,0.77484083,0.60774165,0.81995064,0.61861503,0.75455016,0.83160913,0.8001156999999999,0.7782344,0.40546095,0.18699801,0.8464149,0.7977839,0.6501905,0.0,0.63409877,0.47978586,0.7180318,0.68150985,0.66640407,0.66095406,0.7111911999999999,0.7307694,0.6065155,0.670967,0.5888255,0.7576837,0.44580758,0.52788854,0.6049646,0.58486044,0.63700616,0.65394765,0.59098566,0.91000676,0.90114474,0.9106194,0.9076685,0.96345484,0.9570943999999999,0.92173916,0.90658873,0.88815945,0.90697277,0.9477898000000001,0.8986495999999999,0.8982254999999999,0.9398141999999999,0.9073462,0.9448834,0.8337519,0.94306177,0.8966141,0.83300954,0.95726067,0.67245597,0.91000676,0.7379409,0.81641823,0.90114474,0.9106194,0.9641108,0.63409877,0.9076685,0.47978586,0.7180318,0.96345484,0.83696425,0.8455623,0.76918256,0.6596550999999999,0.7339441999999999,0.9570943999999999,0.68150985,0.8736176999999999,0.6066083000000001,0.77484083,0.60774165,0.66640407,0.80749637,0.81995064,0.5708169,0.8289482,0.61861503,0.92173916,0.66095406,0.6559212,0.8106941,0.75455016,0.90658873,0.9024035,0.88815945,0.7111911999999999,0.90697277,0.9477898000000001,0.83160913,0.8001156999999999,0.8986495999999999,0.74176574,0.8518511000000001,0.7782344,0.7307694,0.7159886,0.6065155,0.8982254999999999,0.670967,0.9200531,0.40546095,0.18699801,0.9398141999999999,0.9073462,0.8464149,0.5888255,0.7977839,0.7576837,0.44580758,0.6501905,0.9448834,0.9600343000000001,0.807279,0.0,0.52788854,0.6049646,0.8337519,0.94306177,0.58486044,0.63700616,0.65394765,0.6676878,0.8966141,0.59098566,0.83300954,0.95726067,0.67245597,0.81641823,0.9641108,0.8455623,0.76918256,0.8736176999999999,0.80749637,0.5708169,0.8289482,0.6559212,0.8106941,0.9024035,0.74176574,0.8518511000000001,0.7159886,0.9200531,0.9600343000000001,0.807279,0.6676878
