,omer_02.jpg,tal_05.jpg,omer_07.jpg,tal_06.jpg,omer_06.jpg,omer_08.jpg,tal_01.jpg,omer_03.jpg,tal_07.jpg,tal_03.jpg,omer_04.jpg,omer_10.jpg,tal_09.jpg,tal_02.jpg,tal_08.jpg,omer_09.jpg,tal_10.jpg,omer_05.jpg,tal_04.jpg,matt_04.jpg,dom_10.jpg,dom_05.jpg,matt_08.jpg,dom_04.jpg,matt_02.jpg,matt_07.jpg,matt_06.jpg,matt_05.jpg,dom_07.jpg,dom_03.jpg,matt_03.jpg,matt_01.jpg,dom_06.jpg,matt_10.jpg,dom_01.jpg,dom_09.jpg,matt_09.jpg,dom_02.jpg,tess_03.jpg,taz_06.jpg,taz_04.jpg,taz_03.jpg,tess_01.jpg,tess_07.jpg,tess_05.jpg,taz_05.jpg,tess_02.jpg,tess_09.jpg,tess_06.jpg,taz_07.jpg,taz_02.jpg,tess_04.jpg,taz_09.jpg,tess_08.jpg,taz_08.jpg,taz_01.jpg,tess_10.jpg,taz_10.jpg,marina_07.jpg,tamar_04.jpg,tess_03.jpg.1,omer_02.jpg.1,marina_04.jpg,taz_06.jpg.1,taz_04.jpg.1,marina_01.jpg,matt_04.jpg.1,taz_03.jpg.1,dom_10.jpg.1,dom_05.jpg.1,tess_01.jpg.1,tal_05.jpg.1,marina_06.jpg,tamar_09.jpg,omer_07.jpg.1,tal_06.jpg.1,tess_07.jpg.1,matt_08.jpg.1,marina_08.jpg,omer_06.jpg.1,omer_08.jpg.1,tal_01.jpg.1,dom_04.jpg.1,tamar_10.jpg,omer_03.jpg.1,tamar_02.jpg,tamar_05.jpg,tal_07.jpg.1,tess_05.jpg.1,matt_02.jpg.1,tamar_07.jpg,tamar_03.jpg,tal_03.jpg.1,taz_05.jpg.1,marina_09.jpg,tess_02.jpg.1,matt_07.jpg.1,tess_09.jpg.1,tess_06.jpg.1,omer_04.jpg.1,omer_10.jpg.1,taz_07.jpg.1,tamar_01.jpg,marina_10.jpg,tal_09.jpg.1,matt_06.jpg.1,tamar_06.jpg,matt_05.jpg.1,taz_02.jpg.1,dom_07.jpg.1,marina_05.jpg,tal_02.jpg.1,tal_08.jpg.1,tess_04.jpg.1,taz_09.jpg.1,omer_09.jpg.1,dom_03.jpg.1,tal_10.jpg.1,matt_03.jpg.1,matt_01.jpg.1,omer_05.jpg.1,tess_08.jpg.1,marina_02.jpg,marina_03.jpg,tal_04.jpg.1,dom_06.jpg.1,matt_10.jpg.1,taz_08.jpg.1,taz_01.jpg.1,dom_01.jpg.1,dom_09.jpg.1,matt_09.jpg.1,tamar_08.jpg,tess_10.jpg.1,dom_02.jpg.1,taz_10.jpg.1,marina_07.jpg.1,tamar_04.jpg.1,marina_04.jpg.1,marina_01.jpg.1,marina_06.jpg.1,tamar_09.jpg.1,marina_08.jpg.1,tamar_10.jpg.1,tamar_02.jpg.1,tamar_05.jpg.1,tamar_07.jpg.1,tamar_03.jpg.1,marina_09.jpg.1,tamar_01.jpg.1,marina_10.jpg.1,tamar_06.jpg.1,marina_05.jpg.1,marina_02.jpg.1,marina_03.jpg.1,tamar_08.jpg.1
0,0.0,0.63610786,0.43613290000000005,0.63275695,0.32125044,0.4344263,0.6158345000000001,0.4058683,0.5765035,0.6255223000000001,0.33947295,0.57434404,0.708967,0.5654688,0.7391807,0.42215258,0.6752461,0.2787255,0.7972981,0.7240119,0.6966599,0.75721043,0.84556556,0.69710153,0.6357732,0.6361014,0.7608126000000001,0.80021137,0.6442198,0.6279571999999999,0.7411565,0.7333783,0.72346985,0.82834154,0.71612597,0.84609056,0.7695955,0.66416544,0.83368176,0.94644225,0.93560123,0.92768615,0.80412906,0.84003156,0.91830444,0.9515853000000001,0.8752108000000001,0.7888161,0.77290463,0.90665036,0.84458774,0.8240429,0.8597488000000001,0.8436302999999999,0.8422033000000001,0.88780016,0.9524950000000001,0.8972866,0.9008030999999999,0.8795555,0.83368176,0.0,0.8288416999999999,0.94644225,0.93560123,0.8661478000000001,0.7240119,0.92768615,0.6966599,0.75721043,0.80412906,0.63610786,0.7792979,0.8931575,0.43613290000000005,0.63275695,0.84003156,0.84556556,0.8739707,0.32125044,0.4344263,0.6158345000000001,0.69710153,0.89603305,0.4058683,0.8799768,0.882857,0.5765035,0.91830444,0.6357732,0.8215399,0.84381926,0.6255223000000001,0.9515853000000001,0.9316844000000001,0.8752108000000001,0.6361014,0.7888161,0.77290463,0.33947295,0.57434404,0.90665036,0.88886076,0.76664484,0.708967,0.7608126000000001,0.92946064,0.80021137,0.84458774,0.6442198,0.8487529,0.5654688,0.7391807,0.8240429,0.8597488000000001,0.42215258,0.6279571999999999,0.6752461,0.7411565,0.7333783,0.2787255,0.8436302999999999,0.82143044,0.8934193000000001,0.7972981,0.72346985,0.82834154,0.8422033000000001,0.88780016,0.71612597,0.84609056,0.7695955,0.87844133,0.9524950000000001,0.66416544,0.8972866,0.9008030999999999,0.8795555,0.8288416999999999,0.8661478000000001,0.7792979,0.8931575,0.8739707,0.89603305,0.8799768,0.882857,0.8215399,0.84381926,0.9316844000000001,0.88886076,0.76664484,0.92946064,0.8487529,0.82143044,0.8934193000000001,0.87844133
1,0.63610786,1.1920928999999999e-07,0.6882001,0.31624317,0.6870050999999999,0.56479096,0.60755366,0.7247055,0.48188549999999997,0.39016026,0.57931846,0.5233753999999999,0.6984855,0.55246395,0.70602965,0.60363114,0.75797904,0.66810024,0.73601353,0.7481184000000001,0.7568951,0.80609286,0.8394555,0.80684495,0.7404218000000001,0.8491251,0.7595329000000001,0.82513463,0.8123531,0.77472466,0.75997126,0.77394927,0.7953526,0.761263,0.78719544,0.84221613,0.77736354,0.77018476,0.80661905,0.9718232,0.9410304,0.96910626,0.8136095,0.82227314,0.8576754000000001,0.9697465000000001,0.81541866,0.7596048000000001,0.842251,0.93384176,0.8874849,0.8799072,0.9364339,0.8744851999999999,0.95170945,0.93690854,0.941051,0.9509155,0.94102526,0.9077052,0.80661905,0.63610786,0.84076786,0.9718232,0.9410304,0.9255294,0.7481184000000001,0.96910626,0.7568951,0.80609286,0.8136095,1.1920928999999999e-07,0.81421864,0.8485799999999999,0.6882001,0.31624317,0.82227314,0.8394555,0.8943844000000001,0.6870050999999999,0.56479096,0.60755366,0.80684495,0.8883796,0.7247055,0.85913664,0.8322965,0.48188549999999997,0.8576754000000001,0.7404218000000001,0.87066317,0.86584485,0.39016026,0.9697465000000001,0.91716814,0.81541866,0.8491251,0.7596048000000001,0.842251,0.57931846,0.5233753999999999,0.93384176,0.89093256,0.8720716000000001,0.6984855,0.7595329000000001,0.9311030999999999,0.82513463,0.8874849,0.8123531,0.7622234999999999,0.55246395,0.70602965,0.8799072,0.9364339,0.60363114,0.77472466,0.75797904,0.75997126,0.77394927,0.66810024,0.8744851999999999,0.8397701,0.849433,0.73601353,0.7953526,0.761263,0.95170945,0.93690854,0.78719544,0.84221613,0.77736354,0.8839386999999999,0.941051,0.77018476,0.9509155,0.94102526,0.9077052,0.84076786,0.9255294,0.81421864,0.8485799999999999,0.8943844000000001,0.8883796,0.85913664,0.8322965,0.87066317,0.86584485,0.91716814,0.89093256,0.8720716000000001,0.9311030999999999,0.7622234999999999,0.8397701,0.849433,0.8839386999999999
2,0.43613290000000005,0.6882001,0.0,0.66966426,0.48819107,0.449089,0.70073974,0.42822516,0.64745146,0.7034722,0.5264398,0.6272515999999999,0.7376903,0.6574346,0.7060486999999999,0.49365026,0.68047833,0.44017988,0.74643475,0.72989905,0.5803484,0.7447649000000001,0.8079148,0.61262333,0.6940793000000001,0.6132443000000001,0.6078621999999999,0.7826149,0.6473036,0.55968815,0.7820976,0.7546020999999999,0.6534293999999999,0.76756775,0.66296625,0.82556546,0.8242089,0.5656517,0.90586156,0.9227941999999999,0.9194068999999999,0.926688,0.8782921,0.8710978000000001,0.95096636,0.92232406,0.9285635,0.88565123,0.8854238000000001,0.8486367,0.89664924,0.883357,0.86013997,0.8970448000000001,0.81997555,0.88607985,0.95540816,0.8601706,0.919701,0.92957395,0.90586156,0.43613290000000005,0.77699685,0.9227941999999999,0.9194068999999999,0.8408507,0.72989905,0.926688,0.5803484,0.7447649000000001,0.8782921,0.6882001,0.7656592,0.8626746999999999,0.0,0.66966426,0.8710978000000001,0.8079148,0.93556666,0.48819107,0.449089,0.70073974,0.61262333,0.9264798000000001,0.42822516,0.8225593000000001,0.8898984000000001,0.64745146,0.95096636,0.6940793000000001,0.775856,0.8091884,0.7034722,0.92232406,0.9350545,0.9285635,0.6132443000000001,0.88565123,0.8854238000000001,0.5264398,0.6272515999999999,0.8486367,0.8914453000000001,0.80942863,0.7376903,0.6078621999999999,0.89497095,0.7826149,0.89664924,0.6473036,0.81474453,0.6574346,0.7060486999999999,0.883357,0.86013997,0.49365026,0.55968815,0.68047833,0.7820976,0.7546020999999999,0.44017988,0.8970448000000001,0.8983730999999999,0.84266466,0.74643475,0.6534293999999999,0.76756775,0.81997555,0.88607985,0.66296625,0.82556546,0.8242089,0.82655036,0.95540816,0.5656517,0.8601706,0.919701,0.92957395,0.77699685,0.8408507,0.7656592,0.8626746999999999,0.93556666,0.9264798000000001,0.8225593000000001,0.8898984000000001,0.775856,0.8091884,0.9350545,0.8914453000000001,0.80942863,0.89497095,0.81474453,0.8983730999999999,0.84266466,0.82655036
3,0.63275695,0.31624317,0.66966426,0.0,0.63357764,0.68666625,0.47077012,0.7745109,0.3960845,0.30240458,0.69359976,0.6703669,0.6659423000000001,0.47353888,0.5954669,0.71715,0.54306126,0.6547824999999999,0.6124078000000001,0.737429,0.70460355,0.75734985,0.879138,0.5977336,0.7129123,0.74768156,0.7534333000000001,0.7539325,0.751235,0.65735054,0.7948798,0.82697177,0.6548009,0.77420664,0.6541017,0.77773106,0.7576715,0.7063046,0.8516625,0.96465117,0.9436627000000001,0.94429016,0.8803612,0.8396903,0.8726601999999999,0.95647305,0.83946097,0.84185666,0.82604265,0.92829853,0.87814254,0.87424195,0.9063793,0.90553236,0.94667745,0.9102425999999999,0.9611992,0.94009423,0.8950114,0.8494790000000001,0.8516625,0.63275695,0.8186563,0.96465117,0.9436627000000001,0.94390976,0.737429,0.94429016,0.70460355,0.75734985,0.8803612,0.31624317,0.86549824,0.84830594,0.66966426,0.0,0.8396903,0.879138,0.8704052999999999,0.63357764,0.68666625,0.47077012,0.5977336,0.83424175,0.7745109,0.84765273,0.82668483,0.3960845,0.8726601999999999,0.7129123,0.88026047,0.8292719999999999,0.30240458,0.95647305,0.8842059000000001,0.83946097,0.74768156,0.84185666,0.82604265,0.69359976,0.6703669,0.92829853,0.8742247,0.84052706,0.6659423000000001,0.7534333000000001,0.9301584,0.7539325,0.87814254,0.751235,0.7322850000000001,0.47353888,0.5954669,0.87424195,0.9063793,0.71715,0.65735054,0.54306126,0.7948798,0.82697177,0.6547824999999999,0.90553236,0.8710046999999999,0.7772295,0.6124078000000001,0.6548009,0.77420664,0.94667745,0.9102425999999999,0.6541017,0.77773106,0.7576715,0.8718813,0.9611992,0.7063046,0.94009423,0.8950114,0.8494790000000001,0.8186563,0.94390976,0.86549824,0.84830594,0.8704052999999999,0.83424175,0.84765273,0.82668483,0.88026047,0.8292719999999999,0.8842059000000001,0.8742247,0.84052706,0.9301584,0.7322850000000001,0.8710046999999999,0.7772295,0.8718813
4,0.32125044,0.6870050999999999,0.48819107,0.63357764,1.1920928999999999e-07,0.45766187,0.48400134,0.3588059,0.5611096,0.66052353,0.44751936,0.5768169,0.74096596,0.581525,0.6450855999999999,0.5388808,0.5616621,0.3029341,0.7353291999999999,0.68354404,0.61699015,0.62923205,0.76729953,0.6040269,0.66324186,0.5904550000000001,0.71886104,0.7305162,0.57718027,0.56441504,0.7162815,0.75782937,0.63153255,0.73300445,0.65505934,0.80513257,0.7519709,0.5491276999999999,0.8747434000000001,0.9299564,0.88732195,0.9161242,0.87474436,0.8809806,0.9126095,0.91841954,0.92959875,0.80657554,0.79536355,0.8643870000000001,0.8428389000000001,0.8529093000000001,0.8008744999999999,0.86491215,0.8454354,0.90122163,0.93734485,0.87448835,0.83849037,0.8762515999999999,0.8747434000000001,0.32125044,0.85094094,0.9299564,0.88732195,0.88156873,0.68354404,0.9161242,0.61699015,0.62923205,0.87474436,0.6870050999999999,0.8411247,0.8640466999999998,0.48819107,0.63357764,0.8809806,0.76729953,0.84539074,1.1920928999999999e-07,0.45766187,0.48400134,0.6040269,0.9063800999999999,0.3588059,0.8352984,0.84425354,0.5611096,0.9126095,0.66324186,0.810094,0.88898194,0.66052353,0.91841954,0.9165489,0.92959875,0.5904550000000001,0.80657554,0.79536355,0.44751936,0.5768169,0.8643870000000001,0.919639,0.7766846,0.74096596,0.71886104,0.9135705,0.7305162,0.8428389000000001,0.57718027,0.8579529,0.581525,0.6450855999999999,0.8529093000000001,0.8008744999999999,0.5388808,0.56441504,0.5616621,0.7162815,0.75782937,0.3029341,0.86491215,0.8948083,0.8776464,0.7353291999999999,0.63153255,0.73300445,0.8454354,0.90122163,0.65505934,0.80513257,0.7519709,0.86525035,0.93734485,0.5491276999999999,0.87448835,0.83849037,0.8762515999999999,0.85094094,0.88156873,0.8411247,0.8640466999999998,0.84539074,0.9063800999999999,0.8352984,0.84425354,0.810094,0.88898194,0.9165489,0.919639,0.7766846,0.9135705,0.8579529,0.8948083,0.8776464,0.86525035
5,0.4344263,0.56479096,0.449089,0.68666625,0.45766187,5.960464499999999e-08,0.6816915,0.2932797,0.68246615,0.6944378999999999,0.24817741,0.44664228,0.7572971,0.6494346,0.8053686999999999,0.24005383,0.7651289000000001,0.38505417,0.84318393,0.8225193000000001,0.73541236,0.7562392,0.8971364,0.80029464,0.79262376,0.79070777,0.7946419,0.8594400999999999,0.72977173,0.72988755,0.8528449,0.809383,0.77127975,0.8467661,0.8025142,0.8946344,0.86498994,0.68144196,0.87515044,0.96446055,0.9330381,0.95774883,0.8415636000000001,0.9095638,0.9154905000000001,0.96122074,0.90421706,0.824785,0.8480559000000001,0.9087226,0.923751,0.9032,0.9093453000000001,0.8776841000000001,0.88897634,0.9320216999999998,0.92328286,0.93000257,0.9356468000000001,0.95731616,0.87515044,0.4344263,0.84927905,0.96446055,0.9330381,0.9205211999999999,0.8225193000000001,0.95774883,0.73541236,0.7562392,0.8415636000000001,0.56479096,0.7798706,0.91075504,0.449089,0.68666625,0.9095638,0.8971364,0.9044523000000001,0.45766187,5.960464499999999e-08,0.6816915,0.80029464,0.95970935,0.2932797,0.87795025,0.94346285,0.68246615,0.9154905000000001,0.79262376,0.8664963,0.93160415,0.6944378999999999,0.96122074,0.9660440999999999,0.90421706,0.79070777,0.824785,0.8480559000000001,0.24817741,0.44664228,0.9087226,0.9421198000000001,0.87864465,0.7572971,0.7946419,0.9581027,0.8594400999999999,0.923751,0.72977173,0.8603506,0.6494346,0.8053686999999999,0.9032,0.9093453000000001,0.24005383,0.72988755,0.7651289000000001,0.8528449,0.809383,0.38505417,0.8776841000000001,0.9150289,0.9369264,0.84318393,0.77127975,0.8467661,0.88897634,0.9320216999999998,0.8025142,0.8946344,0.86498994,0.84651434,0.92328286,0.68144196,0.93000257,0.9356468000000001,0.95731616,0.84927905,0.9205211999999999,0.7798706,0.91075504,0.9044523000000001,0.95970935,0.87795025,0.94346285,0.8664963,0.93160415,0.9660440999999999,0.9421198000000001,0.87864465,0.9581027,0.8603506,0.9150289,0.9369264,0.84651434
6,0.6158345000000001,0.60755366,0.70073974,0.47077012,0.48400134,0.6816915,0.0,0.68661267,0.45917594,0.38232285,0.6669076999999999,0.71522313,0.66082925,0.5016288,0.3958466,0.7500031999999999,0.38236505,0.70023066,0.5159746000000001,0.77949464,0.6758524,0.6320107,0.78212756,0.50972044,0.77297544,0.7755809,0.81427264,0.7386216,0.6788449000000001,0.52090085,0.7657565,0.86218214,0.4984901,0.8080407,0.5801165,0.7322641,0.77538425,0.6715129,0.8569690999999999,0.88668615,0.84990346,0.8592174000000001,0.86101234,0.77296877,0.82684875,0.82586646,0.9020125,0.8259175999999999,0.6209946999999999,0.86171615,0.81111634,0.69664085,0.80148715,0.82683736,0.8567839,0.8263811,0.92381227,0.7926082,0.83503264,0.7953893,0.8569690999999999,0.6158345000000001,0.8089203,0.88668615,0.84990346,0.9629725,0.77949464,0.8592174000000001,0.6758524,0.6320107,0.86101234,0.60755366,0.85592407,0.700908,0.70073974,0.47077012,0.77296877,0.78212756,0.8417703999999999,0.48400134,0.6816915,0.0,0.50972044,0.7993442,0.68661267,0.78934526,0.7654816,0.45917594,0.82684875,0.77297544,0.70116615,0.765806,0.38232285,0.82586646,0.8561834,0.9020125,0.7755809,0.8259175999999999,0.6209946999999999,0.6669076999999999,0.71522313,0.86171615,0.80661136,0.7847604,0.66082925,0.81427264,0.8848851000000001,0.7386216,0.81111634,0.6788449000000001,0.82062954,0.5016288,0.3958466,0.69664085,0.80148715,0.7500031999999999,0.52090085,0.38236505,0.7657565,0.86218214,0.70023066,0.82683736,0.8839861999999999,0.7702835,0.5159746000000001,0.4984901,0.8080407,0.8567839,0.8263811,0.5801165,0.7322641,0.77538425,0.7620416999999999,0.92381227,0.6715129,0.7926082,0.83503264,0.7953893,0.8089203,0.9629725,0.85592407,0.700908,0.8417703999999999,0.7993442,0.78934526,0.7654816,0.70116615,0.765806,0.8561834,0.80661136,0.7847604,0.8848851000000001,0.82062954,0.8839861999999999,0.7702835,0.7620416999999999
7,0.4058683,0.7247055,0.42822516,0.7745109,0.3588059,0.2932797,0.68661267,0.0,0.7006969,0.7811625,0.25133026,0.36925929999999996,0.78833497,0.6821141,0.7424903,0.29532766,0.71296513,0.36254805,0.81212485,0.7221733,0.69611824,0.6017089,0.80748326,0.6872866,0.70445496,0.6240127,0.6681885999999999,0.78204155,0.5537788,0.60224855,0.7737546999999999,0.73716193,0.6421938,0.73273146,0.67475843,0.78243375,0.8108148000000001,0.57961595,0.8849309000000001,0.88836586,0.8684706,0.8979461,0.89924645,0.9239546000000001,0.9609065999999999,0.9251585999999999,0.94585574,0.8590091000000001,0.87370396,0.81504834,0.8394869,0.8955064,0.7892397,0.8866360999999999,0.74565774,0.8761049999999999,0.96572185,0.8369221,0.8512216999999999,0.8885928,0.8849309000000001,0.4058683,0.82254374,0.88836586,0.8684706,0.84734416,0.7221733,0.8979461,0.69611824,0.6017089,0.89924645,0.7247055,0.8560530000000001,0.8772595,0.42822516,0.7745109,0.9239546000000001,0.80748326,0.8979225000000001,0.3588059,0.2932797,0.68661267,0.6872866,0.89474297,0.0,0.8812581,0.87954164,0.7006969,0.9609065999999999,0.70445496,0.7973334,0.88774323,0.7811625,0.9251585999999999,0.9406598,0.94585574,0.6240127,0.8590091000000001,0.87370396,0.25133026,0.36925929999999996,0.81504834,0.90552235,0.8610375,0.78833497,0.6681885999999999,0.8901396999999999,0.78204155,0.8394869,0.5537788,0.8814799000000001,0.6821141,0.7424903,0.8955064,0.7892397,0.29532766,0.60224855,0.71296513,0.7737546999999999,0.73716193,0.36254805,0.8866360999999999,0.91341716,0.942884,0.81212485,0.6421938,0.73273146,0.74565774,0.8761049999999999,0.67475843,0.78243375,0.8108148000000001,0.8581030999999999,0.96572185,0.57961595,0.8369221,0.8512216999999999,0.8885928,0.82254374,0.84734416,0.8560530000000001,0.8772595,0.8979225000000001,0.89474297,0.8812581,0.87954164,0.7973334,0.88774323,0.9406598,0.90552235,0.8610375,0.8901396999999999,0.8814799000000001,0.91341716,0.942884,0.8581030999999999
8,0.5765035,0.48188549999999997,0.64745146,0.3960845,0.5611096,0.68246615,0.45917594,0.7006969,0.0,0.25698292,0.70737207,0.72040045,0.63444555,0.38435823,0.55565673,0.7526678000000001,0.4861629,0.6447606,0.60388994,0.76057994,0.7565470000000001,0.6815969,0.8658596,0.6837147,0.7497705,0.77074504,0.7841376999999999,0.771839,0.7214813,0.69367576,0.7877009,0.83768386,0.6752469,0.7459539000000001,0.7225833,0.7692698,0.7882574,0.7355049,0.8712964,0.9238216,0.92146355,0.93026567,0.9066101999999999,0.7868353,0.87873864,0.9059222,0.92163086,0.848614,0.83872485,0.8560499,0.88588214,0.84021294,0.88434845,0.8846765999999999,0.8915354999999999,0.9203707,0.9432950000000001,0.88833696,0.8791553,0.9107642,0.8712964,0.5765035,0.91360974,0.9238216,0.92146355,0.9572144,0.76057994,0.93026567,0.7565470000000001,0.6815969,0.9066101999999999,0.48188549999999997,0.8468071,0.8548919,0.64745146,0.3960845,0.7868353,0.8658596,0.8395368000000001,0.5611096,0.68246615,0.45917594,0.6837147,0.9042087,0.7006969,0.8690181,0.8094199000000001,0.0,0.87873864,0.7497705,0.8553377000000001,0.8310982,0.25698292,0.9059222,0.89481455,0.92163086,0.77074504,0.848614,0.83872485,0.70737207,0.72040045,0.8560499,0.91291016,0.7740871,0.63444555,0.7841376999999999,0.8910292,0.771839,0.88588214,0.7214813,0.8297708,0.38435823,0.55565673,0.84021294,0.88434845,0.7526678000000001,0.69367576,0.4861629,0.7877009,0.83768386,0.6447606,0.8846765999999999,0.8501061,0.7609279999999999,0.60388994,0.6752469,0.7459539000000001,0.8915354999999999,0.9203707,0.7225833,0.7692698,0.7882574,0.8450871999999999,0.9432950000000001,0.7355049,0.88833696,0.8791553,0.9107642,0.91360974,0.9572144,0.8468071,0.8548919,0.8395368000000001,0.9042087,0.8690181,0.8094199000000001,0.8553377000000001,0.8310982,0.89481455,0.91291016,0.7740871,0.8910292,0.8297708,0.8501061,0.7609279999999999,0.8450871999999999
9,0.6255223000000001,0.39016026,0.7034722,0.30240458,0.66052353,0.6944378999999999,0.38232285,0.7811625,0.25698292,0.0,0.71918947,0.7150550999999999,0.68207216,0.47706980000000004,0.58372515,0.73490214,0.5265379,0.7320727,0.618152,0.79748285,0.7834405,0.74534774,0.8729023000000001,0.6587145000000001,0.77689993,0.84821844,0.84282625,0.8411344000000001,0.7913836999999999,0.67854697,0.80706996,0.8725845999999999,0.6925179,0.8635391,0.6914849000000001,0.7966694000000001,0.82921994,0.78811973,0.81173074,0.92962164,0.8792955,0.9281263000000001,0.811028,0.7300047,0.7609251,0.8753806999999999,0.8449751,0.78966427,0.70805085,0.9016482,0.8467261999999999,0.7576008000000001,0.85113436,0.8244448,0.9253433000000001,0.85227716,0.91654783,0.84089535,0.9039377000000001,0.90165913,0.81173074,0.6255223000000001,0.88119805,0.92962164,0.8792955,0.94960195,0.79748285,0.9281263000000001,0.7834405,0.74534774,0.811028,0.39016026,0.8305783000000001,0.84372103,0.7034722,0.30240458,0.7300047,0.8729023000000001,0.8206894,0.66052353,0.6944378999999999,0.38232285,0.6587145000000001,0.9039801,0.7811625,0.8508165999999999,0.8518113000000002,0.25698292,0.7609251,0.77689993,0.84746104,0.8298831,0.0,0.8753806999999999,0.85694206,0.8449751,0.84821844,0.78966427,0.70805085,0.71918947,0.7150550999999999,0.9016482,0.88985634,0.79872215,0.68207216,0.84282625,0.92343533,0.8411344000000001,0.8467261999999999,0.7913836999999999,0.7887099,0.47706980000000004,0.58372515,0.7576008000000001,0.85113436,0.73490214,0.67854697,0.5265379,0.80706996,0.8725845999999999,0.7320727,0.8244448,0.78675735,0.77994823,0.618152,0.6925179,0.8635391,0.9253433000000001,0.85227716,0.6914849000000001,0.7966694000000001,0.82921994,0.8344560999999999,0.91654783,0.78811973,0.84089535,0.9039377000000001,0.90165913,0.88119805,0.94960195,0.8305783000000001,0.84372103,0.8206894,0.9039801,0.8508165999999999,0.8518113000000002,0.84746104,0.8298831,0.85694206,0.88985634,0.79872215,0.92343533,0.7887099,0.78675735,0.77994823,0.8344560999999999
10,0.33947295,0.57931846,0.5264398,0.69359976,0.44751936,0.24817741,0.6669076999999999,0.25133026,0.70737207,0.71918947,5.960464499999999e-08,0.33143616,0.84043586,0.69453293,0.7832161,0.1836794,0.8000948,0.36420226,0.8254534,0.71696925,0.7200428000000001,0.6709626999999999,0.82229215,0.7138687,0.7275925999999999,0.7244018,0.8111254,0.7779931999999999,0.55825996,0.6372392,0.7264451,0.6924051,0.71785045,0.81439066,0.74592006,0.8047343000000001,0.75150806,0.6321097,0.805554,0.94831896,0.9243372,0.9451214,0.80367243,0.89016247,0.9086692,0.95317227,0.8560479999999999,0.78088033,0.8077215,0.88535845,0.86996025,0.8678975,0.86257255,0.8582593000000001,0.8552030999999999,0.89597905,0.9257133,0.89297366,0.93685305,0.91050553,0.805554,0.33947295,0.84326637,0.94831896,0.9243372,0.88687444,0.71696925,0.9451214,0.7200428000000001,0.6709626999999999,0.80367243,0.57931846,0.8506836,0.90822935,0.5264398,0.69359976,0.89016247,0.82229215,0.9396341999999999,0.44751936,0.24817741,0.6669076999999999,0.7138687,0.9345201,0.25133026,0.88342386,0.9254292,0.70737207,0.9086692,0.7275925999999999,0.8478568000000001,0.9049891,0.71918947,0.95317227,0.96679604,0.8560479999999999,0.7244018,0.78088033,0.8077215,5.960464499999999e-08,0.33143616,0.88535845,0.9245690000000001,0.9112950000000001,0.84043586,0.8111254,0.9422708000000001,0.7779931999999999,0.86996025,0.55825996,0.8936934999999999,0.69453293,0.7832161,0.8678975,0.86257255,0.1836794,0.6372392,0.8000948,0.7264451,0.6924051,0.36420226,0.8582593000000001,0.88844883,0.94717544,0.8254534,0.71785045,0.81439066,0.8552030999999999,0.89597905,0.74592006,0.8047343000000001,0.75150806,0.91531956,0.9257133,0.6321097,0.89297366,0.93685305,0.91050553,0.84326637,0.88687444,0.8506836,0.90822935,0.9396341999999999,0.9345201,0.88342386,0.9254292,0.8478568000000001,0.9049891,0.96679604,0.9245690000000001,0.9112950000000001,0.9422708000000001,0.8936934999999999,0.88844883,0.94717544,0.91531956
11,0.57434404,0.5233753999999999,0.6272515999999999,0.6703669,0.5768169,0.44664228,0.71522313,0.36925929999999996,0.72040045,0.7150550999999999,0.33143616,0.0,0.86923933,0.72125804,0.7890457,0.443604,0.79806966,0.6247951999999999,0.78501785,0.7129983,0.76615775,0.6792736,0.78832084,0.76761025,0.7320128,0.69194245,0.61107683,0.7840937,0.7180928000000001,0.7794018,0.72638017,0.74628913,0.7649057,0.72288066,0.7804953,0.8728372999999999,0.76327646,0.76714474,0.9211809999999999,0.9700548000000001,0.95304024,0.97995466,0.92381924,0.94285965,0.9554185,0.9681895,0.9435077,0.9178828000000001,0.9152896,0.9490554,0.9301881999999999,0.9280493000000001,0.9304627000000001,0.94324946,0.9404287,0.9478181,0.9647075999999999,0.9367078000000001,0.9211236999999999,0.88109386,0.9211809999999999,0.57434404,0.8677583000000001,0.9700548000000001,0.95304024,0.84056747,0.7129983,0.97995466,0.76615775,0.6792736,0.92381924,0.5233753999999999,0.9225849,0.91353005,0.6272515999999999,0.6703669,0.94285965,0.78832084,0.9169383,0.5768169,0.44664228,0.71522313,0.76761025,0.9069159999999999,0.36925929999999996,0.8910471999999999,0.887156,0.72040045,0.9554185,0.7320128,0.82709163,0.9022466,0.7150550999999999,0.9681895,0.93650347,0.9435077,0.69194245,0.9178828000000001,0.9152896,0.33143616,0.0,0.9490554,0.94339347,0.93273544,0.86923933,0.61107683,0.9345353999999999,0.7840937,0.9301881999999999,0.7180928000000001,0.92591405,0.72125804,0.7890457,0.9280493000000001,0.9304627000000001,0.443604,0.7794018,0.79806966,0.72638017,0.74628913,0.6247951999999999,0.94324946,0.9014298000000001,0.9606655000000001,0.78501785,0.7649057,0.72288066,0.9404287,0.9478181,0.7804953,0.8728372999999999,0.76327646,0.9285343,0.9647075999999999,0.76714474,0.9367078000000001,0.9211236999999999,0.88109386,0.8677583000000001,0.84056747,0.9225849,0.91353005,0.9169383,0.9069159999999999,0.8910471999999999,0.887156,0.82709163,0.9022466,0.93650347,0.94339347,0.93273544,0.9345353999999999,0.92591405,0.9014298000000001,0.9606655000000001,0.9285343
12,0.708967,0.6984855,0.7376903,0.6659423000000001,0.74096596,0.7572971,0.66082925,0.78833497,0.63444555,0.68207216,0.84043586,0.86923933,0.0,0.6439333,0.7187199000000001,0.77695847,0.45599574,0.75328803,0.7756964,0.8653293,0.8056052,0.94813555,0.88840455,0.8188875,0.68817884,0.70487994,0.7756746,0.85200024,0.8816023999999999,0.7956329000000001,0.84664327,0.8498834000000001,0.8641643,0.80129707,0.88104844,0.9172568000000001,0.8674896000000001,0.8469565,0.9320603000000001,0.9512415999999999,0.9476401,0.89071685,0.931313,0.87688035,0.93945014,0.92142737,0.94305605,0.94126475,0.8772155999999999,0.9113958000000001,0.8968587,0.9038681000000001,0.9109663,0.9331292999999999,0.9193743000000001,0.9285129999999999,0.9737778,0.9261353999999999,0.755201,0.7965342,0.9320603000000001,0.708967,0.757404,0.9512415999999999,0.9476401,0.9118487,0.8653293,0.89071685,0.8056052,0.94813555,0.931313,0.6984855,0.6782526999999999,0.7480770999999999,0.7376903,0.6659423000000001,0.87688035,0.88840455,0.78031886,0.74096596,0.7572971,0.66082925,0.8188875,0.7534759,0.78833497,0.81340593,0.80248535,0.63444555,0.93945014,0.68817884,0.7646885999999999,0.82719207,0.68207216,0.92142737,0.8234523000000001,0.94305605,0.70487994,0.94126475,0.8772155999999999,0.84043586,0.86923933,0.9113958000000001,0.79001915,0.68593144,0.0,0.7756746,0.8671004999999999,0.85200024,0.8968587,0.8816023999999999,0.73013794,0.6439333,0.7187199000000001,0.9038681000000001,0.9109663,0.77695847,0.7956329000000001,0.45599574,0.84664327,0.8498834000000001,0.75328803,0.9331292999999999,0.8052116,0.6955613,0.7756964,0.8641643,0.80129707,0.9193743000000001,0.9285129999999999,0.88104844,0.9172568000000001,0.8674896000000001,0.62814003,0.9737778,0.8469565,0.9261353999999999,0.755201,0.7965342,0.757404,0.9118487,0.6782526999999999,0.7480770999999999,0.78031886,0.7534759,0.81340593,0.80248535,0.7646885999999999,0.82719207,0.8234523000000001,0.79001915,0.68593144,0.8671004999999999,0.73013794,0.8052116,0.6955613,0.62814003
13,0.5654688,0.55246395,0.6574346,0.47353888,0.581525,0.6494346,0.5016288,0.6821141,0.38435823,0.47706980000000004,0.69453293,0.72125804,0.6439333,0.0,0.45522952,0.7079916,0.5799068000000001,0.5706933000000001,0.5199089,0.7985865,0.7765578000000001,0.71131134,0.8924546,0.6940288,0.69259125,0.7180398,0.72339815,0.79643977,0.72792757,0.6178765,0.8197719000000001,0.79167557,0.59497774,0.7963011999999999,0.5861187,0.79303384,0.7181653,0.7764701999999999,0.85535574,0.9119705,0.93934387,0.88388896,0.9105144000000001,0.8697587,0.8744589,0.92691094,0.8924549,0.84528303,0.83634967,0.8891136999999999,0.89437187,0.83974195,0.88835955,0.88515335,0.83216536,0.9027019000000001,0.9406924000000001,0.88496506,0.898596,0.86791205,0.85535574,0.5654688,0.90189004,0.9119705,0.93934387,0.96725225,0.7985865,0.88388896,0.7765578000000001,0.71131134,0.9105144000000001,0.55246395,0.86091703,0.8307078000000001,0.6574346,0.47353888,0.8697587,0.8924546,0.86623347,0.581525,0.6494346,0.5016288,0.6940288,0.8982705,0.6821141,0.84670335,0.85482264,0.38435823,0.8744589,0.69259125,0.8585586,0.8419271999999999,0.47706980000000004,0.92691094,0.9068825,0.8924549,0.7180398,0.84528303,0.83634967,0.69453293,0.72125804,0.8891136999999999,0.8604019,0.8170743,0.6439333,0.72339815,0.8985561,0.79643977,0.89437187,0.72792757,0.88543165,0.0,0.45522952,0.83974195,0.88835955,0.7079916,0.6178765,0.5799068000000001,0.8197719000000001,0.79167557,0.5706933000000001,0.88515335,0.8999649,0.83215857,0.5199089,0.59497774,0.7963011999999999,0.83216536,0.9027019000000001,0.5861187,0.79303384,0.7181653,0.812373,0.9406924000000001,0.7764701999999999,0.88496506,0.898596,0.86791205,0.90189004,0.96725225,0.86091703,0.8307078000000001,0.86623347,0.8982705,0.84670335,0.85482264,0.8585586,0.8419271999999999,0.9068825,0.8604019,0.8170743,0.8985561,0.88543165,0.8999649,0.83215857,0.812373
14,0.7391807,0.70602965,0.7060486999999999,0.5954669,0.6450855999999999,0.8053686999999999,0.3958466,0.7424903,0.55565673,0.58372515,0.7832161,0.7890457,0.7187199000000001,0.45522952,5.960464499999999e-08,0.8042965,0.5226843,0.7380840999999999,0.22123414,0.7110219,0.56681323,0.54648775,0.702361,0.40801036,0.647107,0.68711334,0.74566716,0.5618969,0.55868745,0.36963636,0.693812,0.71629345,0.29539412,0.699103,0.42514926,0.5216687,0.56761825,0.6196616,0.8979804,0.8981712,0.9133256,0.8944076999999999,0.93514377,0.87155926,0.9232401,0.904098,0.9257494000000001,0.8800295,0.8657738000000001,0.8569104,0.90914255,0.8401664000000001,0.8449799000000001,0.90026873,0.8068050999999999,0.9209653,0.93931216,0.8609555,0.934617,0.6459148,0.8979804,0.7391807,0.8470091000000001,0.8981712,0.9133256,0.97132623,0.7110219,0.8944076999999999,0.56681323,0.54648775,0.93514377,0.70602965,0.91434723,0.68262136,0.7060486999999999,0.5954669,0.87155926,0.702361,0.92610633,0.6450855999999999,0.8053686999999999,0.3958466,0.40801036,0.74078643,0.7424903,0.79088867,0.7800851,0.55565673,0.9232401,0.647107,0.707464,0.75041413,0.58372515,0.904098,0.83431935,0.9257494000000001,0.68711334,0.8800295,0.8657738000000001,0.7832161,0.7890457,0.8569104,0.7277256999999999,0.8485903,0.7187199000000001,0.74566716,0.8353405,0.5618969,0.90914255,0.55868745,0.9064061,0.45522952,5.960464499999999e-08,0.8401664000000001,0.8449799000000001,0.8042965,0.36963636,0.5226843,0.693812,0.71629345,0.7380840999999999,0.90026873,0.9310485000000001,0.76233894,0.22123414,0.29539412,0.699103,0.8068050999999999,0.9209653,0.42514926,0.5216687,0.56761825,0.7570460999999999,0.93931216,0.6196616,0.8609555,0.934617,0.6459148,0.8470091000000001,0.97132623,0.91434723,0.68262136,0.92610633,0.74078643,0.79088867,0.7800851,0.707464,0.75041413,0.83431935,0.7277256999999999,0.8485903,0.8353405,0.9064061,0.9310485000000001,0.76233894,0.7570460999999999
15,0.42215258,0.60363114,0.49365026,0.71715,0.5388808,0.24005383,0.7500031999999999,0.29532766,0.7526678000000001,0.73490214,0.1836794,0.443604,0.77695847,0.7079916,0.8042965,0.0,0.7753886999999999,0.39748174,0.8287032,0.81272995,0.7453835,0.7723906,0.88583803,0.78619695,0.7694687,0.7682526,0.79698706,0.83770347,0.6882281,0.71092415,0.81659216,0.7634863000000001,0.7518193,0.8554703000000001,0.7779726,0.8542563,0.8172626999999999,0.69078505,0.8601296999999999,0.9609996999999999,0.94028956,0.9478288,0.8191006,0.9070591,0.94100535,0.9736620999999999,0.8953853,0.8240620999999999,0.87973624,0.90570503,0.9169941999999999,0.88526046,0.89265597,0.8657683,0.8475735000000001,0.9324759,0.9471152,0.9317356,0.9256371999999999,0.9261246999999999,0.8601296999999999,0.42215258,0.8058424,0.9609996999999999,0.94028956,0.8814049999999999,0.81272995,0.9478288,0.7453835,0.7723906,0.8191006,0.60363114,0.7838175999999999,0.9293912,0.49365026,0.71715,0.9070591,0.88583803,0.9161822000000001,0.5388808,0.24005383,0.7500031999999999,0.78619695,0.9467380999999999,0.29532766,0.8935075000000001,0.94831526,0.7526678000000001,0.94100535,0.7694687,0.84947664,0.91288334,0.73490214,0.9736620999999999,0.9474051,0.8953853,0.7682526,0.8240620999999999,0.87973624,0.1836794,0.443604,0.90570503,0.93015534,0.8854038000000001,0.77695847,0.79698706,0.9443790000000001,0.83770347,0.9169941999999999,0.6882281,0.84566766,0.7079916,0.8042965,0.88526046,0.89265597,0.0,0.71092415,0.7753886999999999,0.81659216,0.7634863000000001,0.39748174,0.8657683,0.8466251,0.9062316999999999,0.8287032,0.7518193,0.8554703000000001,0.8475735000000001,0.9324759,0.7779726,0.8542563,0.8172626999999999,0.8860135,0.9471152,0.69078505,0.9317356,0.9256371999999999,0.9261246999999999,0.8058424,0.8814049999999999,0.7838175999999999,0.9293912,0.9161822000000001,0.9467380999999999,0.8935075000000001,0.94831526,0.84947664,0.91288334,0.9474051,0.93015534,0.8854038000000001,0.9443790000000001,0.84566766,0.8466251,0.9062316999999999,0.8860135
16,0.6752461,0.75797904,0.68047833,0.54306126,0.5616621,0.7651289000000001,0.38236505,0.71296513,0.4861629,0.5265379,0.8000948,0.79806966,0.45599574,0.5799068000000001,0.5226843,0.7753886999999999,0.0,0.7196100999999999,0.6091776,0.8062876,0.6347419,0.69840825,0.8629037,0.55748945,0.7241285,0.6597718000000001,0.7495480999999999,0.76066905,0.7089385,0.59848,0.79790354,0.8644470999999999,0.56399405,0.77971303,0.6558214,0.7712454000000001,0.8280663,0.6592094000000001,0.9137481,0.8768419,0.88178533,0.83824843,0.93430847,0.8105587,0.9150877000000001,0.82807297,0.94826496,0.9321563,0.80751914,0.801772,0.8538943000000001,0.8126699000000001,0.7948321999999999,0.9244062,0.84824324,0.8649353999999999,0.9636773000000001,0.8308964,0.71643364,0.7781429,0.9137481,0.6752461,0.7492436,0.8768419,0.88178533,0.9105976,0.8062876,0.83824843,0.6347419,0.69840825,0.93430847,0.75797904,0.8734441999999999,0.74276364,0.68047833,0.54306126,0.8105587,0.8629037,0.7315060999999999,0.5616621,0.7651289000000001,0.38236505,0.55748945,0.76958793,0.71296513,0.7914854,0.75728524,0.4861629,0.9150877000000001,0.7241285,0.74659944,0.8502828000000001,0.5265379,0.82807297,0.7169222,0.94826496,0.6597718000000001,0.9321563,0.80751914,0.8000948,0.79806966,0.801772,0.8546722,0.71766305,0.45599574,0.7495480999999999,0.8471320999999999,0.76066905,0.8538943000000001,0.7089385,0.79030246,0.5799068000000001,0.5226843,0.8126699000000001,0.7948321999999999,0.7753886999999999,0.59848,0.0,0.79790354,0.8644470999999999,0.7196100999999999,0.9244062,0.813592,0.6471005,0.6091776,0.56399405,0.77971303,0.84824324,0.8649353999999999,0.6558214,0.7712454000000001,0.8280663,0.7379606,0.9636773000000001,0.6592094000000001,0.8308964,0.71643364,0.7781429,0.7492436,0.9105976,0.8734441999999999,0.74276364,0.7315060999999999,0.76958793,0.7914854,0.75728524,0.74659944,0.8502828000000001,0.7169222,0.8546722,0.71766305,0.8471320999999999,0.79030246,0.813592,0.6471005,0.7379606
17,0.2787255,0.66810024,0.44017988,0.6547824999999999,0.3029341,0.38505417,0.70023066,0.36254805,0.6447606,0.7320727,0.36420226,0.6247951999999999,0.75328803,0.5706933000000001,0.7380840999999999,0.39748174,0.7196100999999999,0.0,0.7841026999999999,0.6962577,0.7683300000000001,0.71873695,0.87477595,0.70277154,0.63154674,0.6191303000000001,0.7597361999999999,0.76191795,0.5729010999999999,0.60932183,0.76087433,0.6794339,0.6974078,0.7634458000000001,0.7107549,0.81979924,0.7074245,0.66114426,0.8384107,0.9508800999999999,0.9424508,0.933949,0.8635461999999999,0.89800084,0.9332734,0.96842855,0.87609005,0.80070645,0.8625492,0.8953111999999999,0.88236517,0.8820173000000001,0.8875009,0.89187455,0.83296204,0.9141879999999999,0.9504836999999999,0.9261853999999999,0.9245867,0.90180504,0.8384107,0.2787255,0.89729536,0.9508800999999999,0.9424508,0.9129543,0.6962577,0.933949,0.7683300000000001,0.71873695,0.8635461999999999,0.66810024,0.8505596,0.9106542,0.44017988,0.6547824999999999,0.89800084,0.87477595,0.9385140999999999,0.3029341,0.38505417,0.70023066,0.70277154,0.92643386,0.36254805,0.8609913,0.9280514000000001,0.6447606,0.9332734,0.63154674,0.8939174999999999,0.90489864,0.7320727,0.96842855,0.97577643,0.87609005,0.6191303000000001,0.80070645,0.8625492,0.36420226,0.6247951999999999,0.8953111999999999,0.9131256,0.87548745,0.75328803,0.7597361999999999,0.9183699000000001,0.76191795,0.88236517,0.5729010999999999,0.8785405000000001,0.5706933000000001,0.7380840999999999,0.8820173000000001,0.8875009,0.39748174,0.60932183,0.7196100999999999,0.76087433,0.6794339,0.0,0.89187455,0.91916394,0.92087495,0.7841026999999999,0.6974078,0.7634458000000001,0.83296204,0.9141879999999999,0.7107549,0.81979924,0.7074245,0.89866036,0.9504836999999999,0.66114426,0.9261853999999999,0.9245867,0.90180504,0.89729536,0.9129543,0.8505596,0.9106542,0.9385140999999999,0.92643386,0.8609913,0.9280514000000001,0.8939174999999999,0.90489864,0.97577643,0.9131256,0.87548745,0.9183699000000001,0.8785405000000001,0.91916394,0.92087495,0.89866036
18,0.7972981,0.73601353,0.74643475,0.6124078000000001,0.7353291999999999,0.84318393,0.5159746000000001,0.81212485,0.60388994,0.618152,0.8254534,0.78501785,0.7756964,0.5199089,0.22123414,0.8287032,0.6091776,0.7841026999999999,0.0,0.7574705,0.6402369000000001,0.61008036,0.75156695,0.48430127,0.71815425,0.7551843,0.77533,0.55975026,0.64387006,0.56831217,0.7553935,0.7250941999999999,0.43996036,0.75059396,0.52981097,0.6194046,0.6180829999999999,0.72230136,0.9205976999999999,0.9054439000000001,0.9456527,0.9056699,0.95126617,0.89274657,0.91220975,0.9144824,0.9188652,0.9203324,0.909248,0.9195305,0.95170254,0.84431905,0.88899726,0.9381165000000001,0.8349996,0.91652215,0.92809224,0.893417,0.9347158000000001,0.63458943,0.9205976999999999,0.7972981,0.88077766,0.9054439000000001,0.9456527,0.9761841,0.7574705,0.9056699,0.6402369000000001,0.61008036,0.95126617,0.73601353,0.91969216,0.7863326999999999,0.74643475,0.6124078000000001,0.89274657,0.75156695,0.924075,0.7353291999999999,0.84318393,0.5159746000000001,0.48430127,0.78006375,0.81212485,0.7225488,0.80393624,0.60388994,0.91220975,0.71815425,0.71846676,0.7254001999999999,0.618152,0.9144824,0.82495725,0.9188652,0.7551843,0.9203324,0.909248,0.8254534,0.78501785,0.9195305,0.78732646,0.8470778,0.7756964,0.77533,0.8450156999999999,0.55975026,0.95170254,0.64387006,0.9016948,0.5199089,0.22123414,0.84431905,0.88899726,0.8287032,0.56831217,0.6091776,0.7553935,0.7250941999999999,0.7841026999999999,0.9381165000000001,0.9336087,0.77334684,0.0,0.43996036,0.75059396,0.8349996,0.91652215,0.52981097,0.6194046,0.6180829999999999,0.76979494,0.92809224,0.72230136,0.893417,0.9347158000000001,0.63458943,0.88077766,0.9761841,0.91969216,0.7863326999999999,0.924075,0.78006375,0.7225488,0.80393624,0.71846676,0.7254001999999999,0.82495725,0.78732646,0.8470778,0.8450156999999999,0.9016948,0.9336087,0.77334684,0.76979494
