,omer_02.jpg,tal_05.jpg,omer_07.jpg,tal_06.jpg,omer_06.jpg,omer_08.jpg,tal_01.jpg,omer_03.jpg,tal_07.jpg,tal_03.jpg,omer_04.jpg,omer_10.jpg,tal_09.jpg,tal_02.jpg,tal_08.jpg,omer_09.jpg,tal_10.jpg,omer_05.jpg,tal_04.jpg,matt_04.jpg,dom_10.jpg,dom_05.jpg,matt_08.jpg,dom_04.jpg,matt_02.jpg,matt_07.jpg,matt_06.jpg,matt_05.jpg,dom_07.jpg,dom_03.jpg,matt_03.jpg,matt_01.jpg,dom_06.jpg,matt_10.jpg,dom_01.jpg,dom_09.jpg,matt_09.jpg,dom_02.jpg,tess_03.jpg,taz_06.jpg,taz_04.jpg,taz_03.jpg,tess_01.jpg,tess_07.jpg,tess_05.jpg,taz_05.jpg,tess_02.jpg,tess_09.jpg,tess_06.jpg,taz_07.jpg,taz_02.jpg,tess_04.jpg,taz_09.jpg,tess_08.jpg,taz_08.jpg,taz_01.jpg,tess_10.jpg,taz_10.jpg,marina_07.jpg,tamar_04.jpg,tess_03.jpg.1,omer_02.jpg.1,marina_04.jpg,taz_06.jpg.1,taz_04.jpg.1,marina_01.jpg,matt_04.jpg.1,taz_03.jpg.1,dom_10.jpg.1,dom_05.jpg.1,tess_01.jpg.1,tal_05.jpg.1,marina_06.jpg,tamar_09.jpg,omer_07.jpg.1,tal_06.jpg.1,tess_07.jpg.1,matt_08.jpg.1,marina_08.jpg,omer_06.jpg.1,omer_08.jpg.1,tal_01.jpg.1,dom_04.jpg.1,tamar_10.jpg,omer_03.jpg.1,tamar_02.jpg,tamar_05.jpg,tal_07.jpg.1,tess_05.jpg.1,matt_02.jpg.1,tamar_07.jpg,tamar_03.jpg,tal_03.jpg.1,taz_05.jpg.1,marina_09.jpg,tess_02.jpg.1,matt_07.jpg.1,tess_09.jpg.1,tess_06.jpg.1,omer_04.jpg.1,omer_10.jpg.1,taz_07.jpg.1,tamar_01.jpg,marina_10.jpg,tal_09.jpg.1,matt_06.jpg.1,tamar_06.jpg,matt_05.jpg.1,taz_02.jpg.1,dom_07.jpg.1,marina_05.jpg,tal_02.jpg.1,tal_08.jpg.1,tess_04.jpg.1,taz_09.jpg.1,omer_09.jpg.1,dom_03.jpg.1,tal_10.jpg.1,matt_03.jpg.1,matt_01.jpg.1,omer_05.jpg.1,tess_08.jpg.1,marina_02.jpg,marina_03.jpg,tal_04.jpg.1,dom_06.jpg.1,matt_10.jpg.1,taz_08.jpg.1,taz_01.jpg.1,dom_01.jpg.1,dom_09.jpg.1,matt_09.jpg.1,tamar_08.jpg,tess_10.jpg.1,dom_02.jpg.1,taz_10.jpg.1,marina_07.jpg.1,tamar_04.jpg.1,marina_04.jpg.1,marina_01.jpg.1,marina_06.jpg.1,tamar_09.jpg.1,marina_08.jpg.1,tamar_10.jpg.1,tamar_02.jpg.1,tamar_05.jpg.1,tamar_07.jpg.1,tamar_03.jpg.1,marina_09.jpg.1,tamar_01.jpg.1,marina_10.jpg.1,tamar_06.jpg.1,marina_05.jpg.1,marina_02.jpg.1,marina_03.jpg.1,tamar_08.jpg.1
0,0.0,0.038096614666666674,0.019478822000000003,0.041297106666666666,0.016347650666666668,0.017186244666666666,0.0184108,0.021944366,0.016671876333333335,0.031664485666666665,0.016435704333333336,0.03421618666666667,0.027886143333333335,0.012407398000000002,0.022342324333333333,0.028210699333333332,0.036744562,0.019312385666666664,0.021955649,0.016684049333333333,0.036865375,0.014846012999999998,0.020943854333333334,0.027449077333333335,0.01972718666666667,0.023178041,0.019532112666666667,0.012521533,0.011673397,0.017482652333333334,0.013674873333333334,0.016124290333333336,0.016385130333333334,0.013364134333333333,0.017481537666666665,0.013167840333333335,0.012463162333333333,0.01943130933333333,0.036512447999999996,0.037621013333333335,0.04152716766666667,0.04352221666666667,0.04204218866666666,0.03436691233333333,0.04463492533333334,0.03856450200000001,0.03676435566666667,0.03901066966666667,0.039095562333333334,0.03186274433333333,0.044329973333333335,0.041698588,0.04272249933333334,0.036064291,0.037410985333333334,0.04206367666666667,0.04136494866666666,0.032331447,0.046037015333333334,0.03906212333333333,0.036512447999999996,0.0,0.04572830333333333,0.037621013333333335,0.04152716766666667,0.054346570999999996,0.016684049333333333,0.04352221666666667,0.036865375,0.014846012999999998,0.04204218866666666,0.038096614666666674,0.038866751666666664,0.040524253333333336,0.019478822000000003,0.041297106666666666,0.03436691233333333,0.020943854333333334,0.043781002,0.016347650666666668,0.017186244666666666,0.0184108,0.027449077333333335,0.044807094666666665,0.021944366,0.042641155,0.039331828,0.016671876333333335,0.04463492533333334,0.01972718666666667,0.037950155,0.04481968666666667,0.031664485666666665,0.03856450200000001,0.045735239000000004,0.03676435566666667,0.023178041,0.03901066966666667,0.039095562333333334,0.016435704333333336,0.03421618666666667,0.03186274433333333,0.038808648333333334,0.033827416666666665,0.027886143333333335,0.019532112666666667,0.046594349666666666,0.012521533,0.044329973333333335,0.011673397,0.04521881333333333,0.012407398000000002,0.022342324333333333,0.041698588,0.04272249933333334,0.028210699333333332,0.017482652333333334,0.036744562,0.013674873333333334,0.016124290333333336,0.019312385666666664,0.036064291,0.04278837,0.032792548666666664,0.021955649,0.016385130333333334,0.013364134333333333,0.037410985333333334,0.04206367666666667,0.017481537666666665,0.013167840333333335,0.012463162333333333,0.040086529999999995,0.04136494866666666,0.01943130933333333,0.032331447,0.046037015333333334,0.03906212333333333,0.04572830333333333,0.054346570999999996,0.038866751666666664,0.040524253333333336,0.043781002,0.044807094666666665,0.042641155,0.039331828,0.037950155,0.04481968666666667,0.045735239000000004,0.038808648333333334,0.033827416666666665,0.046594349666666666,0.04521881333333333,0.04278837,0.032792548666666664,0.040086529999999995
1,0.038096614666666674,0.0,0.034903328666666664,0.03307617,0.03401512833333333,0.028039517,0.026678985666666665,0.02621390833333333,0.03328763,0.016480382333333335,0.027416859333333335,0.020086509,0.019821368,0.029891514666666667,0.034292055333333335,0.022992054666666664,0.026920934999999997,0.03334257766666667,0.029663428,0.042534296666666666,0.035056572,0.04371500466666667,0.037576325,0.026196861333333335,0.03776026566666667,0.02933595,0.03336857666666667,0.04217238433333333,0.04206181133333334,0.037681139,0.04309586099999999,0.03759657733333333,0.043498826000000004,0.04269928666666667,0.042260744,0.045610581666666664,0.04293769533333334,0.036646998666666666,0.023833024333333334,0.032353279,0.03260945433333333,0.033111764333333335,0.03429762333333333,0.03133731666666667,0.03335915600000001,0.039065488999999995,0.03552773833333333,0.028622859666666667,0.026675673333333334,0.03217953466666666,0.028145599333333333,0.03484633933333334,0.033161449333333336,0.03431195866666667,0.037140282,0.03139783166666667,0.036905120000000007,0.032021072666666664,0.037843150000000006,0.04187294066666667,0.023833024333333334,0.038096614666666674,0.04189423666666667,0.032353279,0.03260945433333333,0.04042054666666666,0.042534296666666666,0.033111764333333335,0.035056572,0.04371500466666667,0.03429762333333333,0.0,0.036788883333333335,0.020780384333333336,0.034903328666666664,0.03307617,0.03133731666666667,0.037576325,0.03352621233333333,0.03401512833333333,0.028039517,0.026678985666666665,0.026196861333333335,0.032843162,0.02621390833333333,0.03372162766666666,0.030947472666666663,0.03328763,0.03335915600000001,0.03776026566666667,0.04005366666666667,0.03688222,0.016480382333333335,0.039065488999999995,0.031757382,0.03552773833333333,0.02933595,0.028622859666666667,0.026675673333333334,0.027416859333333335,0.020086509,0.03217953466666666,0.034165304333333334,0.03127632733333333,0.019821368,0.03336857666666667,0.03512682566666667,0.04217238433333333,0.028145599333333333,0.04206181133333334,0.039894639999999995,0.029891514666666667,0.034292055333333335,0.03484633933333334,0.033161449333333336,0.022992054666666664,0.037681139,0.026920934999999997,0.04309586099999999,0.03759657733333333,0.03334257766666667,0.03431195866666667,0.031665798333333335,0.03454198766666667,0.029663428,0.043498826000000004,0.04269928666666667,0.037140282,0.03139783166666667,0.042260744,0.045610581666666664,0.04293769533333334,0.03372297666666667,0.036905120000000007,0.036646998666666666,0.032021072666666664,0.037843150000000006,0.04187294066666667,0.04189423666666667,0.04042054666666666,0.036788883333333335,0.020780384333333336,0.03352621233333333,0.032843162,0.03372162766666666,0.030947472666666663,0.04005366666666667,0.03688222,0.031757382,0.034165304333333334,0.03127632733333333,0.03512682566666667,0.039894639999999995,0.031665798333333335,0.03454198766666667,0.03372297666666667
2,0.019478822000000003,0.034903328666666664,1.9868214999999996e-09,0.040478281,0.022198053,0.016559944666666666,0.01935891266666667,0.020038533333333334,0.020437212666666666,0.029985851666666667,0.017666353333333332,0.032615807000000004,0.026875005,0.021427248,0.025713392,0.020068436999999998,0.029893700000000002,0.017801876666666668,0.029592335333333334,0.03175017233333333,0.036278913333333336,0.018725234333333337,0.031204626666666666,0.027632592333333334,0.025977139,0.025189823333333337,0.017773477333333332,0.024493041,0.023846016,0.022228271,0.024169570000000005,0.025355573333333332,0.02035385,0.02609713066666667,0.028366428333333336,0.023563152666666663,0.026266433666666665,0.021006649666666665,0.03062809766666667,0.03441257666666667,0.03815164333333333,0.0388532,0.036040256666666666,0.033788870666666665,0.040150106666666664,0.03074013,0.03670192866666666,0.03295929033333333,0.028058783333333333,0.03490243333333334,0.037101763333333336,0.036991431666666665,0.035542786,0.034343809999999995,0.033339696,0.03812366,0.036325878,0.029959859666666668,0.04140739133333334,0.044002479,0.03062809766666667,0.019478822000000003,0.04419285766666667,0.03441257666666667,0.03815164333333333,0.04689109666666666,0.03175017233333333,0.0388532,0.036278913333333336,0.018725234333333337,0.036040256666666666,0.034903328666666664,0.03666154866666667,0.038593509,1.9868214999999996e-09,0.040478281,0.033788870666666665,0.031204626666666666,0.03627298266666667,0.022198053,0.016559944666666666,0.01935891266666667,0.027632592333333334,0.04208554,0.020038533333333334,0.03822982,0.036834217333333336,0.020437212666666666,0.040150106666666664,0.025977139,0.039830502000000004,0.03993580733333334,0.029985851666666667,0.03074013,0.032061082,0.03670192866666666,0.025189823333333337,0.03295929033333333,0.028058783333333333,0.017666353333333332,0.032615807000000004,0.03490243333333334,0.03937141333333334,0.029304144666666664,0.026875005,0.017773477333333332,0.04262328,0.024493041,0.037101763333333336,0.023846016,0.040674223333333336,0.021427248,0.025713392,0.036991431666666665,0.035542786,0.020068436999999998,0.022228271,0.029893700000000002,0.024169570000000005,0.025355573333333332,0.017801876666666668,0.034343809999999995,0.03703205133333333,0.019499562333333335,0.029592335333333334,0.02035385,0.02609713066666667,0.033339696,0.03812366,0.028366428333333336,0.023563152666666663,0.026266433666666665,0.03786368366666667,0.036325878,0.021006649666666665,0.029959859666666668,0.04140739133333334,0.044002479,0.04419285766666667,0.04689109666666666,0.03666154866666667,0.038593509,0.03627298266666667,0.04208554,0.03822982,0.036834217333333336,0.039830502000000004,0.03993580733333334,0.032061082,0.03937141333333334,0.029304144666666664,0.04262328,0.040674223333333336,0.03703205133333333,0.019499562333333335,0.03786368366666667
3,0.041297106666666666,0.03307617,0.040478281,1.9868214999999996e-09,0.03084068766666667,0.04048653666666666,0.03272039,0.036714867666666665,0.041898153333333334,0.022944980666666667,0.04103654333333333,0.03252430366666667,0.03675126333333333,0.03788759,0.035471479,0.040978853,0.033198758,0.04141168,0.028231716,0.03634413533333333,0.029649120333333334,0.046259909999999994,0.040415585,0.03607987,0.03747431033333334,0.04067357666666666,0.03624584166666667,0.03894428033333333,0.043193537,0.03854258866666667,0.04177757666666667,0.03577732233333333,0.044545453666666665,0.04133815333333333,0.03681598133333333,0.044132915,0.041733519999999996,0.03137494666666666,0.029864296999999998,0.03465031,0.042625765,0.038576660000000006,0.04336884,0.035846116,0.037647253000000006,0.04427535533333334,0.03623099333333333,0.03930903133333333,0.04111757333333333,0.02521884433333333,0.03459467666666667,0.04658195,0.038956244333333334,0.04029261666666666,0.03584235333333333,0.03343759833333334,0.031048006,0.03656241466666667,0.024465475333333334,0.024575269,0.029864296999999998,0.041297106666666666,0.021790948,0.03465031,0.042625765,0.039814378666666664,0.03634413533333333,0.038576660000000006,0.029649120333333334,0.046259909999999994,0.04336884,0.03307617,0.03377331166666667,0.023567818,0.040478281,1.9868214999999996e-09,0.035846116,0.040415585,0.03364585666666667,0.03084068766666667,0.04048653666666666,0.03272039,0.03607987,0.01987211133333333,0.036714867666666665,0.031407445666666665,0.022969348999999997,0.041898153333333334,0.037647253000000006,0.03747431033333334,0.023373003666666666,0.03401979833333333,0.022944980666666667,0.04427535533333334,0.03502330766666666,0.03623099333333333,0.04067357666666666,0.03930903133333333,0.04111757333333333,0.04103654333333333,0.03252430366666667,0.02521884433333333,0.022209905,0.036197069,0.03675126333333333,0.03624584166666667,0.029515308000000004,0.03894428033333333,0.03459467666666667,0.043193537,0.03127796266666667,0.03788759,0.035471479,0.04658195,0.038956244333333334,0.040978853,0.03854258866666667,0.033198758,0.04177757666666667,0.03577732233333333,0.04141168,0.04029261666666666,0.041027339999999995,0.03326741066666667,0.028231716,0.044545453666666665,0.04133815333333333,0.03584235333333333,0.03343759833333334,0.03681598133333333,0.044132915,0.041733519999999996,0.027877612333333333,0.031048006,0.03137494666666666,0.03656241466666667,0.024465475333333334,0.024575269,0.021790948,0.039814378666666664,0.03377331166666667,0.023567818,0.03364585666666667,0.01987211133333333,0.031407445666666665,0.022969348999999997,0.023373003666666666,0.03401979833333333,0.03502330766666666,0.022209905,0.036197069,0.029515308000000004,0.03127796266666667,0.041027339999999995,0.03326741066666667,0.027877612333333333
4,0.016347650666666668,0.03401512833333333,0.022198053,0.03084068766666667,1.9868214999999996e-09,0.019868742000000002,0.014560993333333334,0.021800778,0.018246523666666667,0.022757776666666667,0.019016404666666667,0.030650881666666668,0.02618851666666667,0.014260127333333334,0.020508565666666666,0.026156268666666666,0.028514918666666667,0.024900096666666666,0.015159410000000002,0.01634141966666667,0.029273016666666665,0.024233581666666667,0.025346642666666665,0.025297477000000002,0.016550379999999996,0.028158162,0.01861469,0.01589757,0.021008960333333333,0.018436833,0.015755395000000002,0.018288693333333335,0.021027236666666668,0.019220906666666666,0.017465877666666667,0.022805696666666667,0.01878395466666667,0.015402202333333333,0.02937918833333333,0.031012453666666665,0.040068757999999996,0.03930671766666667,0.04184772333333333,0.030183793333333334,0.038545199999999995,0.03599168466666667,0.035405587333333335,0.03482917366666667,0.03811039533333334,0.023426870666666665,0.03945510433333334,0.043315524333333334,0.03715973133333333,0.034389357,0.03350236833333333,0.03596062333333334,0.03860044,0.02665041066666667,0.03881214433333333,0.03372554366666667,0.02937918833333333,0.016347650666666668,0.040664538,0.031012453666666665,0.040068757999999996,0.05266063333333334,0.01634141966666667,0.03930671766666667,0.029273016666666665,0.024233581666666667,0.04184772333333333,0.03401512833333333,0.037053760000000005,0.02982563,0.022198053,0.03084068766666667,0.030183793333333334,0.025346642666666665,0.03524791733333333,1.9868214999999996e-09,0.019868742000000002,0.014560993333333334,0.025297477000000002,0.03565008633333333,0.021800778,0.038081415333333334,0.03158569566666667,0.018246523666666667,0.038545199999999995,0.016550379999999996,0.03524537133333334,0.043501152333333334,0.022757776666666667,0.03599168466666667,0.03848660533333333,0.035405587333333335,0.028158162,0.03482917366666667,0.03811039533333334,0.019016404666666667,0.030650881666666668,0.023426870666666665,0.03507753599999999,0.030907381666666667,0.02618851666666667,0.01861469,0.04183372666666667,0.01589757,0.03945510433333334,0.021008960333333333,0.04198151666666667,0.014260127333333334,0.020508565666666666,0.043315524333333334,0.03715973133333333,0.026156268666666666,0.018436833,0.028514918666666667,0.015755395000000002,0.018288693333333335,0.024900096666666666,0.034389357,0.04153690833333334,0.024232409666666666,0.015159410000000002,0.021027236666666668,0.019220906666666666,0.03350236833333333,0.03596062333333334,0.017465877666666667,0.022805696666666667,0.01878395466666667,0.03478205166666667,0.03860044,0.015402202333333333,0.02665041066666667,0.03881214433333333,0.03372554366666667,0.040664538,0.05266063333333334,0.037053760000000005,0.02982563,0.03524791733333333,0.03565008633333333,0.038081415333333334,0.03158569566666667,0.03524537133333334,0.043501152333333334,0.03848660533333333,0.03507753599999999,0.030907381666666667,0.04183372666666667,0.04198151666666667,0.04153690833333334,0.024232409666666666,0.03478205166666667
5,0.017186244666666666,0.028039517,0.016559944666666666,0.04048653666666666,0.019868742000000002,1.9868214999999996e-09,0.009490865333333333,0.011354357,0.020902351333333333,0.022169832,0.007179133333333334,0.022784857,0.017977494,0.016886632000000002,0.030506094333333334,0.014732114666666666,0.033653955,0.019219491666666665,0.030028386999999997,0.027098544333333332,0.04185629666666667,0.019828921666666666,0.030804876666666665,0.024537883333333333,0.025889408666666665,0.021254633000000002,0.01600773966666667,0.02458678133333333,0.018487945999999998,0.015127839666666669,0.026004827333333334,0.022013545333333332,0.022698086333333332,0.022412622333333337,0.026363311,0.02612586,0.02745677233333333,0.022594644666666667,0.03392385633333333,0.038515836666666664,0.044523795333333324,0.046974949999999994,0.04446953,0.034343893333333333,0.046870949999999995,0.041335156666666664,0.045651276666666664,0.03965258766666667,0.03503063833333333,0.03504230133333333,0.04309335533333334,0.042158875000000005,0.045075453333333335,0.04092825466666667,0.045086002,0.04396497666666666,0.04313118233333334,0.03613041333333333,0.048674031666666666,0.04704617666666667,0.03392385633333333,0.017186244666666666,0.04912959333333333,0.038515836666666664,0.044523795333333324,0.05359632,0.027098544333333332,0.046974949999999994,0.04185629666666667,0.019828921666666666,0.04446953,0.028039517,0.03977682533333333,0.03732141333333334,0.016559944666666666,0.04048653666666666,0.034343893333333333,0.030804876666666665,0.04507381466666667,0.019868742000000002,1.9868214999999996e-09,0.009490865333333333,0.024537883333333333,0.04495534466666666,0.011354357,0.04666342333333333,0.040671578,0.020902351333333333,0.046870949999999995,0.025889408666666665,0.04677163833333333,0.049752714999999996,0.022169832,0.041335156666666664,0.03832949766666666,0.045651276666666664,0.021254633000000002,0.03965258766666667,0.03503063833333333,0.007179133333333334,0.022784857,0.03504230133333333,0.04469623666666667,0.03552072333333334,0.017977494,0.01600773966666667,0.04796624666666666,0.02458678133333333,0.04309335533333334,0.018487945999999998,0.04826179333333333,0.016886632000000002,0.030506094333333334,0.042158875000000005,0.045075453333333335,0.014732114666666666,0.015127839666666669,0.033653955,0.026004827333333334,0.022013545333333332,0.019219491666666665,0.04092825466666667,0.043318659999999995,0.032524029,0.030028386999999997,0.022698086333333332,0.022412622333333337,0.045086002,0.04396497666666666,0.026363311,0.02612586,0.02745677233333333,0.04616318666666667,0.04313118233333334,0.022594644666666667,0.03613041333333333,0.048674031666666666,0.04704617666666667,0.04912959333333333,0.05359632,0.03977682533333333,0.03732141333333334,0.04507381466666667,0.04495534466666666,0.04666342333333333,0.040671578,0.04677163833333333,0.049752714999999996,0.03832949766666666,0.04469623666666667,0.03552072333333334,0.04796624666666666,0.04826179333333333,0.043318659999999995,0.032524029,0.04616318666666667
6,0.0184108,0.026678985666666665,0.01935891266666667,0.03272039,0.014560993333333334,0.009490865333333333,1.9868214999999996e-09,0.014172744666666666,0.022946816666666665,0.015117504333333334,0.014008490333333333,0.023510440333333334,0.018447862666666665,0.012541701333333332,0.023793115,0.017722912666666663,0.03138412,0.022231501333333334,0.021163141666666666,0.023062321,0.039389438666666665,0.017844963333333335,0.029662154,0.023337807666666665,0.02278517666666667,0.022618413,0.014092328333333333,0.019937062666666668,0.016764114,0.015000307666666667,0.023706441999999998,0.018003221333333333,0.02069461133333333,0.021583496666666663,0.020141648999999998,0.025380431000000002,0.02327524,0.017322409666666667,0.031252149,0.03424963933333333,0.042967403333333334,0.04444665666666666,0.04484047666666667,0.029344508666666668,0.04382626466666666,0.04109486366666667,0.04239808333333333,0.038264185,0.03591766666666666,0.027409206000000002,0.041610183333333335,0.04134602333333334,0.04421002666666666,0.038781518333333334,0.043075136666666666,0.040457091333333334,0.040863369999999996,0.033599482333333326,0.04702638966666666,0.04447026466666667,0.031252149,0.0184108,0.046532170000000005,0.03424963933333333,0.042967403333333334,0.054756696666666674,0.023062321,0.04444665666666666,0.039389438666666665,0.017844963333333335,0.04484047666666667,0.026678985666666665,0.039439414666666665,0.031427149,0.01935891266666667,0.03272039,0.029344508666666668,0.029662154,0.043384,0.014560993333333334,0.009490865333333333,1.9868214999999996e-09,0.023337807666666665,0.04227951566666666,0.014172744666666666,0.04569427166666666,0.03711141,0.022946816666666665,0.04382626466666666,0.02278517666666667,0.044124613333333326,0.04847194333333334,0.015117504333333334,0.04109486366666667,0.03708402433333333,0.04239808333333333,0.022618413,0.038264185,0.03591766666666666,0.014008490333333333,0.023510440333333334,0.027409206000000002,0.03997877000000001,0.03375198433333334,0.018447862666666665,0.014092328333333333,0.04724315166666666,0.019937062666666668,0.041610183333333335,0.016764114,0.04792011333333333,0.012541701333333332,0.023793115,0.04134602333333334,0.04421002666666666,0.017722912666666663,0.015000307666666667,0.03138412,0.023706441999999998,0.018003221333333333,0.022231501333333334,0.038781518333333334,0.042581298999999996,0.029392103333333332,0.021163141666666666,0.02069461133333333,0.021583496666666663,0.043075136666666666,0.040457091333333334,0.020141648999999998,0.025380431000000002,0.02327524,0.04342644333333333,0.040863369999999996,0.017322409666666667,0.033599482333333326,0.04702638966666666,0.04447026466666667,0.046532170000000005,0.054756696666666674,0.039439414666666665,0.031427149,0.043384,0.04227951566666666,0.04569427166666666,0.03711141,0.044124613333333326,0.04847194333333334,0.03708402433333333,0.03997877000000001,0.03375198433333334,0.04724315166666666,0.04792011333333333,0.042581298999999996,0.029392103333333332,0.04342644333333333
7,0.021944366,0.02621390833333333,0.020038533333333334,0.036714867666666665,0.021800778,0.011354357,0.014172744666666666,0.0,0.026087541,0.023428881000000002,0.005887589833333333,0.017165337333333332,0.008628551333333335,0.024193986,0.03870756533333333,0.0069301604666666666,0.026899628000000002,0.018291543,0.032017707666666666,0.028268455,0.031891424,0.030332166,0.03184212633333333,0.016204836,0.02704715766666667,0.013191809,0.020119150333333332,0.027745719666666665,0.024724489666666665,0.025147684333333333,0.032029264333333335,0.022441128666666664,0.03188329733333333,0.02991512066666667,0.030057279333333332,0.030675708333333336,0.03088459733333333,0.019578504333333337,0.037593567333333335,0.04215120666666667,0.04837943833333334,0.04890530466666667,0.047590717666666664,0.04235413066666667,0.0491814,0.046060938333333336,0.046037262,0.04274810533333333,0.037018994666666666,0.03946986133333333,0.04263215499999999,0.045783189999999994,0.043864942,0.04729703,0.04623994133333333,0.04721921,0.04411751,0.03889230266666666,0.042980775,0.04159242233333333,0.037593567333333335,0.021944366,0.043669228,0.04215120666666667,0.04837943833333334,0.052099530000000005,0.028268455,0.04890530466666667,0.031891424,0.030332166,0.047590717666666664,0.02621390833333333,0.035745498,0.03658161533333334,0.020038533333333334,0.036714867666666665,0.04235413066666667,0.03184212633333333,0.03877300433333333,0.021800778,0.011354357,0.014172744666666666,0.016204836,0.037530909,0.0,0.04112695866666667,0.033888705666666664,0.026087541,0.0491814,0.02704715766666667,0.04296393866666667,0.050505712,0.023428881000000002,0.046060938333333336,0.03171435966666667,0.046037262,0.013191809,0.04274810533333333,0.037018994666666666,0.005887589833333333,0.017165337333333332,0.03946986133333333,0.043208538666666664,0.028674115999999996,0.008628551333333335,0.020119150333333332,0.04561767233333334,0.027745719666666665,0.04263215499999999,0.024724489666666665,0.04312882866666667,0.024193986,0.03870756533333333,0.045783189999999994,0.043864942,0.0069301604666666666,0.025147684333333333,0.026899628000000002,0.032029264333333335,0.022441128666666664,0.018291543,0.04729703,0.04326820433333333,0.029929850666666667,0.032017707666666666,0.03188329733333333,0.02991512066666667,0.04623994133333333,0.04721921,0.030057279333333332,0.030675708333333336,0.03088459733333333,0.04311010133333334,0.04411751,0.019578504333333337,0.03889230266666666,0.042980775,0.04159242233333333,0.043669228,0.052099530000000005,0.035745498,0.03658161533333334,0.03877300433333333,0.037530909,0.04112695866666667,0.033888705666666664,0.04296393866666667,0.050505712,0.03171435966666667,0.043208538666666664,0.028674115999999996,0.04561767233333334,0.04312882866666667,0.04326820433333333,0.029929850666666667,0.04311010133333334
8,0.016671876333333335,0.03328763,0.020437212666666666,0.041898153333333334,0.018246523666666667,0.020902351333333333,0.022946816666666665,0.026087541,0.0,0.031901520333333336,0.022874536,0.03517690766666667,0.02603879166666667,0.012743669666666669,0.020509854666666667,0.027415040666666668,0.03334337,0.013482747666666664,0.019821351666666667,0.02519968566666667,0.03566358066666667,0.024855208333333333,0.021342488333333336,0.031696780333333334,0.015395565666666666,0.025267078666666665,0.025801501666666667,0.016337881333333335,0.024114905000000002,0.021418497666666664,0.015036994333333335,0.019205282,0.019148006,0.022934760000000002,0.028903272333333334,0.022788335666666666,0.019896308666666664,0.018940873666666667,0.026828718666666664,0.026027033666666668,0.026960029333333333,0.027128201333333334,0.025275167,0.03059910733333333,0.027825991333333338,0.024882855333333335,0.024536876,0.024114972333333335,0.025378346333333336,0.03500205666666667,0.029584243,0.033869167,0.027603859999999997,0.023426906333333334,0.02697168,0.02950059,0.025749779000000004,0.022674518666666667,0.04198743133333333,0.03925937466666667,0.026828718666666664,0.016671876333333335,0.04149105966666666,0.026027033666666668,0.026960029333333333,0.042134808,0.02519968566666667,0.027128201333333334,0.03566358066666667,0.024855208333333333,0.025275167,0.03328763,0.026938732333333333,0.030460041666666663,0.020437212666666666,0.041898153333333334,0.03059910733333333,0.021342488333333336,0.031237836666666664,0.018246523666666667,0.020902351333333333,0.022946816666666665,0.031696780333333334,0.03883116433333333,0.026087541,0.032141872333333335,0.030851830000000004,0.0,0.027825991333333338,0.015395565666666666,0.03496754233333334,0.032453884333333335,0.031901520333333336,0.024882855333333335,0.03539001,0.024536876,0.025267078666666665,0.024114972333333335,0.025378346333333336,0.022874536,0.03517690766666667,0.03500205666666667,0.030297613333333338,0.024076342666666663,0.02603879166666667,0.025801501666666667,0.03546547,0.016337881333333335,0.029584243,0.024114905000000002,0.03644139566666667,0.012743669666666669,0.020509854666666667,0.033869167,0.027603859999999997,0.027415040666666668,0.021418497666666664,0.03334337,0.015036994333333335,0.019205282,0.013482747666666664,0.023426906333333334,0.025696894,0.022511913333333335,0.019821351666666667,0.019148006,0.022934760000000002,0.02697168,0.02950059,0.028903272333333334,0.022788335666666666,0.019896308666666664,0.029034686666666663,0.025749779000000004,0.018940873666666667,0.022674518666666667,0.04198743133333333,0.03925937466666667,0.04149105966666666,0.042134808,0.026938732333333333,0.030460041666666663,0.031237836666666664,0.03883116433333333,0.032141872333333335,0.030851830000000004,0.03496754233333334,0.032453884333333335,0.03539001,0.030297613333333338,0.024076342666666663,0.03546547,0.03644139566666667,0.025696894,0.022511913333333335,0.029034686666666663
9,0.031664485666666665,0.016480382333333335,0.029985851666666667,0.022944980666666667,0.022757776666666667,0.022169832,0.015117504333333334,0.023428881000000002,0.031901520333333336,0.0,0.025117564666666665,0.020308051666666663,0.024127408333333333,0.02355310166666667,0.025981873333333336,0.025931288666666667,0.026602479,0.03364624166666667,0.020267558000000005,0.03222813066666667,0.03812517866666667,0.03270655566666667,0.032409291,0.02810053833333333,0.030698360666666667,0.030008874666666668,0.022372460333333333,0.03173040966666667,0.029788665,0.023930360666666664,0.034975733333333335,0.026628087,0.032798087999999996,0.03189934666666667,0.029171987666666666,0.037307973333333334,0.035705593333333334,0.028983165666666665,0.019678149666666665,0.027746046000000003,0.03473984533333333,0.03609765433333333,0.038783531999999996,0.021102776,0.034437311,0.03847330633333333,0.039098385666666666,0.030011695666666668,0.03180139666666667,0.01828059333333333,0.029909867333333333,0.035330065333333334,0.03824409666666666,0.032463948,0.03815647366666666,0.028129257999999997,0.037969456666666665,0.02719860266666667,0.04020945,0.040865054,0.019678149666666665,0.031664485666666665,0.042754489,0.027746046000000003,0.03473984533333333,0.04971985,0.03222813066666667,0.03609765433333333,0.03812517866666667,0.03270655566666667,0.038783531999999996,0.016480382333333335,0.04178325166666667,0.015010535666666667,0.029985851666666667,0.022944980666666667,0.021102776,0.032409291,0.039844667666666674,0.022757776666666667,0.022169832,0.015117504333333334,0.02810053833333333,0.03243998433333333,0.023428881000000002,0.040833963333333334,0.029565278666666663,0.031901520333333336,0.034437311,0.030698360666666667,0.04014986866666667,0.04093399633333334,0.0,0.03847330633333333,0.03640837066666666,0.039098385666666666,0.030008874666666668,0.030011695666666668,0.03180139666666667,0.025117564666666665,0.020308051666666663,0.01828059333333333,0.03172737766666667,0.037407957666666665,0.024127408333333333,0.022372460333333333,0.036502643333333334,0.03173040966666667,0.029909867333333333,0.029788665,0.04507246333333333,0.02355310166666667,0.025981873333333336,0.035330065333333334,0.03824409666666666,0.025931288666666667,0.023930360666666664,0.026602479,0.034975733333333335,0.026628087,0.03364624166666667,0.032463948,0.037297841,0.03344239,0.020267558000000005,0.032798087999999996,0.03189934666666667,0.03815647366666666,0.028129257999999997,0.029171987666666666,0.037307973333333334,0.035705593333333334,0.03741630233333333,0.037969456666666665,0.028983165666666665,0.02719860266666667,0.04020945,0.040865054,0.042754489,0.04971985,0.04178325166666667,0.015010535666666667,0.039844667666666674,0.03243998433333333,0.040833963333333334,0.029565278666666663,0.04014986866666667,0.04093399633333334,0.03640837066666666,0.03172737766666667,0.037407957666666665,0.036502643333333334,0.04507246333333333,0.037297841,0.03344239,0.03741630233333333
10,0.016435704333333336,0.027416859333333335,0.017666353333333332,0.04103654333333333,0.019016404666666667,0.007179133333333334,0.014008490333333333,0.005887589833333333,0.022874536,0.025117564666666665,3.973642999999999e-09,0.020443270666666666,0.011974018666666668,0.020857821333333335,0.03475864333333333,0.008922507333333333,0.028471392333333335,0.018896135,0.030746263,0.026024951333333334,0.03508076666666667,0.025028019999999998,0.028736883333333334,0.01729165733333333,0.025547413,0.015167185000000001,0.017482543,0.02531428566666667,0.020429798,0.021667345333333334,0.027422299,0.022532770999999997,0.027188885666666666,0.02484583866666667,0.027160530999999998,0.026603683333333333,0.026960452333333336,0.02223090933333333,0.03616265466666667,0.04045977333333333,0.045603631666666665,0.04794030766666667,0.04568538266666667,0.038723275333333335,0.048348754333333334,0.04292602933333334,0.045440578333333335,0.040645726666666666,0.03493667,0.03680218833333333,0.04284139666666666,0.04302165733333333,0.043317751999999994,0.04391298899999999,0.044846654,0.04590709666666667,0.045261411,0.03591280966666666,0.045762585,0.043552642999999995,0.03616265466666667,0.016435704333333336,0.04700542333333333,0.04045977333333333,0.045603631666666665,0.053747809,0.026024951333333334,0.04794030766666667,0.03508076666666667,0.025028019999999998,0.04568538266666667,0.027416859333333335,0.037811647,0.038236440000000003,0.017666353333333332,0.04103654333333333,0.038723275333333335,0.028736883333333334,0.04048435433333333,0.019016404666666667,0.007179133333333334,0.014008490333333333,0.01729165733333333,0.040648353000000005,0.005887589833333333,0.04309424533333333,0.03724239666666666,0.022874536,0.048348754333333334,0.025547413,0.04505853666666667,0.05052150466666667,0.025117564666666665,0.04292602933333334,0.035204603333333334,0.045440578333333335,0.015167185000000001,0.040645726666666666,0.03493667,3.973642999999999e-09,0.020443270666666666,0.03680218833333333,0.04501129666666667,0.030969614,0.011974018666666668,0.017482543,0.04724948666666666,0.02531428566666667,0.04284139666666666,0.020429798,0.04544463,0.020857821333333335,0.03475864333333333,0.04302165733333333,0.043317751999999994,0.008922507333333333,0.021667345333333334,0.028471392333333335,0.027422299,0.022532770999999997,0.018896135,0.04391298899999999,0.04275614466666666,0.031268036000000006,0.030746263,0.027188885666666666,0.02484583866666667,0.044846654,0.04590709666666667,0.027160530999999998,0.026603683333333333,0.026960452333333336,0.044541078,0.045261411,0.02223090933333333,0.03591280966666666,0.045762585,0.043552642999999995,0.04700542333333333,0.053747809,0.037811647,0.038236440000000003,0.04048435433333333,0.040648353000000005,0.04309424533333333,0.03724239666666666,0.04505853666666667,0.05052150466666667,0.035204603333333334,0.04501129666666667,0.030969614,0.04724948666666666,0.04544463,0.04275614466666666,0.031268036000000006,0.044541078
11,0.03421618666666667,0.020086509,0.032615807000000004,0.03252430366666667,0.030650881666666668,0.022784857,0.023510440333333334,0.017165337333333332,0.03517690766666667,0.020308051666666663,0.020443270666666666,3.973642999999999e-09,0.019248792,0.034037740000000004,0.04171402466666666,0.01725916066666667,0.03160097,0.03273703766666666,0.03514362533333334,0.033702306,0.037855921,0.0398061,0.038090523333333334,0.025381708333333333,0.03394315833333333,0.02572737666666667,0.024281609,0.03725047333333333,0.035244143,0.031440995,0.04125898666666667,0.031967390000000005,0.03868246533333333,0.033132442,0.033503025666666665,0.03975185466666667,0.03999896466666667,0.034079972,0.03590320599999999,0.036634313999999994,0.044106580000000006,0.046488328333333336,0.04664017533333333,0.03674542533333334,0.045629744666666666,0.04491304666666667,0.048896119,0.04176952,0.038297445,0.03534652966666667,0.039206120000000004,0.039432194,0.043992279,0.046743196333333334,0.04595182500000001,0.042515208,0.04570197333333333,0.038249953333333336,0.04002251999999999,0.04314328033333334,0.03590320599999999,0.03421618666666667,0.04411864666666666,0.036634313999999994,0.044106580000000006,0.045944594666666665,0.033702306,0.046488328333333336,0.037855921,0.0398061,0.04664017533333333,0.020086509,0.03980192,0.031042276,0.032615807000000004,0.03252430366666667,0.03674542533333334,0.038090523333333334,0.041112891666666665,0.030650881666666668,0.022784857,0.023510440333333334,0.025381708333333333,0.03467949333333333,0.017165337333333332,0.04260209833333333,0.034730776,0.03517690766666667,0.045629744666666666,0.03394315833333333,0.04466580333333334,0.04660785133333333,0.020308051666666663,0.04491304666666667,0.034949928666666664,0.048896119,0.02572737666666667,0.04176952,0.038297445,0.020443270666666666,3.973642999999999e-09,0.03534652966666667,0.04109445999999999,0.03775614533333333,0.019248792,0.024281609,0.04136666533333333,0.03725047333333333,0.039206120000000004,0.035244143,0.04587029233333333,0.034037740000000004,0.04171402466666666,0.039432194,0.043992279,0.01725916066666667,0.031440995,0.03160097,0.04125898666666667,0.031967390000000005,0.03273703766666666,0.046743196333333334,0.042941789999999994,0.038843768333333334,0.03514362533333334,0.03868246533333333,0.033132442,0.04595182500000001,0.042515208,0.033503025666666665,0.03975185466666667,0.03999896466666667,0.04295554000000001,0.04570197333333333,0.034079972,0.038249953333333336,0.04002251999999999,0.04314328033333334,0.04411864666666666,0.045944594666666665,0.03980192,0.031042276,0.041112891666666665,0.03467949333333333,0.04260209833333333,0.034730776,0.04466580333333334,0.04660785133333333,0.034949928666666664,0.04109445999999999,0.03775614533333333,0.04136666533333333,0.04587029233333333,0.042941789999999994,0.038843768333333334,0.04295554000000001
12,0.027886143333333335,0.019821368,0.026875005,0.03675126333333333,0.02618851666666667,0.017977494,0.018447862666666665,0.008628551333333335,0.02603879166666667,0.024127408333333333,0.011974018666666668,0.019248792,0.0,0.025836241333333333,0.037848392999999994,0.008846869,0.023015751333333334,0.019742201,0.030047651,0.034440472,0.026539210666666667,0.038929475,0.03490412166666667,0.014725625666666667,0.029614525,0.013770431000000001,0.026226152333333332,0.03294651133333334,0.034022828,0.03332843733333333,0.037178383999999995,0.028209421999999998,0.03881977666666667,0.03752445866666667,0.03713391333333334,0.03848095666666666,0.036133416333333335,0.023189892333333337,0.034381501,0.04043716533333333,0.043479518,0.042149806666666664,0.04152156933333333,0.04296858666666667,0.043303497999999996,0.04394782866666667,0.03992641,0.03736242866666666,0.030664990333333333,0.040774165,0.035986048666666666,0.044779,0.037360972,0.043737955333333335,0.041886856666666666,0.04347269166666667,0.03846461,0.03662280033333333,0.03934327000000001,0.03875981999999999,0.034381501,0.027886143333333335,0.03850630666666667,0.04043716533333333,0.043479518,0.045450418333333326,0.034440472,0.042149806666666664,0.026539210666666667,0.038929475,0.04152156933333333,0.019821368,0.028280315666666667,0.031864748666666665,0.026875005,0.03675126333333333,0.04296858666666667,0.03490412166666667,0.030895853000000004,0.02618851666666667,0.017977494,0.018447862666666665,0.014725625666666667,0.03237267133333333,0.008628551333333335,0.03276590866666666,0.027597761,0.02603879166666667,0.043303497999999996,0.029614525,0.038147798,0.04510262533333333,0.024127408333333333,0.04394782866666667,0.025521499999999996,0.03992641,0.013770431000000001,0.03736242866666666,0.030664990333333333,0.011974018666666668,0.019248792,0.040774165,0.03807849666666666,0.01973008533333333,0.0,0.026226152333333332,0.04111591833333333,0.03294651133333334,0.035986048666666666,0.034022828,0.03603565333333334,0.025836241333333333,0.037848392999999994,0.044779,0.037360972,0.008846869,0.03332843733333333,0.023015751333333334,0.037178383999999995,0.028209421999999998,0.019742201,0.043737955333333335,0.03577208899999999,0.027775581666666663,0.030047651,0.03881977666666667,0.03752445866666667,0.041886856666666666,0.04347269166666667,0.03713391333333334,0.03848095666666666,0.036133416333333335,0.03596932133333333,0.03846461,0.023189892333333337,0.03662280033333333,0.03934327000000001,0.03875981999999999,0.03850630666666667,0.045450418333333326,0.028280315666666667,0.031864748666666665,0.030895853000000004,0.03237267133333333,0.03276590866666666,0.027597761,0.038147798,0.04510262533333333,0.025521499999999996,0.03807849666666666,0.01973008533333333,0.04111591833333333,0.03603565333333334,0.03577208899999999,0.027775581666666663,0.03596932133333333
