,omer_02.jpg,tal_05.jpg,omer_07.jpg,tal_06.jpg,omer_06.jpg,omer_08.jpg,tal_01.jpg,omer_03.jpg,tal_07.jpg,tal_03.jpg,omer_04.jpg,omer_10.jpg,tal_09.jpg,tal_02.jpg,tal_08.jpg,omer_09.jpg,tal_10.jpg,omer_05.jpg,tal_04.jpg,matt_04.jpg,dom_10.jpg,dom_05.jpg,matt_08.jpg,dom_04.jpg,matt_02.jpg,matt_07.jpg,matt_06.jpg,matt_05.jpg,dom_07.jpg,dom_03.jpg,matt_03.jpg,matt_01.jpg,dom_06.jpg,matt_10.jpg,dom_01.jpg,dom_09.jpg,matt_09.jpg,dom_02.jpg,tess_03.jpg,taz_06.jpg,taz_04.jpg,taz_03.jpg,tess_01.jpg,tess_07.jpg,tess_05.jpg,taz_05.jpg,tess_02.jpg,tess_09.jpg,tess_06.jpg,taz_07.jpg,taz_02.jpg,tess_04.jpg,taz_09.jpg,tess_08.jpg,taz_08.jpg,taz_01.jpg,tess_10.jpg,taz_10.jpg,marina_07.jpg,tamar_04.jpg,tess_03.jpg.1,omer_02.jpg.1,marina_04.jpg,taz_06.jpg.1,taz_04.jpg.1,marina_01.jpg,matt_04.jpg.1,taz_03.jpg.1,dom_10.jpg.1,dom_05.jpg.1,tess_01.jpg.1,tal_05.jpg.1,marina_06.jpg,tamar_09.jpg,omer_07.jpg.1,tal_06.jpg.1,tess_07.jpg.1,matt_08.jpg.1,marina_08.jpg,omer_06.jpg.1,omer_08.jpg.1,tal_01.jpg.1,dom_04.jpg.1,tamar_10.jpg,omer_03.jpg.1,tamar_02.jpg,tamar_05.jpg,tal_07.jpg.1,tess_05.jpg.1,matt_02.jpg.1,tamar_07.jpg,tamar_03.jpg,tal_03.jpg.1,taz_05.jpg.1,marina_09.jpg,tess_02.jpg.1,matt_07.jpg.1,tess_09.jpg.1,tess_06.jpg.1,omer_04.jpg.1,omer_10.jpg.1,taz_07.jpg.1,tamar_01.jpg,marina_10.jpg,tal_09.jpg.1,matt_06.jpg.1,tamar_06.jpg,matt_05.jpg.1,taz_02.jpg.1,dom_07.jpg.1,marina_05.jpg,tal_02.jpg.1,tal_08.jpg.1,tess_04.jpg.1,taz_09.jpg.1,omer_09.jpg.1,dom_03.jpg.1,tal_10.jpg.1,matt_03.jpg.1,matt_01.jpg.1,omer_05.jpg.1,tess_08.jpg.1,marina_02.jpg,marina_03.jpg,tal_04.jpg.1,dom_06.jpg.1,matt_10.jpg.1,taz_08.jpg.1,taz_01.jpg.1,dom_01.jpg.1,dom_09.jpg.1,matt_09.jpg.1,tamar_08.jpg,tess_10.jpg.1,dom_02.jpg.1,taz_10.jpg.1,marina_07.jpg.1,tamar_04.jpg.1,marina_04.jpg.1,marina_01.jpg.1,marina_06.jpg.1,tamar_09.jpg.1,marina_08.jpg.1,tamar_10.jpg.1,tamar_02.jpg.1,tamar_05.jpg.1,tamar_07.jpg.1,tamar_03.jpg.1,marina_09.jpg.1,tamar_01.jpg.1,marina_10.jpg.1,tamar_06.jpg.1,marina_05.jpg.1,marina_02.jpg.1,marina_03.jpg.1,tamar_08.jpg.1
0,0.0,0.027860457,0.033369615000000005,0.027800238333333335,0.011089472,0.027276524000000003,0.021966151666666666,0.021955486,0.027041369666666665,0.027421435666666667,0.024788453,0.023879226666666666,0.032035521,0.03009729766666667,0.03229744666666667,0.026543064666666668,0.02668412933333333,0.023252000666666665,0.034608114333333335,0.03527304133333334,0.03128680666666667,0.037133143333333334,0.047906989999999997,0.032899833333333336,0.024041263333333333,0.031918448,0.03776339166666667,0.042319417666666664,0.030275708666666668,0.036855370000000005,0.03864918233333333,0.03918484233333333,0.037561394666666664,0.03956589233333333,0.03608392133333334,0.042366235,0.043308131,0.03676174433333334,0.056178068666666664,0.058806319999999995,0.05920877,0.05856068933333333,0.057280053666666664,0.05697123866666667,0.056684847999999996,0.05802573,0.05816438,0.05797291999999999,0.055745303333333336,0.05779689333333334,0.05388331999999999,0.05581434766666667,0.05631361,0.05827550566666666,0.05688025333333333,0.05644398766666667,0.06129490333333333,0.057445371333333335,0.05332964666666666,0.05003997833333333,0.056178068666666664,0.0,0.05249901999999999,0.058806319999999995,0.05920877,0.05065245766666667,0.03527304133333334,0.05856068933333333,0.03128680666666667,0.037133143333333334,0.057280053666666664,0.027860457,0.055456335333333336,0.056514273333333344,0.033369615000000005,0.027800238333333335,0.05697123866666667,0.047906989999999997,0.05166642266666666,0.011089472,0.027276524000000003,0.021966151666666666,0.032899833333333336,0.052666903333333334,0.021955486,0.05420027533333333,0.055910318333333334,0.027041369666666665,0.056684847999999996,0.024041263333333333,0.05090677733333333,0.054102198000000004,0.027421435666666667,0.05802573,0.05013569133333333,0.05816438,0.031918448,0.05797291999999999,0.055745303333333336,0.024788453,0.023879226666666666,0.05779689333333334,0.055219028333333336,0.052211745,0.032035521,0.03776339166666667,0.05653802933333334,0.042319417666666664,0.05388331999999999,0.030275708666666668,0.053376392333333335,0.03009729766666667,0.03229744666666667,0.05581434766666667,0.05631361,0.026543064666666668,0.036855370000000005,0.02668412933333333,0.03864918233333333,0.03918484233333333,0.023252000666666665,0.05827550566666666,0.05179523166666667,0.04898906133333334,0.034608114333333335,0.037561394666666664,0.03956589233333333,0.05688025333333333,0.05644398766666667,0.03608392133333334,0.042366235,0.043308131,0.05485068666666667,0.06129490333333333,0.03676174433333334,0.057445371333333335,0.05332964666666666,0.05003997833333333,0.05249901999999999,0.05065245766666667,0.055456335333333336,0.056514273333333344,0.05166642266666666,0.052666903333333334,0.05420027533333333,0.055910318333333334,0.05090677733333333,0.054102198000000004,0.05013569133333333,0.055219028333333336,0.052211745,0.05653802933333334,0.053376392333333335,0.05179523166666667,0.04898906133333334,0.05485068666666667
1,0.027860457,0.0,0.03086922,0.017077516999999997,0.031229992666666668,0.026925331,0.02534923966666667,0.032475664333333334,0.021650797,0.016501321333333333,0.029875773,0.025869894,0.03212701266666666,0.031218559,0.03488950666666667,0.029734956666666666,0.032040143,0.028226087666666667,0.03791922333333333,0.04463356733333333,0.036417118666666665,0.038887452999999995,0.05339205,0.025117466666666664,0.033516309333333334,0.03949419666666666,0.04168232166666666,0.040159572,0.030680972666666664,0.03809373333333334,0.04536941133333334,0.041887038333333335,0.037765068666666665,0.038577488666666666,0.04007437866666666,0.04112168333333333,0.04434494166666667,0.03696597066666667,0.05074003466666667,0.05908740766666667,0.05875506333333333,0.05936353133333334,0.053125943333333335,0.054024098333333326,0.052389766666666664,0.05870567966666666,0.05422349133333334,0.054229943333333336,0.053479605000000006,0.05434989999999999,0.057122552,0.05479772233333333,0.05808062333333333,0.057557171666666664,0.05730920166666666,0.05784955333333333,0.058176115333333334,0.056167108,0.059564115,0.057125485000000004,0.05074003466666667,0.027860457,0.057397018333333334,0.05908740766666667,0.05875506333333333,0.055816674999999996,0.04463356733333333,0.05936353133333334,0.036417118666666665,0.038887452999999995,0.053125943333333335,0.0,0.05719473433333334,0.05457355833333333,0.03086922,0.017077516999999997,0.054024098333333326,0.05339205,0.05824709133333334,0.031229992666666668,0.026925331,0.02534923966666667,0.025117466666666664,0.05887280466666667,0.032475664333333334,0.05694706,0.058186305666666674,0.021650797,0.052389766666666664,0.033516309333333334,0.05490165433333334,0.056300123333333334,0.016501321333333333,0.05870567966666666,0.05669133466666666,0.05422349133333334,0.03949419666666666,0.054229943333333336,0.053479605000000006,0.029875773,0.025869894,0.05434989999999999,0.05665039166666667,0.056507372,0.03212701266666666,0.04168232166666666,0.05991850666666666,0.040159572,0.057122552,0.030680972666666664,0.057787615,0.031218559,0.03488950666666667,0.05479772233333333,0.05808062333333333,0.029734956666666666,0.03809373333333334,0.032040143,0.04536941133333334,0.041887038333333335,0.028226087666666667,0.057557171666666664,0.05774875,0.055448639333333334,0.03791922333333333,0.037765068666666665,0.038577488666666666,0.05730920166666666,0.05784955333333333,0.04007437866666666,0.04112168333333333,0.04434494166666667,0.058171063333333335,0.058176115333333334,0.03696597066666667,0.056167108,0.059564115,0.057125485000000004,0.057397018333333334,0.055816674999999996,0.05719473433333334,0.05457355833333333,0.05824709133333334,0.05887280466666667,0.05694706,0.058186305666666674,0.05490165433333334,0.056300123333333334,0.05669133466666666,0.05665039166666667,0.056507372,0.05991850666666666,0.057787615,0.05774875,0.055448639333333334,0.058171063333333335
2,0.033369615000000005,0.03086922,1.9868214999999996e-09,0.03352460066666666,0.028842077666666667,0.026410047333333336,0.032561656,0.02593832,0.03493421,0.02716612833333333,0.029453770333333334,0.037241171999999996,0.039863801,0.034403736666666664,0.037350973333333336,0.022666224000000002,0.04100965666666667,0.028066523999999995,0.039842009,0.04632223666666667,0.03242553866666667,0.045331891,0.05273056133333333,0.035447957,0.035877715000000004,0.03796410533333334,0.036117504,0.042609198666666674,0.03734343,0.03544103666666666,0.048905680666666666,0.041612232,0.039648562,0.04148448666666667,0.041676429,0.042236349,0.05120805833333333,0.04006571,0.050019495000000004,0.05307194333333333,0.05165353466666667,0.05347927833333333,0.04398575566666666,0.04701114533333333,0.04920195000000001,0.04867604466666666,0.04909366466666666,0.04726235833333334,0.04850666333333334,0.051715545333333335,0.048504609,0.04471804,0.047479658333333334,0.051388585,0.05198845466666667,0.051060773999999996,0.05118631666666666,0.048847011333333336,0.054648058000000006,0.056885264666666664,0.050019495000000004,0.033369615000000005,0.048426507,0.05307194333333333,0.05165353466666667,0.044495547,0.04632223666666667,0.05347927833333333,0.03242553866666667,0.045331891,0.04398575566666666,0.03086922,0.04611549366666667,0.05081302000000001,1.9868214999999996e-09,0.03352460066666666,0.04701114533333333,0.05273056133333333,0.049687103333333336,0.028842077666666667,0.026410047333333336,0.032561656,0.035447957,0.05750388333333333,0.02593832,0.048218875,0.05526325533333334,0.03493421,0.04920195000000001,0.035877715000000004,0.04757723333333333,0.05019198266666667,0.02716612833333333,0.04867604466666666,0.05046969166666668,0.04909366466666666,0.03796410533333334,0.04726235833333334,0.04850666333333334,0.029453770333333334,0.037241171999999996,0.051715545333333335,0.047617527,0.050740785000000004,0.039863801,0.036117504,0.052570637999999996,0.042609198666666674,0.048504609,0.03734343,0.051329229000000004,0.034403736666666664,0.037350973333333336,0.04471804,0.047479658333333334,0.022666224000000002,0.03544103666666666,0.04100965666666667,0.048905680666666666,0.041612232,0.028066523999999995,0.051388585,0.049459598333333334,0.04828847666666667,0.039842009,0.039648562,0.04148448666666667,0.05198845466666667,0.051060773999999996,0.041676429,0.042236349,0.05120805833333333,0.051737335,0.05118631666666666,0.04006571,0.048847011333333336,0.054648058000000006,0.056885264666666664,0.048426507,0.044495547,0.04611549366666667,0.05081302000000001,0.049687103333333336,0.05750388333333333,0.048218875,0.05526325533333334,0.04757723333333333,0.05019198266666667,0.05046969166666668,0.047617527,0.050740785000000004,0.052570637999999996,0.051329229000000004,0.049459598333333334,0.04828847666666667,0.051737335
3,0.027800238333333335,0.017077516999999997,0.03352460066666666,1.9868214999999996e-09,0.031460300999999996,0.033341026333333336,0.019748270666666668,0.03702558866666667,0.020705211,0.012180632333333333,0.034828120000000004,0.029535997,0.03264897666666667,0.03646124333333333,0.03351049,0.03506031,0.025643497999999997,0.035526457666666664,0.037594996000000006,0.04317655333333333,0.028908489333333336,0.03985258333333333,0.05084349666666667,0.024018880000000003,0.033157829,0.03762124533333333,0.04372277266666667,0.04338193733333333,0.033341021000000005,0.034335963,0.04580613433333333,0.04333507,0.03535733566666667,0.044409868,0.03615681933333333,0.040907391333333334,0.04942189466666667,0.031260260000000005,0.05178155533333333,0.058637449,0.059408448666666676,0.05850680666666667,0.05407339,0.05263026966666667,0.05409185533333334,0.057545051666666666,0.05476144333333333,0.05486183199999999,0.053298845000000004,0.05554664333333334,0.05579550666666667,0.053564386666666665,0.057454081,0.05687619666666667,0.057481421,0.05892907366666667,0.05752400333333334,0.05219368333333333,0.054572060000000006,0.04977989666666667,0.05178155533333333,0.027800238333333335,0.04959682133333333,0.058637449,0.059408448666666676,0.052538604999999995,0.04317655333333333,0.05850680666666667,0.028908489333333336,0.03985258333333333,0.05407339,0.017077516999999997,0.05311784433333333,0.051889916,0.03352460066666666,1.9868214999999996e-09,0.05263026966666667,0.05084349666666667,0.051980305,0.031460300999999996,0.033341026333333336,0.019748270666666668,0.024018880000000003,0.05198741,0.03702558866666667,0.049730583333333335,0.052356363333333336,0.020705211,0.05409185533333334,0.033157829,0.04829477833333332,0.050995161666666664,0.012180632333333333,0.057545051666666666,0.04926871000000001,0.05476144333333333,0.03762124533333333,0.05486183199999999,0.053298845000000004,0.034828120000000004,0.029535997,0.05554664333333334,0.05324557533333333,0.05034121266666666,0.03264897666666667,0.04372277266666667,0.05664131766666668,0.04338193733333333,0.05579550666666667,0.033341021000000005,0.05228881633333334,0.03646124333333333,0.03351049,0.053564386666666665,0.057454081,0.03506031,0.034335963,0.025643497999999997,0.04580613433333333,0.04333507,0.035526457666666664,0.05687619666666667,0.05313479433333333,0.045999564333333326,0.037594996000000006,0.03535733566666667,0.044409868,0.057481421,0.05892907366666667,0.03615681933333333,0.040907391333333334,0.04942189466666667,0.05225544333333333,0.05752400333333334,0.031260260000000005,0.05219368333333333,0.054572060000000006,0.04977989666666667,0.04959682133333333,0.052538604999999995,0.05311784433333333,0.051889916,0.051980305,0.05198741,0.049730583333333335,0.052356363333333336,0.04829477833333332,0.050995161666666664,0.04926871000000001,0.05324557533333333,0.05034121266666666,0.05664131766666668,0.05228881633333334,0.05313479433333333,0.045999564333333326,0.05225544333333333
4,0.011089472,0.031229992666666668,0.028842077666666667,0.031460300999999996,3.973642999999999e-09,0.025104642,0.018877617333333332,0.020422526,0.02716399766666667,0.027808416,0.023713648333333334,0.027125366666666664,0.032238635333333335,0.027110661333333334,0.023976318,0.026062166666666668,0.031667763333333335,0.024751271999999998,0.029570661666666664,0.032382925666666666,0.029504615333333335,0.03658220066666666,0.044336045,0.03112739733333333,0.019058649,0.026565426666666666,0.033651118333333334,0.03845396233333333,0.027351041333333333,0.032030463333333335,0.03693655366666667,0.03469977466666666,0.032268178333333335,0.03522483433333334,0.03513835666666667,0.04219574533333333,0.04299633433333334,0.035004727,0.05442333333333333,0.054960239999999994,0.05490514566666667,0.05581639666666667,0.05478047166666667,0.055706361999999995,0.05523349,0.055023775000000004,0.05743897333333334,0.055348615,0.055179500000000006,0.054516296666666665,0.048319187666666666,0.052957414666666675,0.05149802233333333,0.055944842,0.05345529733333333,0.051773955,0.05892532666666666,0.05380933,0.054500107,0.05055343666666667,0.05442333333333333,0.011089472,0.05399863666666667,0.054960239999999994,0.05490514566666667,0.05013512,0.032382925666666666,0.05581639666666667,0.029504615333333335,0.03658220066666666,0.05478047166666667,0.031229992666666668,0.05569638466666667,0.052878763333333335,0.028842077666666667,0.031460300999999996,0.055706361999999995,0.044336045,0.05384834533333334,3.973642999999999e-09,0.025104642,0.018877617333333332,0.03112739733333333,0.05322045,0.020422526,0.053062355,0.05578281266666667,0.02716399766666667,0.05523349,0.019058649,0.048924859999999994,0.054118674666666665,0.027808416,0.055023775000000004,0.052257019333333335,0.05743897333333334,0.026565426666666666,0.055348615,0.055179500000000006,0.023713648333333334,0.027125366666666664,0.054516296666666665,0.053593239,0.05454148066666667,0.032238635333333335,0.033651118333333334,0.05478916466666666,0.03845396233333333,0.048319187666666666,0.027351041333333333,0.05596222,0.027110661333333334,0.023976318,0.052957414666666675,0.05149802233333333,0.026062166666666668,0.032030463333333335,0.031667763333333335,0.03693655366666667,0.03469977466666666,0.024751271999999998,0.055944842,0.052842056666666665,0.050835465333333336,0.029570661666666664,0.032268178333333335,0.03522483433333334,0.05345529733333333,0.051773955,0.03513835666666667,0.04219574533333333,0.04299633433333334,0.054937027,0.05892532666666666,0.035004727,0.05380933,0.054500107,0.05055343666666667,0.05399863666666667,0.05013512,0.05569638466666667,0.052878763333333335,0.05384834533333334,0.05322045,0.053062355,0.05578281266666667,0.048924859999999994,0.054118674666666665,0.052257019333333335,0.053593239,0.05454148066666667,0.05478916466666666,0.05596222,0.052842056666666665,0.050835465333333336,0.054937027
5,0.027276524000000003,0.026925331,0.026410047333333336,0.033341026333333336,0.025104642,0.0,0.028877376666666663,0.017546441000000003,0.03665743333333334,0.024724545,0.014882332000000002,0.023700644333333337,0.038296204333333334,0.04214196,0.04323412999999999,0.015133778466666666,0.040743873333333326,0.03363183933333334,0.046305700000000005,0.048027183333333334,0.038244107666666666,0.044153870000000005,0.055193286666666674,0.042232362,0.03850242466666667,0.044216748,0.046290771333333335,0.047492575,0.03882029333333333,0.044686405,0.050000208333333324,0.048742117999999994,0.043929560000000006,0.04757976666666666,0.04843490566666667,0.046778532,0.053936298,0.04242547366666667,0.05366692933333333,0.058557113333333334,0.058521198999999996,0.058035036666666664,0.054778223333333334,0.056260110999999995,0.055025501666666664,0.05855257333333333,0.05546291666666667,0.054674476666666666,0.05324672833333333,0.05517285266666667,0.05598677133333334,0.05410525333333333,0.05703917666666667,0.05522436,0.05772080666666667,0.056583254666666666,0.057340434999999995,0.055776112333333336,0.05605735133333334,0.058417366,0.05366692933333333,0.027276524000000003,0.05098575666666667,0.058557113333333334,0.058521198999999996,0.05125511666666667,0.048027183333333334,0.058035036666666664,0.038244107666666666,0.044153870000000005,0.054778223333333334,0.026925331,0.054928436,0.055015383,0.026410047333333336,0.033341026333333336,0.056260110999999995,0.055193286666666674,0.054751785000000004,0.025104642,0.0,0.028877376666666663,0.042232362,0.058378816666666666,0.017546441000000003,0.05518873666666667,0.057636252,0.03665743333333334,0.055025501666666664,0.03850242466666667,0.05175942666666667,0.05583818533333333,0.024724545,0.05855257333333333,0.05168857566666667,0.05546291666666667,0.044216748,0.054674476666666666,0.05324672833333333,0.014882332000000002,0.023700644333333337,0.05517285266666667,0.056988352666666665,0.054149197999999996,0.038296204333333334,0.046290771333333335,0.059151513333333336,0.047492575,0.05598677133333334,0.03882029333333333,0.05646539333333333,0.04214196,0.04323412999999999,0.05410525333333333,0.05703917666666667,0.015133778466666666,0.044686405,0.040743873333333326,0.050000208333333324,0.048742117999999994,0.03363183933333334,0.05522436,0.05483147333333334,0.053927706666666665,0.046305700000000005,0.043929560000000006,0.04757976666666666,0.05772080666666667,0.056583254666666666,0.04843490566666667,0.046778532,0.053936298,0.05600498,0.057340434999999995,0.04242547366666667,0.055776112333333336,0.05605735133333334,0.058417366,0.05098575666666667,0.05125511666666667,0.054928436,0.055015383,0.054751785000000004,0.058378816666666666,0.05518873666666667,0.057636252,0.05175942666666667,0.05583818533333333,0.05168857566666667,0.056988352666666665,0.054149197999999996,0.059151513333333336,0.05646539333333333,0.05483147333333334,0.053927706666666665,0.05600498
6,0.021966151666666666,0.02534923966666667,0.032561656,0.019748270666666668,0.018877617333333332,0.028877376666666663,1.9868214999999996e-09,0.030802538333333337,0.021573855333333333,0.015903850666666667,0.030542954,0.02892416,0.032946328,0.03288795966666667,0.027234906000000003,0.03005171766666666,0.023595269333333335,0.03665769233333333,0.03571618,0.039769604666666666,0.03342983566666667,0.03680756500000001,0.047559509666666666,0.030389321333333334,0.03292955333333333,0.041231098,0.0402973,0.043123346666666666,0.03144601366666667,0.034216958,0.040518510333333334,0.041943850000000005,0.034572484,0.043638524666666664,0.038684265999999995,0.044319463333333343,0.048951113,0.037900675,0.048789625333333336,0.05623038033333334,0.055375491000000006,0.057477779,0.04992406333333334,0.04889130866666667,0.051659415,0.055173638,0.052799200000000004,0.05021863333333333,0.048820352000000004,0.05343484,0.05172556333333333,0.04722178600000001,0.054139966666666664,0.052683146666666666,0.05605438533333333,0.055155852,0.054577537333333336,0.04907169166666667,0.05611309433333333,0.050475088,0.048789625333333336,0.021966151666666666,0.050777466666666674,0.05623038033333334,0.055375491000000006,0.052993460000000006,0.039769604666666666,0.057477779,0.03342983566666667,0.03680756500000001,0.04992406333333334,0.02534923966666667,0.05355485166666667,0.05025550733333333,0.032561656,0.019748270666666668,0.04889130866666667,0.047559509666666666,0.052168363333333335,0.018877617333333332,0.028877376666666663,1.9868214999999996e-09,0.030389321333333334,0.05385408166666667,0.030802538333333337,0.049379364666666675,0.05277181166666667,0.021573855333333333,0.051659415,0.03292955333333333,0.044028645000000005,0.05145136666666666,0.015903850666666667,0.055173638,0.050415596666666666,0.052799200000000004,0.041231098,0.05021863333333333,0.048820352000000004,0.030542954,0.02892416,0.05343484,0.05234864000000001,0.05197765,0.032946328,0.0402973,0.05429230933333333,0.043123346666666666,0.05172556333333333,0.03144601366666667,0.054576450000000006,0.03288795966666667,0.027234906000000003,0.04722178600000001,0.054139966666666664,0.03005171766666666,0.034216958,0.023595269333333335,0.040518510333333334,0.041943850000000005,0.03665769233333333,0.052683146666666666,0.050782730000000005,0.04696827333333333,0.03571618,0.034572484,0.043638524666666664,0.05605438533333333,0.055155852,0.038684265999999995,0.044319463333333343,0.048951113,0.052686733333333326,0.054577537333333336,0.037900675,0.04907169166666667,0.05611309433333333,0.050475088,0.050777466666666674,0.052993460000000006,0.05355485166666667,0.05025550733333333,0.052168363333333335,0.05385408166666667,0.049379364666666675,0.05277181166666667,0.044028645000000005,0.05145136666666666,0.050415596666666666,0.05234864000000001,0.05197765,0.05429230933333333,0.054576450000000006,0.050782730000000005,0.04696827333333333,0.052686733333333326
7,0.021955486,0.032475664333333334,0.02593832,0.03702558866666667,0.020422526,0.017546441000000003,0.030802538333333337,7.947285999999998e-09,0.035115412666666665,0.031825461,0.010381563666666668,0.023924877333333334,0.036316751333333334,0.038040325,0.04013244233333334,0.009301303000000002,0.038764349999999996,0.026672848000000002,0.04288542233333334,0.03993063766666667,0.03201287,0.03319291466666666,0.04718141666666667,0.038987859,0.02918204666666667,0.03371535866666667,0.04104447666666666,0.03917331,0.028646203,0.038073241,0.04144013333333333,0.037999849999999995,0.03533506,0.04081692666666667,0.036358398,0.037381244,0.04474579666666667,0.03150882333333333,0.056034483333333336,0.055374614999999995,0.057310382666666666,0.056833601666666664,0.05602579166666667,0.05763741933333333,0.056694455666666664,0.054796058333333335,0.058497172666666666,0.05623711766666666,0.05483703666666666,0.05513502666666666,0.052913792,0.055216785666666664,0.054765794666666666,0.05522153366666667,0.055484808,0.054555153333333335,0.059121223333333334,0.05476000766666667,0.052622944666666664,0.054439272,0.056034483333333336,0.021955486,0.04978052,0.055374614999999995,0.057310382666666666,0.049942551999999994,0.03993063766666667,0.056833601666666664,0.03201287,0.03319291466666666,0.05602579166666667,0.032475664333333334,0.05550977666666667,0.055101338666666666,0.02593832,0.03702558866666667,0.05763741933333333,0.04718141666666667,0.05374563466666667,0.020422526,0.017546441000000003,0.030802538333333337,0.038987859,0.055216494666666664,7.947285999999998e-09,0.05510575,0.05684533333333334,0.035115412666666665,0.056694455666666664,0.02918204666666667,0.05119021666666667,0.055984290000000006,0.031825461,0.054796058333333335,0.049258867666666664,0.058497172666666666,0.03371535866666667,0.05623711766666666,0.05483703666666666,0.010381563666666668,0.023924877333333334,0.05513502666666666,0.05633728666666667,0.05459236333333333,0.036316751333333334,0.04104447666666666,0.05593278166666667,0.03917331,0.052913792,0.028646203,0.05433748333333333,0.038040325,0.04013244233333334,0.055216785666666664,0.054765794666666666,0.009301303000000002,0.038073241,0.038764349999999996,0.04144013333333333,0.037999849999999995,0.026672848000000002,0.05522153366666667,0.052284803000000005,0.052657831666666675,0.04288542233333334,0.03533506,0.04081692666666667,0.055484808,0.054555153333333335,0.036358398,0.037381244,0.04474579666666667,0.056726169666666666,0.059121223333333334,0.03150882333333333,0.05476000766666667,0.052622944666666664,0.054439272,0.04978052,0.049942551999999994,0.05550977666666667,0.055101338666666666,0.05374563466666667,0.055216494666666664,0.05510575,0.05684533333333334,0.05119021666666667,0.055984290000000006,0.049258867666666664,0.05633728666666667,0.05459236333333333,0.05593278166666667,0.05433748333333333,0.052284803000000005,0.052657831666666675,0.056726169666666666
8,0.027041369666666665,0.021650797,0.03493421,0.020705211,0.02716399766666667,0.03665743333333334,0.021573855333333333,0.035115412666666665,5.960464499999999e-09,0.023862580333333334,0.038534780000000005,0.03452778233333333,0.022210565999999998,0.02032819,0.021014223333333335,0.037557066666666666,0.027806105333333334,0.027043374666666665,0.027170435333333336,0.04218239666666667,0.03509797566666666,0.03211189766666667,0.046884998666666663,0.029085900333333338,0.03313628466666667,0.03612934466666667,0.03726457666666667,0.030179133000000004,0.026205432333333334,0.037066658333333335,0.03734183333333334,0.03399817733333334,0.029662466,0.034434976,0.03449687266666667,0.040817058,0.035119156000000006,0.033519883333333333,0.05495530333333333,0.05627505333333334,0.05733051433333333,0.05710523333333333,0.05518145866666667,0.056083056666666666,0.05550587,0.05677339000000001,0.05592374533333334,0.05498347266666667,0.05555951966666666,0.054108930000000006,0.05377826333333333,0.055077584666666665,0.056757164666666665,0.05810804966666667,0.05519833666666667,0.056414775,0.056871380333333325,0.05583306366666667,0.05530839,0.049799803999999996,0.05495530333333333,0.027041369666666665,0.05468986033333333,0.05627505333333334,0.05733051433333333,0.05529877466666666,0.04218239666666667,0.05710523333333333,0.03509797566666666,0.03211189766666667,0.05518145866666667,0.021650797,0.057319143333333336,0.05099608233333333,0.03493421,0.020705211,0.056083056666666666,0.046884998666666663,0.054856601666666664,0.02716399766666667,0.03665743333333334,0.021573855333333333,0.029085900333333338,0.05103515566666667,0.035115412666666665,0.055650928,0.051750995333333334,5.960464499999999e-09,0.05550587,0.03313628466666667,0.050322371000000005,0.05281343466666667,0.023862580333333334,0.05677339000000001,0.05274927333333333,0.05592374533333334,0.03612934466666667,0.05498347266666667,0.05555951966666666,0.038534780000000005,0.03452778233333333,0.054108930000000006,0.053211991666666666,0.05338415866666666,0.022210565999999998,0.03726457666666667,0.055990310333333335,0.030179133000000004,0.05377826333333333,0.026205432333333334,0.056366629,0.02032819,0.021014223333333335,0.055077584666666665,0.056757164666666665,0.037557066666666666,0.037066658333333335,0.027806105333333334,0.03734183333333334,0.03399817733333334,0.027043374666666665,0.05810804966666667,0.05482429133333334,0.049075704666666664,0.027170435333333336,0.029662466,0.034434976,0.05519833666666667,0.056414775,0.03449687266666667,0.040817058,0.035119156000000006,0.05670895533333333,0.056871380333333325,0.033519883333333333,0.05583306366666667,0.05530839,0.049799803999999996,0.05468986033333333,0.05529877466666666,0.057319143333333336,0.05099608233333333,0.054856601666666664,0.05103515566666667,0.055650928,0.051750995333333334,0.050322371000000005,0.05281343466666667,0.05274927333333333,0.053211991666666666,0.05338415866666666,0.055990310333333335,0.056366629,0.05482429133333334,0.049075704666666664,0.05670895533333333
9,0.027421435666666667,0.016501321333333333,0.02716612833333333,0.012180632333333333,0.027808416,0.024724545,0.015903850666666667,0.031825461,0.023862580333333334,0.0,0.02885948333333333,0.028843335333333334,0.03459223933333333,0.035752300333333334,0.03491449666666666,0.02688472466666666,0.027649266666666665,0.03653208333333333,0.040623330000000006,0.04687484733333334,0.03562190466666667,0.04266110333333333,0.05220958233333333,0.029972346666666667,0.035921112000000005,0.042701137,0.041979179666666665,0.047436185666666665,0.03594823666666667,0.037176084666666664,0.04684163133333333,0.04725081166666667,0.03939604666666666,0.046153780000000005,0.04102636966666666,0.045138047333333334,0.05335993433333333,0.039472844,0.047349591999999996,0.05671671833333333,0.05562599866666667,0.056670732333333335,0.04810742333333333,0.04965275433333334,0.04926037666666667,0.053900482,0.05170164,0.049747949666666666,0.048065580000000004,0.0529215,0.052963518333333334,0.04936797666666667,0.05447705566666668,0.052708964999999997,0.056097089,0.054274912,0.05481852466666667,0.049603670999999995,0.056701761999999996,0.05667823,0.047349591999999996,0.027421435666666667,0.05369395,0.05671671833333333,0.05562599866666667,0.052926426666666665,0.04687484733333334,0.056670732333333335,0.03562190466666667,0.04266110333333333,0.04810742333333333,0.016501321333333333,0.053661403999999996,0.052321660666666665,0.02716612833333333,0.012180632333333333,0.04965275433333334,0.05220958233333333,0.053143046666666666,0.027808416,0.024724545,0.015903850666666667,0.029972346666666667,0.058205206666666655,0.031825461,0.05205583666666667,0.05663849533333334,0.023862580333333334,0.04926037666666667,0.035921112000000005,0.048963598000000004,0.05310893566666667,0.0,0.053900482,0.05429727333333333,0.05170164,0.042701137,0.049747949666666666,0.048065580000000004,0.02885948333333333,0.028843335333333334,0.0529215,0.05351196333333333,0.05387003566666667,0.03459223933333333,0.041979179666666665,0.05720197566666667,0.047436185666666665,0.052963518333333334,0.03594823666666667,0.055075234,0.035752300333333334,0.03491449666666666,0.04936797666666667,0.05447705566666668,0.02688472466666666,0.037176084666666664,0.027649266666666665,0.04684163133333333,0.04725081166666667,0.03653208333333333,0.052708964999999997,0.05307993,0.052306805,0.040623330000000006,0.03939604666666666,0.046153780000000005,0.056097089,0.054274912,0.04102636966666666,0.045138047333333334,0.05335993433333333,0.054683425,0.05481852466666667,0.039472844,0.049603670999999995,0.056701761999999996,0.05667823,0.05369395,0.052926426666666665,0.053661403999999996,0.052321660666666665,0.053143046666666666,0.058205206666666655,0.05205583666666667,0.05663849533333334,0.048963598000000004,0.05310893566666667,0.05429727333333333,0.05351196333333333,0.05387003566666667,0.05720197566666667,0.055075234,0.05307993,0.052306805,0.054683425
10,0.024788453,0.029875773,0.029453770333333334,0.034828120000000004,0.023713648333333334,0.014882332000000002,0.030542954,0.010381563666666668,0.038534780000000005,0.02885948333333333,1.9868214999999996e-09,0.025471801666666665,0.04063665666666667,0.04651389166666667,0.044992471666666665,0.007957573833333334,0.03944579333333333,0.032550374666666666,0.04771611,0.04037064566666667,0.032265462333333335,0.03564464533333333,0.050639172333333336,0.037119061,0.027816706666666666,0.03757693433333333,0.045999580000000005,0.041731651,0.02872105866666667,0.03525368166666666,0.04405852466666667,0.04181380266666667,0.035822222333333334,0.04348908533333334,0.038625369666666666,0.037462316,0.04899322,0.02963429266666667,0.055172494999999995,0.05799030333333334,0.05890077666666667,0.05917259466666667,0.05606442,0.05781018766666667,0.057341993333333334,0.056725011333333325,0.058720840999999996,0.05703990833333334,0.055550339,0.05701077833333333,0.057076623,0.05410041333333333,0.05808586466666667,0.05569876,0.05860638233333334,0.05793411666666666,0.05952415666666666,0.05456556233333334,0.05643578566666667,0.057393138333333336,0.055172494999999995,0.024788453,0.051948251,0.05799030333333334,0.05890077666666667,0.05302134166666667,0.04037064566666667,0.05917259466666667,0.032265462333333335,0.03564464533333333,0.05606442,0.029875773,0.055538010666666665,0.05557464833333334,0.029453770333333334,0.034828120000000004,0.05781018766666667,0.050639172333333336,0.05739606866666667,0.023713648333333334,0.014882332000000002,0.030542954,0.037119061,0.058135108,0.010381563666666668,0.055772101,0.058872748333333336,0.038534780000000005,0.057341993333333334,0.027816706666666666,0.052007990000000004,0.05705164100000001,0.02885948333333333,0.056725011333333325,0.05387411133333333,0.058720840999999996,0.03757693433333333,0.05703990833333334,0.055550339,1.9868214999999996e-09,0.025471801666666665,0.05701077833333333,0.05746405566666667,0.056413864333333334,0.04063665666666667,0.045999580000000005,0.05912968766666667,0.041731651,0.057076623,0.02872105866666667,0.056446968666666666,0.04651389166666667,0.044992471666666665,0.05410041333333333,0.05808586466666667,0.007957573833333334,0.03525368166666666,0.03944579333333333,0.04405852466666667,0.04181380266666667,0.032550374666666666,0.05569876,0.05521767166666667,0.055463313333333326,0.04771611,0.035822222333333334,0.04348908533333334,0.05860638233333334,0.05793411666666666,0.038625369666666666,0.037462316,0.04899322,0.057499668,0.05952415666666666,0.02963429266666667,0.05456556233333334,0.05643578566666667,0.057393138333333336,0.051948251,0.05302134166666667,0.055538010666666665,0.05557464833333334,0.05739606866666667,0.058135108,0.055772101,0.058872748333333336,0.052007990000000004,0.05705164100000001,0.05387411133333333,0.05746405566666667,0.056413864333333334,0.05912968766666667,0.056446968666666666,0.05521767166666667,0.055463313333333326,0.057499668
11,0.023879226666666666,0.025869894,0.037241171999999996,0.029535997,0.027125366666666664,0.023700644333333337,0.02892416,0.023924877333333334,0.03452778233333333,0.028843335333333334,0.025471801666666665,5.960464499999999e-09,0.03758916666666667,0.03950936666666667,0.040352712,0.026376923333333333,0.035697812333333336,0.03663914,0.04130656766666666,0.03383281033333333,0.035173511000000005,0.03830336333333333,0.04500143333333333,0.031341645,0.030608618333333334,0.03328498466666667,0.036533133,0.04235260566666667,0.032962444,0.04175802666666666,0.04405757666666667,0.038256983333333335,0.03969301,0.037933596,0.038669457666666664,0.03810767666666667,0.04645215333333333,0.03983799166666667,0.05841703,0.05905563166666667,0.06058554066666667,0.06052324966666667,0.06037704533333333,0.060140523333333334,0.05956751699999999,0.05952932066666667,0.06109975666666666,0.060189113333333336,0.05993095666666667,0.05773914266666667,0.058548832333333335,0.059738932333333335,0.06067524166666667,0.059345835,0.05928904,0.05825524733333333,0.06178449666666667,0.058759943333333335,0.05620545133333333,0.04890756133333333,0.05841703,0.023879226666666666,0.05636482233333333,0.05905563166666667,0.06058554066666667,0.05645420933333334,0.03383281033333333,0.06052324966666667,0.035173511000000005,0.03830336333333333,0.06037704533333333,0.025869894,0.059137636666666674,0.05592543266666667,0.037241171999999996,0.029535997,0.060140523333333334,0.04500143333333333,0.05785337533333333,0.027125366666666664,0.023700644333333337,0.02892416,0.031341645,0.054077933333333335,0.023924877333333334,0.056288353666666666,0.055672200666666664,0.03452778233333333,0.05956751699999999,0.030608618333333334,0.05208577466666667,0.05564789333333334,0.028843335333333334,0.05952932066666667,0.05202561133333334,0.06109975666666666,0.03328498466666667,0.060189113333333336,0.05993095666666667,0.025471801666666665,5.960464499999999e-09,0.05773914266666667,0.05773870333333333,0.056975357000000004,0.03758916666666667,0.036533133,0.055023508,0.04235260566666667,0.058548832333333335,0.032962444,0.059286533333333336,0.03950936666666667,0.040352712,0.059738932333333335,0.06067524166666667,0.026376923333333333,0.04175802666666666,0.035697812333333336,0.04405757666666667,0.038256983333333335,0.03663914,0.059345835,0.05644332533333333,0.05459064233333333,0.04130656766666666,0.03969301,0.037933596,0.05928904,0.05825524733333333,0.038669457666666664,0.03810767666666667,0.04645215333333333,0.056971179999999996,0.06178449666666667,0.03983799166666667,0.058759943333333335,0.05620545133333333,0.04890756133333333,0.05636482233333333,0.05645420933333334,0.059137636666666674,0.05592543266666667,0.05785337533333333,0.054077933333333335,0.056288353666666666,0.055672200666666664,0.05208577466666667,0.05564789333333334,0.05202561133333334,0.05773870333333333,0.056975357000000004,0.055023508,0.059286533333333336,0.05644332533333333,0.05459064233333333,0.056971179999999996
12,0.032035521,0.03212701266666666,0.039863801,0.03264897666666667,0.032238635333333335,0.038296204333333334,0.032946328,0.036316751333333334,0.022210565999999998,0.03459223933333333,0.04063665666666667,0.03758916666666667,1.9868214999999996e-09,0.031745170999999996,0.03430386466666666,0.03859104866666666,0.03500134666666667,0.029391724333333334,0.03401453166666667,0.04593372833333333,0.03976545733333334,0.047571209999999996,0.04940508233333333,0.04003587499999999,0.034199734333333336,0.03650035166666667,0.04219883000000001,0.0371898,0.04059804,0.046801325,0.03756223166666666,0.042780826666666674,0.04392078,0.04189498666666667,0.043448853333333336,0.049803860000000005,0.037647870666666666,0.03982740333333333,0.05218594333333333,0.054442770999999994,0.05645516,0.05426194133333333,0.052695934666666666,0.055003922,0.04995526333333333,0.05575552000000001,0.05455822466666667,0.05487458433333334,0.052317770000000006,0.056233936666666665,0.04860551666666667,0.05158147666666667,0.052620183333333334,0.05606344466666666,0.05263752866666667,0.054066449999999995,0.056805089999999996,0.053168765,0.04700198966666667,0.04412015466666667,0.05218594333333333,0.032035521,0.04642020833333334,0.054442770999999994,0.05645516,0.04594422666666667,0.04593372833333333,0.05426194133333333,0.03976545733333334,0.047571209999999996,0.052695934666666666,0.03212701266666666,0.046325508999999994,0.04734822466666667,0.039863801,0.03264897666666667,0.055003922,0.04940508233333333,0.04549375566666667,0.032238635333333335,0.038296204333333334,0.032946328,0.04003587499999999,0.041809788,0.036316751333333334,0.04981228666666667,0.04672681766666667,0.022210565999999998,0.04995526333333333,0.034199734333333336,0.04579911,0.047937314333333335,0.03459223933333333,0.05575552000000001,0.04610691466666667,0.05455822466666667,0.03650035166666667,0.05487458433333334,0.052317770000000006,0.04063665666666667,0.03758916666666667,0.056233936666666665,0.048323676999999995,0.038899996666666666,1.9868214999999996e-09,0.04219883000000001,0.05208180666666666,0.0371898,0.04860551666666667,0.04059804,0.044469586666666665,0.031745170999999996,0.03430386466666666,0.05158147666666667,0.052620183333333334,0.03859104866666666,0.046801325,0.03500134666666667,0.03756223166666666,0.042780826666666674,0.029391724333333334,0.05606344466666666,0.045649059666666665,0.04328711666666667,0.03401453166666667,0.04392078,0.04189498666666667,0.05263752866666667,0.054066449999999995,0.043448853333333336,0.049803860000000005,0.037647870666666666,0.047447702333333334,0.056805089999999996,0.03982740333333333,0.053168765,0.04700198966666667,0.04412015466666667,0.04642020833333334,0.04594422666666667,0.046325508999999994,0.04734822466666667,0.04549375566666667,0.041809788,0.04981228666666667,0.04672681766666667,0.04579911,0.047937314333333335,0.04610691466666667,0.048323676999999995,0.038899996666666666,0.05208180666666666,0.044469586666666665,0.045649059666666665,0.04328711666666667,0.047447702333333334
