,omer_02.jpg,tal_05.jpg,omer_07.jpg,tal_06.jpg,omer_06.jpg,omer_08.jpg,tal_01.jpg,omer_03.jpg,tal_07.jpg,tal_03.jpg,omer_04.jpg,omer_10.jpg,tal_09.jpg,tal_02.jpg,tal_08.jpg,omer_09.jpg,tal_10.jpg,omer_05.jpg,tal_04.jpg,matt_04.jpg,dom_10.jpg,dom_05.jpg,matt_08.jpg,dom_04.jpg,matt_02.jpg,matt_07.jpg,matt_06.jpg,matt_05.jpg,dom_07.jpg,dom_03.jpg,matt_03.jpg,matt_01.jpg,dom_06.jpg,matt_10.jpg,dom_01.jpg,dom_09.jpg,matt_09.jpg,dom_02.jpg,tess_03.jpg,taz_06.jpg,taz_04.jpg,taz_03.jpg,tess_01.jpg,tess_07.jpg,tess_05.jpg,taz_05.jpg,tess_02.jpg,tess_09.jpg,tess_06.jpg,taz_07.jpg,taz_02.jpg,tess_04.jpg,taz_09.jpg,tess_08.jpg,taz_08.jpg,taz_01.jpg,tess_10.jpg,taz_10.jpg,marina_07.jpg,tamar_04.jpg,tess_03.jpg.1,omer_02.jpg.1,marina_04.jpg,taz_06.jpg.1,taz_04.jpg.1,marina_01.jpg,matt_04.jpg.1,taz_03.jpg.1,dom_10.jpg.1,dom_05.jpg.1,tess_01.jpg.1,tal_05.jpg.1,marina_06.jpg,tamar_09.jpg,omer_07.jpg.1,tal_06.jpg.1,tess_07.jpg.1,matt_08.jpg.1,marina_08.jpg,omer_06.jpg.1,omer_08.jpg.1,tal_01.jpg.1,dom_04.jpg.1,tamar_10.jpg,omer_03.jpg.1,tamar_02.jpg,tamar_05.jpg,tal_07.jpg.1,tess_05.jpg.1,matt_02.jpg.1,tamar_07.jpg,tamar_03.jpg,tal_03.jpg.1,taz_05.jpg.1,marina_09.jpg,tess_02.jpg.1,matt_07.jpg.1,tess_09.jpg.1,tess_06.jpg.1,omer_04.jpg.1,omer_10.jpg.1,taz_07.jpg.1,tamar_01.jpg,marina_10.jpg,tal_09.jpg.1,matt_06.jpg.1,tamar_06.jpg,matt_05.jpg.1,taz_02.jpg.1,dom_07.jpg.1,marina_05.jpg,tal_02.jpg.1,tal_08.jpg.1,tess_04.jpg.1,taz_09.jpg.1,omer_09.jpg.1,dom_03.jpg.1,tal_10.jpg.1,matt_03.jpg.1,matt_01.jpg.1,omer_05.jpg.1,tess_08.jpg.1,marina_02.jpg,marina_03.jpg,tal_04.jpg.1,dom_06.jpg.1,matt_10.jpg.1,taz_08.jpg.1,taz_01.jpg.1,dom_01.jpg.1,dom_09.jpg.1,matt_09.jpg.1,tamar_08.jpg,tess_10.jpg.1,dom_02.jpg.1,taz_10.jpg.1,marina_07.jpg.1,tamar_04.jpg.1,marina_04.jpg.1,marina_01.jpg.1,marina_06.jpg.1,tamar_09.jpg.1,marina_08.jpg.1,tamar_10.jpg.1,tamar_02.jpg.1,tamar_05.jpg.1,tamar_07.jpg.1,tamar_03.jpg.1,marina_09.jpg.1,tamar_01.jpg.1,marina_10.jpg.1,tamar_06.jpg.1,marina_05.jpg.1,marina_02.jpg.1,marina_03.jpg.1,tamar_08.jpg.1
0,0.0,0.030739574666666665,0.019835722333333337,0.026087232333333335,0.012212530666666666,0.017809307333333333,0.02488836933333333,0.013041105,0.029164042,0.02743242233333333,0.012288870333333334,0.020147431333333337,0.03359705333333333,0.024736642333333333,0.030689563333333333,0.015968382333333333,0.032348921999999995,0.015594941333333334,0.036311274666666664,0.036073998333333336,0.031502416666666665,0.039166315,0.03883795333333333,0.03410080066666667,0.028637776666666667,0.031103942666666665,0.03149912866666667,0.03918004533333333,0.03317134766666666,0.029283911333333332,0.035461918333333335,0.041261077666666666,0.03237595733333333,0.04422836333333333,0.035066634,0.041044893333333325,0.040887762999999994,0.02983433066666667,0.053557876666666664,0.05393307666666667,0.05496759666666667,0.057883625333333334,0.056588924666666665,0.05474667666666667,0.05659678766666667,0.05604950499999999,0.05830714766666667,0.054130486666666665,0.05323154766666667,0.054076925666666664,0.050483959999999994,0.05478064466666667,0.050300962,0.055507263333333334,0.05280230466666667,0.053874882,0.05799786333333334,0.046250718333333336,0.048803908,0.05008680499999999,0.053557876666666664,0.0,0.04681978133333333,0.05393307666666667,0.05496759666666667,0.05049673766666666,0.036073998333333336,0.057883625333333334,0.031502416666666665,0.039166315,0.056588924666666665,0.030739574666666665,0.05260502,0.04993750333333334,0.019835722333333337,0.026087232333333335,0.05474667666666667,0.03883795333333333,0.05063889666666667,0.012212530666666666,0.017809307333333333,0.02488836933333333,0.03410080066666667,0.046786538666666676,0.013041105,0.052070822333333336,0.049719230333333336,0.029164042,0.05659678766666667,0.028637776666666667,0.047774835333333335,0.048916870333333334,0.02743242233333333,0.05604950499999999,0.051968248666666675,0.05830714766666667,0.031103942666666665,0.054130486666666665,0.05323154766666667,0.012288870333333334,0.020147431333333337,0.054076925666666664,0.05049873,0.05131184666666666,0.03359705333333333,0.03149912866666667,0.05042104666666667,0.03918004533333333,0.050483959999999994,0.03317134766666666,0.05296457333333334,0.024736642333333333,0.030689563333333333,0.05478064466666667,0.050300962,0.015968382333333333,0.029283911333333332,0.032348921999999995,0.035461918333333335,0.041261077666666666,0.015594941333333334,0.055507263333333334,0.05143706666666667,0.049141842000000005,0.036311274666666664,0.03237595733333333,0.04422836333333333,0.05280230466666667,0.053874882,0.035066634,0.041044893333333325,0.040887762999999994,0.050366426666666665,0.05799786333333334,0.02983433066666667,0.046250718333333336,0.048803908,0.05008680499999999,0.04681978133333333,0.05049673766666666,0.05260502,0.04993750333333334,0.05063889666666667,0.046786538666666676,0.052070822333333336,0.049719230333333336,0.047774835333333335,0.048916870333333334,0.051968248666666675,0.05049873,0.05131184666666666,0.05042104666666667,0.05296457333333334,0.05143706666666667,0.049141842000000005,0.050366426666666665
1,0.030739574666666665,1.9868214999999996e-09,0.03820495566666667,0.016300328333333333,0.037020794333333336,0.032962671666666665,0.037055579000000005,0.032072808,0.024409083666666668,0.01727069,0.025683178333333334,0.030973467999999997,0.030774450000000002,0.034346173,0.03558946466666667,0.029074444333333335,0.04314665833333333,0.028730030666666666,0.03925145,0.04114232766666667,0.04380472333333333,0.038630599999999994,0.04169760833333334,0.03676742533333333,0.038969779333333336,0.03863697766666666,0.04126912333333334,0.03876843333333334,0.040199121,0.03857214233333333,0.03753296166666667,0.04092106133333333,0.037594981666666666,0.04140701666666667,0.04024938,0.038380976666666664,0.03920591533333333,0.03743586333333334,0.04895352666666667,0.057247685,0.05672841133333333,0.058184864,0.05315020533333333,0.047768912,0.050013041,0.056031778,0.05153168133333333,0.052802258666666664,0.04924074999999999,0.05017998333333333,0.051618505333333335,0.054297326666666666,0.055005954333333336,0.052691524999999996,0.053590591666666666,0.05569550533333333,0.052600208999999995,0.05167686433333333,0.05025906433333334,0.048724206666666665,0.04895352666666667,0.030739574666666665,0.05003118733333333,0.057247685,0.05672841133333333,0.04809666,0.04114232766666667,0.058184864,0.04380472333333333,0.038630599999999994,0.05315020533333333,1.9868214999999996e-09,0.051572811333333336,0.050056311666666665,0.03820495566666667,0.016300328333333333,0.047768912,0.04169760833333334,0.04969943366666666,0.037020794333333336,0.032962671666666665,0.037055579000000005,0.03676742533333333,0.04759525433333334,0.032072808,0.049549523333333324,0.048174603333333336,0.024409083666666668,0.050013041,0.038969779333333336,0.05047566,0.048713461,0.01727069,0.056031778,0.04500561166666666,0.05153168133333333,0.03863697766666666,0.052802258666666664,0.04924074999999999,0.025683178333333334,0.030973467999999997,0.05017998333333333,0.05253344000000001,0.05088411366666667,0.030774450000000002,0.04126912333333334,0.05294343633333334,0.03876843333333334,0.051618505333333335,0.040199121,0.04436015200000001,0.034346173,0.03558946466666667,0.054297326666666666,0.055005954333333336,0.029074444333333335,0.03857214233333333,0.04314665833333333,0.03753296166666667,0.04092106133333333,0.028730030666666666,0.052691524999999996,0.041508306666666675,0.04522143199999999,0.03925145,0.037594981666666666,0.04140701666666667,0.053590591666666666,0.05569550533333333,0.04024938,0.038380976666666664,0.03920591533333333,0.051435678666666665,0.052600208999999995,0.03743586333333334,0.05167686433333333,0.05025906433333334,0.048724206666666665,0.05003118733333333,0.04809666,0.051572811333333336,0.050056311666666665,0.04969943366666666,0.04759525433333334,0.049549523333333324,0.048174603333333336,0.05047566,0.048713461,0.04500561166666666,0.05253344000000001,0.05088411366666667,0.05294343633333334,0.04436015200000001,0.041508306666666675,0.04522143199999999,0.051435678666666665
2,0.019835722333333337,0.03820495566666667,3.973642999999999e-09,0.03220672633333333,0.022062941,0.013443636466666666,0.026437496999999997,0.014596446333333334,0.02861468766666667,0.027043376666666667,0.019310609666666666,0.024425043666666667,0.03150258733333333,0.022867544333333333,0.028943157,0.017587033999999998,0.029674297666666665,0.019053006333333334,0.032360969333333336,0.04145003166666667,0.03487102133333333,0.034694461333333336,0.040786286,0.034822506,0.03629956166666667,0.033455956,0.030968497,0.041777158,0.03209095766666667,0.03143494333333333,0.04035453133333333,0.04401516233333334,0.030896182666666668,0.043373294666666666,0.035730865,0.040225690333333335,0.04385815666666667,0.03095608366666667,0.051230911999999997,0.05210711333333333,0.05344338033333333,0.05687313333333333,0.056223872999999994,0.05478262166666667,0.056387139999999995,0.052026491333333334,0.058956631333333336,0.05297513466666667,0.05150331166666667,0.05176562866666667,0.05194773266666666,0.051252282333333336,0.052045012,0.054842747666666664,0.050687764333333336,0.052528886000000004,0.05775056533333334,0.046415149999999995,0.050762278333333334,0.051531586666666664,0.051230911999999997,0.019835722333333337,0.048597805333333334,0.05210711333333333,0.05344338033333333,0.049660692666666666,0.04145003166666667,0.05687313333333333,0.03487102133333333,0.034694461333333336,0.056223872999999994,0.03820495566666667,0.05474330666666667,0.05172963333333334,3.973642999999999e-09,0.03220672633333333,0.05478262166666667,0.040786286,0.05083345166666667,0.022062941,0.013443636466666666,0.026437496999999997,0.034822506,0.051261306666666666,0.014596446333333334,0.05112074,0.05237954200000001,0.02861468766666667,0.056387139999999995,0.03629956166666667,0.04758109666666667,0.050471963333333335,0.027043376666666667,0.052026491333333334,0.051984821,0.058956631333333336,0.033455956,0.05297513466666667,0.05150331166666667,0.019310609666666666,0.024425043666666667,0.05176562866666667,0.051722594000000004,0.04987061333333333,0.03150258733333333,0.030968497,0.04969352,0.041777158,0.05194773266666666,0.03209095766666667,0.05511450666666666,0.022867544333333333,0.028943157,0.051252282333333336,0.052045012,0.017587033999999998,0.03143494333333333,0.029674297666666665,0.04035453133333333,0.04401516233333334,0.019053006333333334,0.054842747666666664,0.05440157,0.04821762,0.032360969333333336,0.030896182666666668,0.043373294666666666,0.050687764333333336,0.052528886000000004,0.035730865,0.040225690333333335,0.04385815666666667,0.0498426,0.05775056533333334,0.03095608366666667,0.046415149999999995,0.050762278333333334,0.051531586666666664,0.048597805333333334,0.049660692666666666,0.05474330666666667,0.05172963333333334,0.05083345166666667,0.051261306666666666,0.05112074,0.05237954200000001,0.04758109666666667,0.050471963333333335,0.051984821,0.051722594000000004,0.04987061333333333,0.04969352,0.05511450666666666,0.05440157,0.04821762,0.0498426
3,0.026087232333333335,0.016300328333333333,0.03220672633333333,1.9868214999999996e-09,0.03151890633333333,0.029132058,0.02811516666666667,0.02834677266666667,0.022999193333333334,0.020101441666666667,0.023442214666666666,0.027864988666666667,0.029150432,0.032176121333333335,0.028398655,0.028525843333333332,0.03367247833333333,0.028980328333333336,0.03235136666666667,0.039748865,0.03484107,0.034125691666666666,0.04194988533333334,0.028831402666666665,0.03190356166666667,0.032539559,0.04280228333333334,0.038478668,0.03580412466666667,0.028193011,0.04052985533333334,0.041332216666666664,0.030130515,0.0430724,0.034380603,0.03500089,0.041379118000000006,0.02940682966666667,0.052156338,0.05664537666666667,0.058795867333333335,0.05820953066666667,0.056956100333333336,0.05286393166666667,0.053416028666666664,0.05762839499999999,0.05553839000000001,0.055172820000000004,0.05135502666666667,0.05267757666666666,0.05213019333333334,0.05670871,0.05644747533333334,0.057244409999999996,0.053240559666666666,0.056514996666666664,0.055638083,0.051223598333333335,0.05019724999999999,0.04737853666666667,0.052156338,0.026087232333333335,0.04458633333333333,0.05664537666666667,0.058795867333333335,0.050102182333333335,0.039748865,0.05820953066666667,0.03484107,0.034125691666666666,0.056956100333333336,0.016300328333333333,0.052846739999999996,0.049906349333333336,0.03220672633333333,1.9868214999999996e-09,0.05286393166666667,0.04194988533333334,0.04988063666666666,0.03151890633333333,0.029132058,0.02811516666666667,0.028831402666666665,0.043412239000000005,0.02834677266666667,0.04781583166666667,0.045956608333333336,0.022999193333333334,0.053416028666666664,0.03190356166666667,0.04666828533333334,0.04766418333333333,0.020101441666666667,0.05762839499999999,0.04455776200000001,0.05553839000000001,0.032539559,0.055172820000000004,0.05135502666666667,0.023442214666666666,0.027864988666666667,0.05267757666666666,0.051019579333333336,0.048764803,0.029150432,0.04280228333333334,0.05126911433333333,0.038478668,0.05213019333333334,0.03580412466666667,0.04570115633333334,0.032176121333333335,0.028398655,0.05670871,0.05644747533333334,0.028525843333333332,0.028193011,0.03367247833333333,0.04052985533333334,0.041332216666666664,0.028980328333333336,0.057244409999999996,0.04673678766666667,0.04490734666666666,0.03235136666666667,0.030130515,0.0430724,0.053240559666666666,0.056514996666666664,0.034380603,0.03500089,0.041379118000000006,0.04764893866666666,0.055638083,0.02940682966666667,0.051223598333333335,0.05019724999999999,0.04737853666666667,0.04458633333333333,0.050102182333333335,0.052846739999999996,0.049906349333333336,0.04988063666666666,0.043412239000000005,0.04781583166666667,0.045956608333333336,0.04666828533333334,0.04766418333333333,0.04455776200000001,0.051019579333333336,0.048764803,0.05126911433333333,0.04570115633333334,0.04673678766666667,0.04490734666666666,0.04764893866666666
4,0.012212530666666666,0.037020794333333336,0.022062941,0.03151890633333333,1.9868214999999996e-09,0.019608851333333333,0.021587962000000002,0.01682881133333333,0.03379119466666667,0.029053380000000004,0.018543982666666667,0.025166609,0.03620959866666666,0.02858816366666667,0.02974714,0.021952828,0.028334858,0.01782404,0.03558130066666667,0.035839021666666665,0.030964187666666664,0.035487363333333334,0.03674743166666667,0.030213914333333335,0.02673103,0.024313567,0.026048767333333334,0.04004965566666666,0.02918724433333333,0.02568610533333333,0.03447970533333334,0.041529386666666675,0.02853435333333333,0.040343415333333334,0.035908456666666665,0.041794785,0.042517877999999995,0.027627678666666666,0.05275736166666667,0.04920340166666667,0.05142015033333334,0.054861705,0.05634668,0.05444588866666667,0.055873325666666675,0.05205376533333334,0.05872942333333333,0.05399346666666667,0.05214901,0.05127774466666667,0.04903587833333334,0.054274225333333335,0.047386434666666664,0.05353004733333333,0.051724138333333336,0.05059899,0.05598691000000001,0.041253906666666666,0.048547184666666666,0.048583821666666666,0.05275736166666667,0.012212530666666666,0.04655716333333334,0.04920340166666667,0.05142015033333334,0.04895223133333334,0.035839021666666665,0.054861705,0.030964187666666664,0.035487363333333334,0.05634668,0.037020794333333336,0.05240392666666667,0.04950570866666667,0.022062941,0.03151890633333333,0.05444588866666667,0.03674743166666667,0.048302646666666664,1.9868214999999996e-09,0.019608851333333333,0.021587962000000002,0.030213914333333335,0.04981495466666666,0.01682881133333333,0.051063498,0.050390124333333335,0.03379119466666667,0.055873325666666675,0.02673103,0.04791588666666667,0.051817284,0.029053380000000004,0.05205376533333334,0.05048939966666667,0.05872942333333333,0.024313567,0.05399346666666667,0.05214901,0.018543982666666667,0.025166609,0.05127774466666667,0.051529358,0.048044316000000004,0.03620959866666666,0.026048767333333334,0.05061738333333333,0.04004965566666666,0.04903587833333334,0.02918724433333333,0.05225975333333334,0.02858816366666667,0.02974714,0.054274225333333335,0.047386434666666664,0.021952828,0.02568610533333333,0.028334858,0.03447970533333334,0.041529386666666675,0.01782404,0.05353004733333333,0.050648995333333335,0.049358468,0.03558130066666667,0.02853435333333333,0.040343415333333334,0.051724138333333336,0.05059899,0.035908456666666665,0.041794785,0.042517877999999995,0.049311908,0.05598691000000001,0.027627678666666666,0.041253906666666666,0.048547184666666666,0.048583821666666666,0.04655716333333334,0.04895223133333334,0.05240392666666667,0.04950570866666667,0.048302646666666664,0.04981495466666666,0.051063498,0.050390124333333335,0.04791588666666667,0.051817284,0.05048939966666667,0.051529358,0.048044316000000004,0.05061738333333333,0.05225975333333334,0.050648995333333335,0.049358468,0.049311908
5,0.017809307333333333,0.032962671666666665,0.013443636466666666,0.029132058,0.019608851333333333,1.5894571999999997e-08,0.027944366,0.008980621833333334,0.033489601333333334,0.024072378999999998,0.008642568333333333,0.020046265666666667,0.033538581666666664,0.027697394333333337,0.033333551,0.007682895666666666,0.031676125666666666,0.021589415999999997,0.03735945833333333,0.04624112633333333,0.036896036,0.03985095633333333,0.046619391999999996,0.03833275199999999,0.040017701,0.03679325666666666,0.03806177833333333,0.045914854666666664,0.03709592233333334,0.033332766666666666,0.043827285333333334,0.047816276666666664,0.034348231666666666,0.048891284666666666,0.04057938866666667,0.04427188233333334,0.0484592,0.034428335666666664,0.04822091233333333,0.05256007,0.05467546,0.05710204533333333,0.055578948333333336,0.053471262,0.055666111,0.05410116166666666,0.05782625266666666,0.05165065766666667,0.04872207466666667,0.04969142666666667,0.051937379,0.05189023333333333,0.05096124033333333,0.052897055,0.05100515133333334,0.052549646666666665,0.057084771333333326,0.04406880333333333,0.049309693333333335,0.053682935333333334,0.04822091233333333,0.017809307333333333,0.04715497333333333,0.05256007,0.05467546,0.04970677,0.04624112633333333,0.05710204533333333,0.036896036,0.03985095633333333,0.055578948333333336,0.032962671666666665,0.05413482166666667,0.05018329833333334,0.013443636466666666,0.029132058,0.053471262,0.046619391999999996,0.050683556,0.019608851333333333,1.5894571999999997e-08,0.027944366,0.03833275199999999,0.05327174,0.008980621833333334,0.05094702633333334,0.05146784866666666,0.033489601333333334,0.055666111,0.040017701,0.04724516433333334,0.05121186766666667,0.024072378999999998,0.05410116166666666,0.05188362866666667,0.05782625266666666,0.03679325666666666,0.05165065766666667,0.04872207466666667,0.008642568333333333,0.020046265666666667,0.04969142666666667,0.05126203666666666,0.049603173333333334,0.033538581666666664,0.03806177833333333,0.04914199466666667,0.045914854666666664,0.051937379,0.03709592233333334,0.055236744666666664,0.027697394333333337,0.033333551,0.05189023333333333,0.05096124033333333,0.007682895666666666,0.033332766666666666,0.031676125666666666,0.043827285333333334,0.047816276666666664,0.021589415999999997,0.052897055,0.05490547233333334,0.049460767,0.03735945833333333,0.034348231666666666,0.048891284666666666,0.05100515133333334,0.052549646666666665,0.04057938866666667,0.04427188233333334,0.0484592,0.04815983000000001,0.057084771333333326,0.034428335666666664,0.04406880333333333,0.049309693333333335,0.053682935333333334,0.04715497333333333,0.04970677,0.05413482166666667,0.05018329833333334,0.050683556,0.05327174,0.05094702633333334,0.05146784866666666,0.04724516433333334,0.05121186766666667,0.05188362866666667,0.05126203666666666,0.049603173333333334,0.04914199466666667,0.055236744666666664,0.05490547233333334,0.049460767,0.04815983000000001
6,0.02488836933333333,0.037055579000000005,0.026437496999999997,0.02811516666666667,0.021587962000000002,0.027944366,0.0,0.02773533066666667,0.02482763333333333,0.02694234233333333,0.02776174333333333,0.03240105733333333,0.033878574333333335,0.028387551666666667,0.018539516333333332,0.032756209333333335,0.021855024333333337,0.027213661,0.025857888,0.03603333500000001,0.028339068000000005,0.026522538333333335,0.034217532333333335,0.023208337666666665,0.026279175666666665,0.026705487666666663,0.03379410566666666,0.032726112999999994,0.025562138333333328,0.022866863,0.03734490133333333,0.035250633999999996,0.020095366,0.038455536666666665,0.028640069666666663,0.037765171,0.03550538166666666,0.025197399000000002,0.05253206833333334,0.04981793833333333,0.051790146,0.05469230433333334,0.055930669999999995,0.05272514,0.05500717833333334,0.04914482333333334,0.05797364,0.05330699466666666,0.051920822,0.050022948,0.05064145666666667,0.05175087899999999,0.05126473166666667,0.053398261999999995,0.050025634333333326,0.050023979999999996,0.05387086333333334,0.042489463,0.05487094199999999,0.042480103,0.05253206833333334,0.02488836933333333,0.04838613566666667,0.04981793833333333,0.051790146,0.055680150000000005,0.03603333500000001,0.05469230433333334,0.028339068000000005,0.026522538333333335,0.055930669999999995,0.037055579000000005,0.056604335,0.043307250000000005,0.026437496999999997,0.02811516666666667,0.05272514,0.034217532333333335,0.053607851666666664,0.021587962000000002,0.027944366,0.0,0.023208337666666665,0.045342024333333335,0.02773533066666667,0.044172521,0.04769270666666667,0.02482763333333333,0.05500717833333334,0.026279175666666665,0.04152654666666667,0.047444531,0.02694234233333333,0.04914482333333334,0.05189135533333333,0.05797364,0.026705487666666663,0.05330699466666666,0.051920822,0.02776174333333333,0.03240105733333333,0.050022948,0.04409317199999999,0.05223029666666667,0.033878574333333335,0.03379410566666666,0.04531519533333334,0.032726112999999994,0.05064145666666667,0.025562138333333328,0.05570294,0.028387551666666667,0.018539516333333332,0.05175087899999999,0.05126473166666667,0.032756209333333335,0.022866863,0.021855024333333337,0.03734490133333333,0.035250633999999996,0.027213661,0.053398261999999995,0.05441832866666667,0.04720034233333334,0.025857888,0.020095366,0.038455536666666665,0.050025634333333326,0.050023979999999996,0.028640069666666663,0.037765171,0.03550538166666666,0.041970431333333336,0.05387086333333334,0.025197399000000002,0.042489463,0.05487094199999999,0.042480103,0.04838613566666667,0.055680150000000005,0.056604335,0.043307250000000005,0.053607851666666664,0.045342024333333335,0.044172521,0.04769270666666667,0.04152654666666667,0.047444531,0.05189135533333333,0.04409317199999999,0.05223029666666667,0.04531519533333334,0.05570294,0.05441832866666667,0.04720034233333334,0.041970431333333336
7,0.013041105,0.032072808,0.014596446333333334,0.02834677266666667,0.01682881133333333,0.008980621833333334,0.02773533066666667,1.9868214999999996e-09,0.029527437333333333,0.024684516333333333,0.008699319666666667,0.016746123666666668,0.031621908666666664,0.025843165333333338,0.033178,0.008239573133333334,0.03417488166666667,0.014514982666666666,0.037086636666666666,0.04267154533333333,0.037264958333333334,0.039886097999999995,0.044462157666666675,0.03894159366666667,0.035603656666666664,0.03587901333333333,0.03381307,0.043439699,0.03644277333333334,0.034184561,0.04144586666666667,0.045019887,0.034858028000000006,0.04617896866666667,0.03997828333333333,0.045981323666666664,0.045522031,0.03318626,0.052926701,0.05510957466666667,0.05650360866666667,0.057650356666666666,0.05805744166666667,0.05705332,0.05781233333333334,0.056256021,0.059758500000000006,0.05506920433333334,0.053316583333333334,0.054707338333333334,0.053175665000000004,0.055579722000000005,0.054412514,0.055439722,0.05367798333333333,0.053852426666666675,0.05924851233333333,0.04859399600000001,0.05104894233333333,0.05250283566666667,0.052926701,0.013041105,0.05092134,0.05510957466666667,0.05650360866666667,0.05165439,0.04267154533333333,0.057650356666666666,0.037264958333333334,0.039886097999999995,0.05805744166666667,0.032072808,0.05493347666666667,0.05220312566666667,0.014596446333333334,0.02834677266666667,0.05705332,0.044462157666666675,0.05200999966666667,0.01682881133333333,0.008980621833333334,0.02773533066666667,0.03894159366666667,0.052421361666666666,1.9868214999999996e-09,0.05314932000000001,0.05317972000000001,0.029527437333333333,0.05781233333333334,0.035603656666666664,0.04971704466666667,0.05191835866666667,0.024684516333333333,0.056256021,0.05442620333333334,0.059758500000000006,0.03587901333333333,0.05506920433333334,0.053316583333333334,0.008699319666666667,0.016746123666666668,0.054707338333333334,0.053178729333333334,0.05189703466666666,0.031621908666666664,0.03381307,0.052033743333333334,0.043439699,0.053175665000000004,0.03644277333333334,0.05668125333333333,0.025843165333333338,0.033178,0.055579722000000005,0.054412514,0.008239573133333334,0.034184561,0.03417488166666667,0.04144586666666667,0.045019887,0.014514982666666666,0.055439722,0.055284713,0.05319623666666667,0.037086636666666666,0.034858028000000006,0.04617896866666667,0.05367798333333333,0.053852426666666675,0.03997828333333333,0.045981323666666664,0.045522031,0.05058464533333333,0.05924851233333333,0.03318626,0.04859399600000001,0.05104894233333333,0.05250283566666667,0.05092134,0.05165439,0.05493347666666667,0.05220312566666667,0.05200999966666667,0.052421361666666666,0.05314932000000001,0.05317972000000001,0.04971704466666667,0.05191835866666667,0.05442620333333334,0.053178729333333334,0.05189703466666666,0.052033743333333334,0.05668125333333333,0.055284713,0.05319623666666667,0.05058464533333333
8,0.029164042,0.024409083666666668,0.02861468766666667,0.022999193333333334,0.03379119466666667,0.033489601333333334,0.02482763333333333,0.029527437333333333,0.0,0.027127112999999998,0.029962438333333334,0.035225792,0.025984414666666667,0.03008366033333333,0.025631543,0.032651707999999995,0.03397496766666667,0.02488007366666667,0.03323072,0.034880122000000006,0.035966889999999994,0.03007552,0.03418049433333333,0.029391364333333336,0.03208919166666667,0.030702076333333335,0.032670611,0.027147062999999996,0.031265211,0.031155956,0.03154706166666667,0.034296918,0.029022473,0.033953095,0.030356998666666666,0.03293596433333333,0.030215418333333334,0.026837333333333335,0.055411914666666666,0.054545727999999995,0.056582686666666666,0.058252268,0.05739979,0.05335555566666667,0.05510970333333333,0.05268847,0.05662843566666667,0.055700555000000006,0.055063442000000004,0.05580012533333334,0.05445978666666666,0.05768493833333333,0.056713517666666664,0.0566088,0.055127538000000004,0.05665069833333334,0.054896128,0.05151858333333334,0.053485755333333336,0.042769578,0.055411914666666666,0.029164042,0.05078566233333334,0.054545727999999995,0.056582686666666666,0.05139371,0.034880122000000006,0.058252268,0.035966889999999994,0.03007552,0.05739979,0.024409083666666668,0.05456195866666667,0.048731729999999994,0.02861468766666667,0.022999193333333334,0.05335555566666667,0.03418049433333333,0.049643136666666664,0.03379119466666667,0.033489601333333334,0.02482763333333333,0.029391364333333336,0.04695911,0.029527437333333333,0.04751915666666666,0.046508034666666656,0.0,0.05510970333333333,0.03208919166666667,0.04788905833333333,0.04855122966666667,0.027127112999999998,0.05268847,0.046316722000000005,0.05662843566666667,0.030702076333333335,0.055700555000000006,0.055063442000000004,0.029962438333333334,0.035225792,0.05580012533333334,0.049514653,0.05129718466666667,0.025984414666666667,0.032670611,0.05072716666666666,0.027147062999999996,0.05445978666666666,0.031265211,0.04674293533333333,0.03008366033333333,0.025631543,0.05768493833333333,0.056713517666666664,0.032651707999999995,0.031155956,0.03397496766666667,0.03154706166666667,0.034296918,0.02488007366666667,0.0566088,0.045825485000000006,0.041223959,0.03323072,0.029022473,0.033953095,0.055127538000000004,0.05665069833333334,0.030356998666666666,0.03293596433333333,0.030215418333333334,0.050331545,0.054896128,0.026837333333333335,0.05151858333333334,0.053485755333333336,0.042769578,0.05078566233333334,0.05139371,0.05456195866666667,0.048731729999999994,0.049643136666666664,0.04695911,0.04751915666666666,0.046508034666666656,0.04788905833333333,0.04855122966666667,0.046316722000000005,0.049514653,0.05129718466666667,0.05072716666666666,0.04674293533333333,0.045825485000000006,0.041223959,0.050331545
9,0.02743242233333333,0.01727069,0.027043376666666667,0.020101441666666667,0.029053380000000004,0.024072378999999998,0.02694234233333333,0.024684516333333333,0.027127112999999998,0.0,0.022616703999999998,0.03045478466666667,0.031239581000000002,0.024113573333333336,0.025829597333333336,0.02500149,0.03551531333333333,0.024432824,0.031062168000000005,0.042490295000000004,0.04380865999999999,0.03497345033333333,0.040871944,0.03271657833333333,0.034995377,0.03691398,0.038176085000000005,0.04206881833333333,0.03395890233333333,0.032068584,0.04178394333333334,0.04218797666666667,0.029774165000000002,0.042568187,0.03970081,0.04055329900000001,0.044320071,0.038337759333333325,0.04803701566666666,0.05499847733333333,0.05248007466666667,0.05682882,0.05161802233333333,0.049446365,0.05083069,0.05105241833333333,0.05340205533333333,0.04994613666666667,0.04713834833333334,0.04870718166666667,0.049524549999999994,0.047638788,0.052155028000000006,0.049946197000000005,0.051381536666666665,0.04980713333333333,0.05293937,0.047896455,0.05252358866666666,0.051389834333333335,0.04803701566666666,0.02743242233333333,0.053233028333333335,0.05499847733333333,0.05248007466666667,0.05213577333333333,0.042490295000000004,0.05682882,0.04380865999999999,0.03497345033333333,0.05161802233333333,0.01727069,0.055240575,0.04789911833333334,0.027043376666666667,0.020101441666666667,0.049446365,0.040871944,0.053077809000000004,0.029053380000000004,0.024072378999999998,0.02694234233333333,0.03271657833333333,0.05210636466666666,0.024684516333333333,0.04822350899999999,0.052515176999999996,0.027127112999999998,0.05083069,0.034995377,0.05089007,0.05092015766666667,0.0,0.05105241833333333,0.051547492,0.05340205533333333,0.03691398,0.04994613666666667,0.04713834833333334,0.022616703999999998,0.03045478466666667,0.04870718166666667,0.05134623333333333,0.05363909866666667,0.031239581000000002,0.038176085000000005,0.05157805666666667,0.04206881833333333,0.049524549999999994,0.03395890233333333,0.05386565733333334,0.024113573333333336,0.025829597333333336,0.047638788,0.052155028000000006,0.02500149,0.032068584,0.03551531333333333,0.04178394333333334,0.04218797666666667,0.024432824,0.049946197000000005,0.048507521,0.05177861833333333,0.031062168000000005,0.029774165000000002,0.042568187,0.051381536666666665,0.04980713333333333,0.03970081,0.04055329900000001,0.044320071,0.047777736333333334,0.05293937,0.038337759333333325,0.047896455,0.05252358866666666,0.051389834333333335,0.053233028333333335,0.05213577333333333,0.055240575,0.04789911833333334,0.053077809000000004,0.05210636466666666,0.04822350899999999,0.052515176999999996,0.05089007,0.05092015766666667,0.051547492,0.05134623333333333,0.05363909866666667,0.05157805666666667,0.05386565733333334,0.048507521,0.05177861833333333,0.047777736333333334
10,0.012288870333333334,0.025683178333333334,0.019310609666666666,0.023442214666666666,0.018543982666666667,0.008642568333333333,0.02776174333333333,0.008699319666666667,0.029962438333333334,0.022616703999999998,1.9868214999999996e-09,0.016496954,0.0339526,0.030523937666666667,0.03317360833333333,0.0059482553333333335,0.035521924999999996,0.019809909333333334,0.037700655,0.04124941866666667,0.034821736666666665,0.03730780266666667,0.04380269866666667,0.034286719,0.03429115333333333,0.03396846666666667,0.03724099333333333,0.039674728666666666,0.033560741,0.02941786866666667,0.03940040999999999,0.04247451033333333,0.032348228,0.04542682433333334,0.03621713,0.040528598666666665,0.04263418466666667,0.030044118666666668,0.04947536566666667,0.05447454333333333,0.05593923166666667,0.058119335333333334,0.05557743766666667,0.05262982533333334,0.05475133200000001,0.055759905000000005,0.05614140866666666,0.05193688666666666,0.049529442,0.052277215,0.052220369,0.053214698,0.05194439,0.05298855533333334,0.05303682333333333,0.053976611333333334,0.05561468566666667,0.04600125333333334,0.050003202000000004,0.051498372,0.04947536566666667,0.012288870333333334,0.04770257,0.05447454333333333,0.05593923166666667,0.05099891166666667,0.04124941866666667,0.058119335333333334,0.034821736666666665,0.03730780266666667,0.05557743766666667,0.025683178333333334,0.05315292333333333,0.04993239333333334,0.019310609666666666,0.023442214666666666,0.05262982533333334,0.04380269866666667,0.051820829,0.018543982666666667,0.008642568333333333,0.02776174333333333,0.034286719,0.050721001666666675,0.008699319666666667,0.05018790833333333,0.050739247666666674,0.029962438333333334,0.05475133200000001,0.03429115333333333,0.04735079333333334,0.05111775799999999,0.022616703999999998,0.055759905000000005,0.050119386,0.05614140866666666,0.03396846666666667,0.05193688666666666,0.049529442,1.9868214999999996e-09,0.016496954,0.052277215,0.05042342833333334,0.051721660333333336,0.0339526,0.03724099333333333,0.049551043333333336,0.039674728666666666,0.052220369,0.033560741,0.05280853466666667,0.030523937666666667,0.03317360833333333,0.053214698,0.05194439,0.0059482553333333335,0.02941786866666667,0.035521924999999996,0.03940040999999999,0.04247451033333333,0.019809909333333334,0.05298855533333334,0.052376081,0.04791984466666667,0.037700655,0.032348228,0.04542682433333334,0.05303682333333333,0.053976611333333334,0.03621713,0.040528598666666665,0.04263418466666667,0.048468721666666666,0.05561468566666667,0.030044118666666668,0.04600125333333334,0.050003202000000004,0.051498372,0.04770257,0.05099891166666667,0.05315292333333333,0.04993239333333334,0.051820829,0.050721001666666675,0.05018790833333333,0.050739247666666674,0.04735079333333334,0.05111775799999999,0.050119386,0.05042342833333334,0.051721660333333336,0.049551043333333336,0.05280853466666667,0.052376081,0.04791984466666667,0.048468721666666666
11,0.020147431333333337,0.030973467999999997,0.024425043666666667,0.027864988666666667,0.025166609,0.020046265666666667,0.03240105733333333,0.016746123666666668,0.035225792,0.03045478466666667,0.016496954,3.973642999999999e-09,0.03885528333333334,0.032722092,0.03722101,0.020019575,0.03993097933333334,0.026257209,0.03843507333333333,0.03683900433333333,0.03383637266666666,0.035746613999999996,0.038676685333333335,0.03664076833333333,0.032629123333333336,0.031673854666666675,0.03627599,0.038836294,0.03372772933333334,0.034410387333333334,0.03665665566666667,0.037579096666666666,0.03568923166666667,0.041627583333333336,0.03646798466666666,0.039080919,0.04390214333333334,0.030756505666666663,0.049649105,0.055432068,0.056647951999999994,0.05839539666666667,0.056184493333333335,0.05379536966666666,0.05631179533333334,0.057652963999999994,0.057897575666666666,0.054603145,0.05407976233333334,0.05213663166666667,0.053288119,0.055367691999999996,0.054275340000000005,0.053774633,0.054406384999999995,0.05503482033333333,0.058418991333333344,0.048892561333333334,0.05467990166666666,0.05156654833333333,0.049649105,0.020147431333333337,0.05032887866666667,0.055432068,0.056647951999999994,0.05146047066666667,0.03683900433333333,0.05839539666666667,0.03383637266666666,0.035746613999999996,0.056184493333333335,0.030973467999999997,0.05788914,0.05177294166666666,0.024425043666666667,0.027864988666666667,0.05379536966666666,0.038676685333333335,0.05583436,0.025166609,0.020046265666666667,0.03240105733333333,0.03664076833333333,0.04622075999999999,0.016746123666666668,0.05190790766666666,0.049293163333333334,0.035225792,0.05631179533333334,0.032629123333333336,0.04614832866666666,0.04909222466666666,0.03045478466666667,0.057652963999999994,0.05190687166666666,0.057897575666666666,0.031673854666666675,0.054603145,0.05407976233333334,0.016496954,3.973642999999999e-09,0.05213663166666667,0.05229144166666667,0.05483039333333333,0.03885528333333334,0.03627599,0.049640743,0.038836294,0.053288119,0.03372772933333334,0.057168110333333334,0.032722092,0.03722101,0.055367691999999996,0.054275340000000005,0.020019575,0.034410387333333334,0.03993097933333334,0.03665665566666667,0.037579096666666666,0.026257209,0.053774633,0.05353649866666667,0.05327782233333333,0.03843507333333333,0.03568923166666667,0.041627583333333336,0.054406384999999995,0.05503482033333333,0.03646798466666666,0.039080919,0.04390214333333334,0.051281449,0.058418991333333344,0.030756505666666663,0.048892561333333334,0.05467990166666666,0.05156654833333333,0.05032887866666667,0.05146047066666667,0.05788914,0.05177294166666666,0.05583436,0.04622075999999999,0.05190790766666666,0.049293163333333334,0.04614832866666666,0.04909222466666666,0.05190687166666666,0.05229144166666667,0.05483039333333333,0.049640743,0.057168110333333334,0.05353649866666667,0.05327782233333333,0.051281449
12,0.03359705333333333,0.030774450000000002,0.03150258733333333,0.029150432,0.03620959866666666,0.033538581666666664,0.033878574333333335,0.031621908666666664,0.025984414666666667,0.031239581000000002,0.0339526,0.03885528333333334,0.0,0.031371168,0.03519574666666667,0.034785271,0.03221902000000001,0.030697621999999997,0.03692144866666667,0.04670643433333333,0.041100553666666664,0.047765215,0.04402640833333334,0.04425986333333333,0.039403629,0.04108979833333333,0.039166061333333335,0.04370233566666667,0.049103156999999995,0.04478955333333333,0.04565743766666667,0.04650527166666666,0.043090053333333336,0.048375166666666664,0.045082454999999994,0.046915418,0.045013601,0.042159205333333345,0.05590351166666667,0.053994098,0.05827963333333333,0.05570442133333334,0.05848698333333333,0.05592027333333333,0.057090703666666666,0.05367092,0.05800333666666667,0.056089146666666666,0.053255548,0.05593237499999999,0.05293855066666667,0.055362136666666666,0.05566112666666667,0.056961801333333326,0.05284489366666666,0.05611228666666667,0.05771214566666667,0.05199541666666666,0.040887001,0.038286676666666665,0.05590351166666667,0.03359705333333333,0.04193279333333333,0.053994098,0.05827963333333333,0.043921500333333335,0.04670643433333333,0.05570442133333334,0.041100553666666664,0.047765215,0.05848698333333333,0.030774450000000002,0.04463238533333334,0.04482029333333334,0.03150258733333333,0.029150432,0.05592027333333333,0.04402640833333334,0.03968691,0.03620959866666666,0.033538581666666664,0.033878574333333335,0.04425986333333333,0.04223939866666667,0.031621908666666664,0.04450001533333334,0.04446115,0.025984414666666667,0.057090703666666666,0.039403629,0.04183273133333333,0.04383903866666667,0.031239581000000002,0.05367092,0.04512926,0.05800333666666667,0.04108979833333333,0.056089146666666666,0.053255548,0.0339526,0.03885528333333334,0.05593237499999999,0.047599905,0.037782771666666666,0.0,0.039166061333333335,0.047539969333333335,0.04370233566666667,0.05293855066666667,0.049103156999999995,0.04514861700000001,0.031371168,0.03519574666666667,0.055362136666666666,0.05566112666666667,0.034785271,0.04478955333333333,0.03221902000000001,0.04565743766666667,0.04650527166666666,0.030697621999999997,0.056961801333333326,0.04575480666666666,0.04248236166666666,0.03692144866666667,0.043090053333333336,0.048375166666666664,0.05284489366666666,0.05611228666666667,0.045082454999999994,0.046915418,0.045013601,0.041390503333333335,0.05771214566666667,0.042159205333333345,0.05199541666666666,0.040887001,0.038286676666666665,0.04193279333333333,0.043921500333333335,0.04463238533333334,0.04482029333333334,0.03968691,0.04223939866666667,0.04450001533333334,0.04446115,0.04183273133333333,0.04383903866666667,0.04512926,0.047599905,0.037782771666666666,0.047539969333333335,0.04514861700000001,0.04575480666666666,0.04248236166666666,0.041390503333333335
