,omer_02.jpg,tal_05.jpg,omer_07.jpg,tal_06.jpg,omer_06.jpg,omer_08.jpg,tal_01.jpg,omer_03.jpg,tal_07.jpg,tal_03.jpg,omer_04.jpg,omer_10.jpg,tal_09.jpg,tal_02.jpg,tal_08.jpg,omer_09.jpg,tal_10.jpg,omer_05.jpg,tal_04.jpg,matt_04.jpg,dom_10.jpg,dom_05.jpg,matt_08.jpg,dom_04.jpg,matt_02.jpg,matt_07.jpg,matt_06.jpg,matt_05.jpg,dom_07.jpg,dom_03.jpg,matt_03.jpg,matt_01.jpg,dom_06.jpg,matt_10.jpg,dom_01.jpg,dom_09.jpg,matt_09.jpg,dom_02.jpg,tess_03.jpg,taz_06.jpg,taz_04.jpg,taz_03.jpg,tess_01.jpg,tess_07.jpg,tess_05.jpg,taz_05.jpg,tess_02.jpg,tess_09.jpg,tess_06.jpg,taz_07.jpg,taz_02.jpg,tess_04.jpg,taz_09.jpg,tess_08.jpg,taz_08.jpg,taz_01.jpg,tess_10.jpg,taz_10.jpg,marina_07.jpg,tamar_04.jpg,tess_03.jpg.1,omer_02.jpg.1,marina_04.jpg,taz_06.jpg.1,taz_04.jpg.1,marina_01.jpg,matt_04.jpg.1,taz_03.jpg.1,dom_10.jpg.1,dom_05.jpg.1,tess_01.jpg.1,tal_05.jpg.1,marina_06.jpg,tamar_09.jpg,omer_07.jpg.1,tal_06.jpg.1,tess_07.jpg.1,matt_08.jpg.1,marina_08.jpg,omer_06.jpg.1,omer_08.jpg.1,tal_01.jpg.1,dom_04.jpg.1,tamar_10.jpg,omer_03.jpg.1,tamar_02.jpg,tamar_05.jpg,tal_07.jpg.1,tess_05.jpg.1,matt_02.jpg.1,tamar_07.jpg,tamar_03.jpg,tal_03.jpg.1,taz_05.jpg.1,marina_09.jpg,tess_02.jpg.1,matt_07.jpg.1,tess_09.jpg.1,tess_06.jpg.1,omer_04.jpg.1,omer_10.jpg.1,taz_07.jpg.1,tamar_01.jpg,marina_10.jpg,tal_09.jpg.1,matt_06.jpg.1,tamar_06.jpg,matt_05.jpg.1,taz_02.jpg.1,dom_07.jpg.1,marina_05.jpg,tal_02.jpg.1,tal_08.jpg.1,tess_04.jpg.1,taz_09.jpg.1,omer_09.jpg.1,dom_03.jpg.1,tal_10.jpg.1,matt_03.jpg.1,matt_01.jpg.1,omer_05.jpg.1,tess_08.jpg.1,marina_02.jpg,marina_03.jpg,tal_04.jpg.1,dom_06.jpg.1,matt_10.jpg.1,taz_08.jpg.1,taz_01.jpg.1,dom_01.jpg.1,dom_09.jpg.1,matt_09.jpg.1,tamar_08.jpg,tess_10.jpg.1,dom_02.jpg.1,taz_10.jpg.1,marina_07.jpg.1,tamar_04.jpg.1,marina_04.jpg.1,marina_01.jpg.1,marina_06.jpg.1,tamar_09.jpg.1,marina_08.jpg.1,tamar_10.jpg.1,tamar_02.jpg.1,tamar_05.jpg.1,tamar_07.jpg.1,tamar_03.jpg.1,marina_09.jpg.1,tamar_01.jpg.1,marina_10.jpg.1,tamar_06.jpg.1,marina_05.jpg.1,marina_02.jpg.1,marina_03.jpg.1,tamar_08.jpg.1
0,0.0,0.023650572666666664,0.019175567333333334,0.02767051933333333,0.013219964499999999,0.018864395333333332,0.022056867333333334,0.02207647,0.006000187,0.023292390333333333,0.00576032,0.025647338333333332,0.02872300733333333,0.006463301066666666,0.011801703666666667,0.023467047999999997,0.028422352666666664,0.022854099666666666,0.009770814533333333,0.0031777502333333336,0.023132760666666665,0.016432361,0.014883085166666666,0.017550264,0.017785437666666667,0.030188849333333337,0.012689864666666665,0.012597091999999999,0.015588544333333334,0.020915334,0.007863321,0.021301992666666665,0.01459229,0.007195951666666667,0.004910164999999999,0.0026917119666666667,0.008105621666666667,0.023056753666666666,0.014703742666666667,0.019515605666666665,0.015000303333333333,0.015347252333333334,0.014146232666666666,0.012957016533333332,0.017088276000000003,0.016461297,0.014651454,0.014148154,0.019209106666666663,0.009271107,0.023749244333333332,0.024733904000000004,0.021248936666666666,0.009913404666666665,0.012188395,0.013582621,0.030977878666666667,0.0072712581,0.02586938433333334,0.017910862000000003,0.014703742666666667,0.0,0.02721277133333333,0.019515605666666665,0.015000303333333333,0.03538811933333333,0.0031777502333333336,0.015347252333333334,0.023132760666666665,0.016432361,0.014146232666666666,0.023650572666666664,0.025906372,0.016742287,0.019175567333333334,0.02767051933333333,0.012957016533333332,0.014883085166666666,0.028591918666666667,0.013219964499999999,0.018864395333333332,0.022056867333333334,0.017550264,0.030692041,0.02207647,0.021319987333333335,0.02807835533333333,0.006000187,0.017088276000000003,0.017785437666666667,0.020217752666666665,0.020928321333333333,0.023292390333333333,0.016461297,0.040830278000000005,0.014651454,0.030188849333333337,0.014148154,0.019209106666666663,0.00576032,0.025647338333333332,0.009271107,0.02305922733333333,0.028526535333333335,0.02872300733333333,0.012689864666666665,0.030552973333333334,0.012597091999999999,0.023749244333333332,0.015588544333333334,0.025499135333333336,0.006463301066666666,0.011801703666666667,0.024733904000000004,0.021248936666666666,0.023467047999999997,0.020915334,0.028422352666666664,0.007863321,0.021301992666666665,0.022854099666666666,0.009913404666666665,0.024294333,0.022379487333333333,0.009770814533333333,0.01459229,0.007195951666666667,0.012188395,0.013582621,0.004910164999999999,0.0026917119666666667,0.008105621666666667,0.019185861000000002,0.030977878666666667,0.023056753666666666,0.0072712581,0.02586938433333334,0.017910862000000003,0.02721277133333333,0.03538811933333333,0.025906372,0.016742287,0.028591918666666667,0.030692041,0.021319987333333335,0.02807835533333333,0.020217752666666665,0.020928321333333333,0.040830278000000005,0.02305922733333333,0.028526535333333335,0.030552973333333334,0.025499135333333336,0.024294333,0.022379487333333333,0.019185861000000002
1,0.023650572666666664,1.9868214999999996e-09,0.03253969266666667,0.031406102666666665,0.033437371,0.035405113333333335,0.035171263333333334,0.030111577,0.03231164733333333,0.02688418633333333,0.024133549,0.013732423333333332,0.010952248000000001,0.024801314,0.034492687333333334,0.028677463333333333,0.034277916,0.02784331,0.021264315,0.024173657,0.031337595333333336,0.037308466666666665,0.02789470766666667,0.009727668666666666,0.030017848666666666,0.023790345333333334,0.037164658333333336,0.03662639599999999,0.03232806466666667,0.034870639999999994,0.03354909833333333,0.033470804,0.03729545133333333,0.034967828,0.019437553666666666,0.021050832333333335,0.018095441833333333,0.030490648666666665,0.034726954000000004,0.025825389333333334,0.017291329333333334,0.024544888666666664,0.021922127333333333,0.035223947,0.026683974333333336,0.033186879333333336,0.017302239,0.03465281,0.01878857633333333,0.02565534666666667,0.019623440666666665,0.027567197999999998,0.029530443333333333,0.031744430000000004,0.027848386666666666,0.028862706666666668,0.027802404000000003,0.028152875,0.03146789266666667,0.026960032333333335,0.034726954000000004,0.023650572666666664,0.027097735666666668,0.025825389333333334,0.017291329333333334,0.021405752666666666,0.024173657,0.024544888666666664,0.031337595333333336,0.037308466666666665,0.021922127333333333,1.9868214999999996e-09,0.017283666333333333,0.028746591000000002,0.03253969266666667,0.031406102666666665,0.035223947,0.02789470766666667,0.029289631333333333,0.033437371,0.035405113333333335,0.035171263333333334,0.009727668666666666,0.027409046666666666,0.030111577,0.020534479666666668,0.023022502666666667,0.03231164733333333,0.026683974333333336,0.030017848666666666,0.027321585,0.024055862333333334,0.02688418633333333,0.033186879333333336,0.023284997666666665,0.017302239,0.023790345333333334,0.03465281,0.01878857633333333,0.024133549,0.013732423333333332,0.02565534666666667,0.023829424,0.019889017000000002,0.010952248000000001,0.037164658333333336,0.025650538999999997,0.03662639599999999,0.019623440666666665,0.03232806466666667,0.023266268,0.024801314,0.034492687333333334,0.027567197999999998,0.029530443333333333,0.028677463333333333,0.034870639999999994,0.034277916,0.03354909833333333,0.033470804,0.02784331,0.031744430000000004,0.011319156666666667,0.034801084,0.021264315,0.03729545133333333,0.034967828,0.027848386666666666,0.028862706666666668,0.019437553666666666,0.021050832333333335,0.018095441833333333,0.022906277333333332,0.027802404000000003,0.030490648666666665,0.028152875,0.03146789266666667,0.026960032333333335,0.027097735666666668,0.021405752666666666,0.017283666333333333,0.028746591000000002,0.029289631333333333,0.027409046666666666,0.020534479666666668,0.023022502666666667,0.027321585,0.024055862333333334,0.023284997666666665,0.023829424,0.019889017000000002,0.025650538999999997,0.023266268,0.011319156666666667,0.034801084,0.022906277333333332
2,0.019175567333333334,0.03253969266666667,0.0,0.009070007,0.014982298666666668,0.024586791,0.0131318132,0.008629795,0.018523403,0.013919778666666667,0.018798711000000003,0.025134619,0.03136018333333333,0.018756308,0.017249401333333334,0.01772894833333333,0.0198290805,0.013784804,0.014126235333333332,0.01896224233333333,0.019676904,0.021804990333333333,0.028933833333333332,0.026063345,0.017549012333333332,0.03739056166666667,0.017162557000000002,0.020193026666666666,0.027525886666666666,0.023967369000000002,0.017538032666666665,0.022401964666666666,0.023140732666666667,0.018861711,0.0176135,0.018611838333333335,0.020770722666666668,0.006426999966666667,0.013606230333333334,0.008624454466666666,0.022196318666666666,0.013437358666666668,0.012686228666666665,0.014078154333333334,0.0140604435,0.009927624333333334,0.019288514,0.013641057466666665,0.017759263333333334,0.013458037333333334,0.015334477000000003,0.031202532999999998,0.013130015333333333,0.0142420332,0.009081006,0.008827265166666666,0.013046556666666665,0.012045311999999999,0.0105276745,0.013626635333333333,0.013606230333333334,0.019175567333333334,0.013097125333333333,0.008624454466666666,0.022196318666666666,0.025161359666666668,0.01896224233333333,0.013437358666666668,0.019676904,0.021804990333333333,0.012686228666666665,0.03253969266666667,0.020833367333333335,0.011854062466666666,0.0,0.009070007,0.014078154333333334,0.028933833333333332,0.020326359999999998,0.014982298666666668,0.024586791,0.0131318132,0.026063345,0.015538317,0.008629795,0.018663968666666666,0.016098725666666664,0.018523403,0.0140604435,0.017549012333333332,0.010549726333333334,0.011934549,0.013919778666666667,0.009927624333333334,0.028518909,0.019288514,0.03739056166666667,0.013641057466666665,0.017759263333333334,0.018798711000000003,0.025134619,0.013458037333333334,0.012848303666666668,0.02660691533333333,0.03136018333333333,0.017162557000000002,0.014205676333333332,0.020193026666666666,0.015334477000000003,0.027525886666666666,0.017959846666666668,0.018756308,0.017249401333333334,0.031202532999999998,0.013130015333333333,0.01772894833333333,0.023967369000000002,0.0198290805,0.017538032666666665,0.022401964666666666,0.013784804,0.0142420332,0.026721541,0.009564278666666667,0.014126235333333332,0.023140732666666667,0.018861711,0.009081006,0.008827265166666666,0.0176135,0.018611838333333335,0.020770722666666668,0.015582576999999998,0.013046556666666665,0.006426999966666667,0.012045311999999999,0.0105276745,0.013626635333333333,0.013097125333333333,0.025161359666666668,0.020833367333333335,0.011854062466666666,0.020326359999999998,0.015538317,0.018663968666666666,0.016098725666666664,0.010549726333333334,0.011934549,0.028518909,0.012848303666666668,0.02660691533333333,0.014205676333333332,0.017959846666666668,0.026721541,0.009564278666666667,0.015582576999999998
3,0.02767051933333333,0.031406102666666665,0.009070007,5.960464333333333e-09,0.026537237666666665,0.039283901,0.020638016666666665,0.009494240999999999,0.03214787766666667,0.017848378399999996,0.030845224999999997,0.021606586333333334,0.032426964333333336,0.027815532666666667,0.030125062,0.0194253445,0.017477967,0.017344429,0.018876038,0.02700463133333333,0.017178923333333332,0.03786094366666667,0.04153186666666667,0.022115453000000004,0.026394264666666667,0.043755203666666666,0.03125030633333333,0.03548086833333333,0.041302932,0.03743937,0.03149589166666667,0.03277631166666666,0.03853887933333333,0.03229027333333333,0.02198955433333333,0.025792703333333333,0.025596837333333334,0.004868344333333333,0.025737532666666667,0.011260281166666667,0.03116578833333333,0.016986813333333333,0.018543280666666665,0.029340849333333332,0.017382014166666668,0.021324894666666663,0.016912345,0.02588581933333333,0.020764992333333333,0.021523837333333334,0.013880153666666667,0.04375367333333333,0.015887570533333333,0.027319617666666667,0.016977161,0.01656998,0.003900577666666667,0.024000241333333335,0.004575226700000001,0.011697576500000001,0.025737532666666667,0.02767051933333333,0.0035177986666666667,0.011260281166666667,0.03116578833333333,0.013566283333333333,0.02700463133333333,0.016986813333333333,0.017178923333333332,0.03786094366666667,0.018543280666666665,0.031406102666666665,0.014399415333333334,0.016243644666666668,0.009070007,5.960464333333333e-09,0.029340849333333332,0.04153186666666667,0.013038112666666667,0.026537237666666665,0.039283901,0.020638016666666665,0.022115453000000004,0.004648131166666666,0.009494240999999999,0.011896830666666665,0.007549206466666667,0.03214787766666667,0.017382014166666668,0.026394264666666667,0.006259707666666667,0.0074387410000000005,0.017848378399999996,0.021324894666666663,0.023584602333333333,0.016912345,0.043755203666666666,0.02588581933333333,0.020764992333333333,0.030845224999999997,0.021606586333333334,0.021523837333333334,0.007199639133333334,0.019155584,0.032426964333333336,0.03125030633333333,0.005745112833333333,0.03548086833333333,0.013880153666666667,0.041302932,0.009464772666666666,0.027815532666666667,0.030125062,0.04375367333333333,0.015887570533333333,0.0194253445,0.03743937,0.017477967,0.03149589166666667,0.03277631166666666,0.017344429,0.027319617666666667,0.027845842,0.015234518,0.018876038,0.03853887933333333,0.03229027333333333,0.016977161,0.01656998,0.02198955433333333,0.025792703333333333,0.025596837333333334,0.010019610333333335,0.003900577666666667,0.004868344333333333,0.024000241333333335,0.004575226700000001,0.011697576500000001,0.0035177986666666667,0.013566283333333333,0.014399415333333334,0.016243644666666668,0.013038112666666667,0.004648131166666666,0.011896830666666665,0.007549206466666667,0.006259707666666667,0.0074387410000000005,0.023584602333333333,0.007199639133333334,0.019155584,0.005745112833333333,0.009464772666666666,0.027845842,0.015234518,0.010019610333333335
4,0.013219964499999999,0.033437371,0.014982298666666668,0.026537237666666665,0.0,0.018997256333333334,0.011066552,0.025408328666666667,0.007978057666666667,0.011681022333333334,0.016170612666666667,0.034251984,0.030958221666666667,0.006532859866666667,0.0036088566,0.015405122333333333,0.019975986,0.024458923000000004,0.010104354333333334,0.011344826333333332,0.018540180199999996,0.016517112333333334,0.024645618666666664,0.027054737,0.010628684333333333,0.031544863000000006,0.005395780133333333,0.013470922,0.024251914333333336,0.01865053366666667,0.010349311533333332,0.02642441,0.013319975333333334,0.015552358,0.016208442,0.014109643199999999,0.021635256,0.02067039,0.0034373820099999996,0.020416263333333337,0.018641211333333334,0.008647046333333333,0.014628636666666667,0.010230231000000001,0.007201739333333333,0.008972285333333333,0.02222296333333333,0.0034998933,0.014871365,0.012716047449999998,0.021095121,0.027408516666666667,0.010358576133333334,0.005863914999999999,0.011401092733333335,0.008743031866666667,0.031521073999999996,0.0100034891,0.021606018999999997,0.019923512166666667,0.0034373820099999996,0.013219964499999999,0.027943261333333337,0.020416263333333337,0.018641211333333334,0.03422160466666667,0.011344826333333332,0.008647046333333333,0.018540180199999996,0.016517112333333334,0.014628636666666667,0.033437371,0.03192174033333333,0.008297626266666667,0.014982298666666668,0.026537237666666665,0.010230231000000001,0.024645618666666664,0.02317237333333333,0.0,0.018997256333333334,0.011066552,0.027054737,0.02887820866666667,0.025408328666666667,0.024728712333333333,0.0289029,0.007978057666666667,0.007201739333333333,0.010628684333333333,0.023429927666666666,0.02407721666666667,0.011681022333333334,0.008972285333333333,0.034491709999999995,0.02222296333333333,0.031544863000000006,0.0034998933,0.014871365,0.016170612666666667,0.034251984,0.012716047449999998,0.027669758000000003,0.025612646333333332,0.030958221666666667,0.005395780133333333,0.029988459666666672,0.013470922,0.021095121,0.024251914333333336,0.026359822333333338,0.006532859866666667,0.0036088566,0.027408516666666667,0.010358576133333334,0.015405122333333333,0.01865053366666667,0.019975986,0.010349311533333332,0.02642441,0.024458923000000004,0.005863914999999999,0.030909498,0.0094524305,0.010104354333333334,0.013319975333333334,0.015552358,0.011401092733333335,0.008743031866666667,0.016208442,0.014109643199999999,0.021635256,0.022752404333333334,0.031521073999999996,0.02067039,0.0100034891,0.021606018999999997,0.019923512166666667,0.027943261333333337,0.03422160466666667,0.03192174033333333,0.008297626266666667,0.02317237333333333,0.02887820866666667,0.024728712333333333,0.0289029,0.023429927666666666,0.02407721666666667,0.034491709999999995,0.027669758000000003,0.025612646333333332,0.029988459666666672,0.026359822333333338,0.030909498,0.0094524305,0.022752404333333334
5,0.018864395333333332,0.035405113333333335,0.024586791,0.039283901,0.018997256333333334,1.9868214999999996e-09,0.015241293,0.022950699,0.009391027866666667,0.02389827566666667,0.010768674,0.03133292,0.026620646333333334,0.017220775000000004,0.016258688666666667,0.030016472000000002,0.03903318766666667,0.015811934333333333,0.027568948333333336,0.016468157333333334,0.040850204333333334,0.0038852453333333334,0.0074085395,0.037360866666666666,0.011707772666666668,0.016298560333333333,0.012967968133333334,0.005476228333333333,0.005247205466666667,0.0030628940000000005,0.009168609,0.0064903954666666675,0.003728399666666667,0.012821054333333333,0.024864486666666668,0.01825965833333333,0.021643083666666667,0.02689889433333333,0.01967051833333333,0.024610652666666667,0.015432486999999998,0.029716376666666666,0.022190236666666672,0.011646503333333336,0.029311353333333335,0.013114377,0.03703283833333333,0.018039356000000003,0.025507726666666668,0.026366348666666664,0.033633224,0.008867192333333333,0.030615538333333334,0.016065806000000002,0.026662095,0.023588822666666665,0.03627111,0.017737380666666667,0.04045688566666667,0.03880659733333334,0.01967051833333333,0.018864395333333332,0.04206382033333333,0.024610652666666667,0.015432486999999998,0.04792312666666666,0.016468157333333334,0.029716376666666666,0.040850204333333334,0.0038852453333333334,0.022190236666666672,0.035405113333333335,0.033999896666666675,0.026326509333333328,0.024586791,0.039283901,0.011646503333333336,0.0074085395,0.043396860333333336,0.018997256333333334,1.9868214999999996e-09,0.015241293,0.037360866666666666,0.043169682,0.022950699,0.041784046666666665,0.039726059,0.009391027866666667,0.029311353333333335,0.011707772666666668,0.03809787633333333,0.037980421666666674,0.02389827566666667,0.013114377,0.03765413799999999,0.03703283833333333,0.016298560333333333,0.018039356000000003,0.025507726666666668,0.010768674,0.03133292,0.026366348666666664,0.03665165333333333,0.042873628000000004,0.026620646333333334,0.012967968133333334,0.041908498333333336,0.005476228333333333,0.033633224,0.005247205466666667,0.04335069833333334,0.017220775000000004,0.016258688666666667,0.008867192333333333,0.030615538333333334,0.030016472000000002,0.0030628940000000005,0.03903318766666667,0.009168609,0.0064903954666666675,0.015811934333333333,0.016065806000000002,0.02496309866666667,0.024195383,0.027568948333333336,0.003728399666666667,0.012821054333333333,0.026662095,0.023588822666666665,0.024864486666666668,0.01825965833333333,0.021643083666666667,0.03985508266666667,0.03627111,0.02689889433333333,0.017737380666666667,0.04045688566666667,0.03880659733333334,0.04206382033333333,0.04792312666666666,0.033999896666666675,0.026326509333333328,0.043396860333333336,0.043169682,0.041784046666666665,0.039726059,0.03809787633333333,0.037980421666666674,0.03765413799999999,0.03665165333333333,0.042873628000000004,0.041908498333333336,0.04335069833333334,0.02496309866666667,0.024195383,0.03985508266666667
6,0.022056867333333334,0.035171263333333334,0.0131318132,0.020638016666666665,0.011066552,0.015241293,0.0,0.015877113666666668,0.014773814,0.010567945333333332,0.02049674233333333,0.029100976333333337,0.027361483333333332,0.015279909000000001,0.01247043,0.015983497666666666,0.020617709333333335,0.013167939666666666,0.019393309000000004,0.018382917000000002,0.025248236666666667,0.014320234333333333,0.024292715333333333,0.030972387666666663,0.007606727,0.026625766333333335,0.011184066666666666,0.013954895666666666,0.022684099,0.012462091333333333,0.015879537666666665,0.01685596766666667,0.013870697999999999,0.020723156333333333,0.023487500333333335,0.020707712666666666,0.02537475,0.011706254666666667,0.011615250666666665,0.016532022,0.021282382666666665,0.017135870333333334,0.017741022333333332,0.013636277333333334,0.014892153,0.007735375666666666,0.02857858833333333,0.011095269666666666,0.01745673,0.021456037333333334,0.022245605666666668,0.024896557666666666,0.013408849666666667,0.013436823999999998,0.018894267000000003,0.013524218333333332,0.021146626999999998,0.017707460999999997,0.020873438999999997,0.026982782,0.011615250666666665,0.022056867333333334,0.025617209,0.016532022,0.021282382666666665,0.03156326933333333,0.018382917000000002,0.017135870333333334,0.025248236666666667,0.014320234333333333,0.017741022333333332,0.035171263333333334,0.027074424666666666,0.010991326999999999,0.0131318132,0.020638016666666665,0.013636277333333334,0.024292715333333333,0.024022126333333334,0.011066552,0.015241293,0.0,0.030972387666666663,0.024024518333333335,0.015877113666666668,0.027962754,0.02486072766666667,0.014773814,0.014892153,0.007606727,0.02544001233333333,0.025392729,0.010567945333333332,0.007735375666666666,0.024162404000000002,0.02857858833333333,0.026625766333333335,0.011095269666666666,0.01745673,0.02049674233333333,0.029100976333333337,0.021456037333333334,0.025923114999999997,0.02724125,0.027361483333333332,0.011184066666666666,0.025620053333333333,0.013954895666666666,0.022245605666666668,0.022684099,0.027835183,0.015279909000000001,0.01247043,0.024896557666666666,0.013408849666666667,0.015983497666666666,0.012462091333333333,0.020617709333333335,0.015879537666666665,0.01685596766666667,0.013167939666666666,0.013436823999999998,0.028168409999999998,0.0059748332,0.019393309000000004,0.013870697999999999,0.020723156333333333,0.018894267000000003,0.013524218333333332,0.023487500333333335,0.020707712666666666,0.02537475,0.026565355333333335,0.021146626999999998,0.011706254666666667,0.017707460999999997,0.020873438999999997,0.026982782,0.025617209,0.03156326933333333,0.027074424666666666,0.010991326999999999,0.024022126333333334,0.024024518333333335,0.027962754,0.02486072766666667,0.02544001233333333,0.025392729,0.024162404000000002,0.025923114999999997,0.02724125,0.025620053333333333,0.027835183,0.028168409999999998,0.0059748332,0.026565355333333335
7,0.02207647,0.030111577,0.008629795,0.009494240999999999,0.025408328666666667,0.022950699,0.015877113666666668,5.960464499999999e-09,0.022993207,0.017999382666666668,0.019554640666666668,0.016326250666666667,0.025857810333333335,0.024483196,0.027290374,0.018474713666666663,0.022923853,0.005365198666666667,0.021724146666666666,0.021138648333333336,0.02497578433333333,0.023713910666666668,0.026697651333333336,0.025270432,0.017483446833333336,0.029377218,0.02500048666666667,0.022215237333333335,0.025193856,0.022469836666666666,0.020297621000000002,0.014852754333333332,0.02563746366666667,0.020943196666666664,0.021035313666666666,0.020770919333333335,0.020278749333333335,0.0049045105,0.02510800733333333,0.008895490666666665,0.023163849333333333,0.022026052,0.01753012933333333,0.021364875666666665,0.02222005733333333,0.016262980333333333,0.02298679166666667,0.024600535666666666,0.022002605666666668,0.022117952333333336,0.016515138,0.02833179266666667,0.020522189666666666,0.02422829266666667,0.01876848733333333,0.017458103,0.007604014666666667,0.01966223933333333,0.014318991,0.019581951666666667,0.02510800733333333,0.02207647,0.013298686333333334,0.008895490666666665,0.023163849333333333,0.023575957333333335,0.021138648333333336,0.022026052,0.02497578433333333,0.023713910666666668,0.01753012933333333,0.030111577,0.014883683333333335,0.018818505333333336,0.008629795,0.009494240999999999,0.021364875666666665,0.026697651333333336,0.02227162333333333,0.025408328666666667,0.022950699,0.015877113666666668,0.025270432,0.013865419,5.960464499999999e-09,0.020589603999999997,0.012960469666666667,0.022993207,0.02222005733333333,0.017483446833333336,0.014292047333333335,0.015787875666666666,0.017999382666666668,0.016262980333333333,0.024306435999999997,0.02298679166666667,0.029377218,0.024600535666666666,0.022002605666666668,0.019554640666666668,0.016326250666666667,0.022117952333333336,0.012637917166666667,0.02674106733333333,0.025857810333333335,0.02500048666666667,0.011951647333333334,0.022215237333333335,0.016515138,0.025193856,0.019452247666666665,0.024483196,0.027290374,0.02833179266666667,0.020522189666666666,0.018474713666666663,0.022469836666666666,0.022923853,0.020297621000000002,0.014852754333333332,0.005365198666666667,0.02422829266666667,0.021403396,0.017040983333333332,0.021724146666666666,0.02563746366666667,0.020943196666666664,0.01876848733333333,0.017458103,0.021035313666666666,0.020770919333333335,0.020278749333333335,0.018799016999999998,0.007604014666666667,0.0049045105,0.01966223933333333,0.014318991,0.019581951666666667,0.013298686333333334,0.023575957333333335,0.014883683333333335,0.018818505333333336,0.02227162333333333,0.013865419,0.020589603999999997,0.012960469666666667,0.014292047333333335,0.015787875666666666,0.024306435999999997,0.012637917166666667,0.02674106733333333,0.011951647333333334,0.019452247666666665,0.021403396,0.017040983333333332,0.018799016999999998
8,0.006000187,0.03231164733333333,0.018523403,0.03214787766666667,0.007978057666666667,0.009391027866666667,0.014773814,0.022993207,1.9868214999999996e-09,0.019249389333333332,0.006200585666666666,0.030822650999999996,0.02957256,0.005504717433333333,0.005634836333333334,0.022517717333333333,0.02961223066666667,0.020138323333333333,0.013566730333333332,0.005330525,0.027992219333333335,0.007082762333333333,0.011328218466666668,0.027662450999999998,0.010554162666666667,0.024618798333333334,0.0054489395,0.004173286799999999,0.010157867666666666,0.011476721333333334,0.0024169107333333333,0.015604631000000002,0.0046213150333333335,0.005414507666666667,0.012303509466666666,0.0071022054000000005,0.014050064533333332,0.023305970333333332,0.009949773666666667,0.020374526666666667,0.014335012333333334,0.016794262333333334,0.014421127,0.0066783426666666675,0.017140011,0.009599206666666667,0.024167942333333334,0.008325316666666667,0.018991886,0.013382190533333333,0.026648136,0.018506843000000002,0.020247888666666665,0.0055101335,0.014517199833333333,0.013022722666666665,0.03443821666666667,0.007153916566666667,0.030172642000000003,0.025299136,0.009949773666666667,0.006000187,0.033182158333333336,0.020374526666666667,0.014335012333333334,0.041343192,0.005330525,0.016794262333333334,0.027992219333333335,0.007082762333333333,0.014421127,0.03231164733333333,0.030941184666666666,0.015706892666666666,0.018523403,0.03214787766666667,0.0066783426666666675,0.011328218466666668,0.032893642,0.007978057666666667,0.009391027866666667,0.014773814,0.027662450999999998,0.03562684666666667,0.022993207,0.029750155666666667,0.03322773333333333,1.9868214999999996e-09,0.017140011,0.010554162666666667,0.026721833333333334,0.027387163666666662,0.019249389333333332,0.009599206666666667,0.04051611566666667,0.024167942333333334,0.024618798333333334,0.008325316666666667,0.018991886,0.006200585666666666,0.030822650999999996,0.013382190533333333,0.029056098333333332,0.03386777666666666,0.02957256,0.0054489395,0.03569831466666667,0.004173286799999999,0.026648136,0.010157867666666666,0.03265641833333333,0.005504717433333333,0.005634836333333334,0.018506843000000002,0.020247888666666665,0.022517717333333333,0.011476721333333334,0.02961223066666667,0.0024169107333333333,0.015604631000000002,0.020138323333333333,0.0055101335,0.02705717566666667,0.017494251333333332,0.013566730333333332,0.0046213150333333335,0.005414507666666667,0.014517199833333333,0.013022722666666665,0.012303509466666666,0.0071022054000000005,0.014050064533333332,0.027196618333333335,0.03443821666666667,0.023305970333333332,0.007153916566666667,0.030172642000000003,0.025299136,0.033182158333333336,0.041343192,0.030941184666666666,0.015706892666666666,0.032893642,0.03562684666666667,0.029750155666666667,0.03322773333333333,0.026721833333333334,0.027387163666666662,0.04051611566666667,0.029056098333333332,0.03386777666666666,0.03569831466666667,0.03265641833333333,0.02705717566666667,0.017494251333333332,0.027196618333333335
9,0.023292390333333333,0.02688418633333333,0.013919778666666667,0.017848378399999996,0.011681022333333334,0.02389827566666667,0.010567945333333332,0.017999382666666668,0.019249389333333332,0.0,0.022399952333333337,0.023031682333333334,0.022204429,0.014744291333333333,0.015816257333333333,0.013186842333333334,0.01995063,0.014619563,0.014078299333333332,0.019046905,0.021301315333333334,0.024027641333333336,0.029171507666666666,0.023155669,0.008662120333333334,0.028136142,0.017691157333333332,0.022518329,0.029227805333333336,0.02191231466666666,0.020416368666666667,0.025643175666666667,0.02219607033333333,0.027684055,0.021422390333333333,0.02034397933333333,0.024721787333333335,0.011884296333333334,0.012932708,0.011501149833333332,0.01662154,0.009077575000000001,0.009726277866666666,0.018916757666666666,0.0074431895333333335,0.009002788666666667,0.02064212966666667,0.012271086333333332,0.0058184126666666666,0.021376129333333334,0.008689336,0.027717949000000002,0.009640842333333333,0.016041467666666667,0.016429939,0.011699869333333335,0.016963771933333333,0.018482232333333334,0.017556122999999996,0.021721899333333336,0.012932708,0.023292390333333333,0.016955668233333332,0.011501149833333332,0.01662154,0.02056763966666667,0.019046905,0.009077575000000001,0.021301315333333334,0.024027641333333336,0.009726277866666666,0.02688418633333333,0.018125973,0.009754801,0.013919778666666667,0.017848378399999996,0.018916757666666666,0.029171507666666666,0.018866424,0.011681022333333334,0.02389827566666667,0.010567945333333332,0.023155669,0.017022691066666665,0.017999382666666668,0.018614819,0.014826722766666666,0.019249389333333332,0.0074431895333333335,0.008662120333333334,0.019449202,0.016845506666666666,0.0,0.009002788666666667,0.021761137333333333,0.02064212966666667,0.028136142,0.012271086333333332,0.0058184126666666666,0.022399952333333337,0.023031682333333334,0.021376129333333334,0.01693639753333333,0.017401298000000003,0.022204429,0.017691157333333332,0.0171913505,0.022518329,0.008689336,0.029227805333333336,0.017135379766666667,0.014744291333333333,0.015816257333333333,0.027717949000000002,0.009640842333333333,0.013186842333333334,0.02191231466666666,0.01995063,0.020416368666666667,0.025643175666666667,0.014619563,0.016041467666666667,0.021018834666666666,0.009777988999999999,0.014078299333333332,0.02219607033333333,0.027684055,0.016429939,0.011699869333333335,0.021422390333333333,0.02034397933333333,0.024721787333333335,0.018733422133333334,0.016963771933333333,0.011884296333333334,0.018482232333333334,0.017556122999999996,0.021721899333333336,0.016955668233333332,0.02056763966666667,0.018125973,0.009754801,0.018866424,0.017022691066666665,0.018614819,0.014826722766666666,0.019449202,0.016845506666666666,0.021761137333333333,0.01693639753333333,0.017401298000000003,0.0171913505,0.017135379766666667,0.021018834666666666,0.009777988999999999,0.018733422133333334
10,0.00576032,0.024133549,0.018798711000000003,0.030845224999999997,0.016170612666666667,0.010768674,0.02049674233333333,0.019554640666666668,0.006200585666666666,0.022399952333333337,0.0,0.02322547033333333,0.023997752333333337,0.010517484333333334,0.014743459333333335,0.025841671000000004,0.03336925166666667,0.018085175666666668,0.013903439333333333,0.006873110833333333,0.030104351000000005,0.009861205000000001,0.008441450166666668,0.021829218,0.013227796666666668,0.025313132999999998,0.014524722,0.008483564666666667,0.007394910000000001,0.014464716333333334,0.0067659320000000005,0.013677370333333333,0.009386567333333333,0.007068059866666667,0.008808074333333332,0.005607213666666666,0.007752561466666667,0.022488010000000003,0.017120039333333333,0.016847743666666668,0.008349395,0.019048158333333332,0.012748589,0.010264029333333334,0.020932303,0.014141569333333333,0.019336696333333334,0.016234223,0.018702870666666666,0.012280198,0.023709968666666668,0.015568532666666664,0.024680250666666667,0.010905633333333335,0.014747923666666666,0.014750488333333334,0.03084324533333333,0.006920345499999999,0.030425459,0.023367521999999998,0.017120039333333333,0.00576032,0.030015092000000004,0.016847743666666668,0.008349395,0.038697589,0.006873110833333333,0.019048158333333332,0.030104351000000005,0.009861205000000001,0.012748589,0.024133549,0.023708395333333333,0.019022669333333336,0.018798711000000003,0.030845224999999997,0.010264029333333334,0.008441450166666668,0.034291848,0.016170612666666667,0.010768674,0.02049674233333333,0.021829218,0.033815896666666664,0.019554640666666668,0.026288092333333336,0.028748637333333334,0.006200585666666666,0.020932303,0.013227796666666668,0.02342807233333333,0.023544408666666666,0.022399952333333337,0.014141569333333333,0.04017918333333334,0.019336696333333334,0.025313132999999998,0.016234223,0.018702870666666666,0.0,0.02322547033333333,0.012280198,0.023067047,0.03340087166666667,0.023997752333333337,0.014524722,0.03295536066666667,0.008483564666666667,0.023709968666666668,0.007394910000000001,0.02947641033333333,0.010517484333333334,0.014743459333333335,0.015568532666666664,0.024680250666666667,0.025841671000000004,0.014464716333333334,0.03336925166666667,0.0067659320000000005,0.013677370333333333,0.018085175666666668,0.010905633333333335,0.018577456666666665,0.024321234333333334,0.013903439333333333,0.009386567333333333,0.007068059866666667,0.014747923666666666,0.014750488333333334,0.008808074333333332,0.005607213666666666,0.007752561466666667,0.024038122333333335,0.03084324533333333,0.022488010000000003,0.006920345499999999,0.030425459,0.023367521999999998,0.030015092000000004,0.038697589,0.023708395333333333,0.019022669333333336,0.034291848,0.033815896666666664,0.026288092333333336,0.028748637333333334,0.02342807233333333,0.023544408666666666,0.04017918333333334,0.023067047,0.03340087166666667,0.03295536066666667,0.02947641033333333,0.018577456666666665,0.024321234333333334,0.024038122333333335
11,0.025647338333333332,0.013732423333333332,0.025134619,0.021606586333333334,0.034251984,0.03133292,0.029100976333333337,0.016326250666666667,0.030822650999999996,0.023031682333333334,0.02322547033333333,0.0,0.009028265866666666,0.027889514,0.03674378866666667,0.02148959233333333,0.028170693,0.015105183666666666,0.024826703333333332,0.024218925333333332,0.027784474666666663,0.03408437266666667,0.02639758966666667,0.0157908,0.02389977966666667,0.018885946333333334,0.03587653533333334,0.03166445266666666,0.029037114333333332,0.030613681,0.029528761,0.023381835000000004,0.03478134833333333,0.030442238000000003,0.023322989333333335,0.023227500666666668,0.02041816466666667,0.019002790666666665,0.03551707566666667,0.018540930999999997,0.019747772,0.025348584,0.021608710666666663,0.033346610000000006,0.026160097333333333,0.029390078666666666,0.021618902333333335,0.034991966666666666,0.019821624,0.02903436533333333,0.015396567333333333,0.024989693999999996,0.026167911,0.03335094266666667,0.026736702,0.026853080333333335,0.016401320666666667,0.027890098,0.022569511333333334,0.02362107666666667,0.03551707566666667,0.025647338333333332,0.017440347333333335,0.018540930999999997,0.019747772,0.015598376666666665,0.024218925333333332,0.025348584,0.027784474666666663,0.03408437266666667,0.021608710666666663,0.013732423333333332,0.006688372333333333,0.026041351,0.025134619,0.021606586333333334,0.033346610000000006,0.02639758966666667,0.02283525233333333,0.034251984,0.03133292,0.029100976333333337,0.0157908,0.017353695666666665,0.016326250666666667,0.017331015999999998,0.012502354333333332,0.030822650999999996,0.026160097333333333,0.02389977966666667,0.019470906333333333,0.01834224066666667,0.023031682333333334,0.029390078666666666,0.017702174333333334,0.021618902333333335,0.018885946333333334,0.034991966666666666,0.019821624,0.02322547033333333,0.0,0.02903436533333333,0.015377124,0.019344808666666664,0.009028265866666666,0.03587653533333334,0.015262605333333335,0.03166445266666666,0.015396567333333333,0.029037114333333332,0.017389881333333336,0.027889514,0.03674378866666667,0.024989693999999996,0.026167911,0.02148959233333333,0.030613681,0.028170693,0.029528761,0.023381835000000004,0.015105183666666666,0.03335094266666667,0.008578539,0.029506862333333335,0.024826703333333332,0.03478134833333333,0.030442238000000003,0.026736702,0.026853080333333335,0.023322989333333335,0.023227500666666668,0.02041816466666667,0.018972331000000002,0.016401320666666667,0.019002790666666665,0.027890098,0.022569511333333334,0.02362107666666667,0.017440347333333335,0.015598376666666665,0.006688372333333333,0.026041351,0.02283525233333333,0.017353695666666665,0.017331015999999998,0.012502354333333332,0.019470906333333333,0.01834224066666667,0.017702174333333334,0.015377124,0.019344808666666664,0.015262605333333335,0.017389881333333336,0.008578539,0.029506862333333335,0.018972331000000002
