,omer_02.jpg,tal_05.jpg,omer_07.jpg,tal_06.jpg,omer_06.jpg,omer_08.jpg,tal_01.jpg,omer_03.jpg,tal_07.jpg,tal_03.jpg,omer_04.jpg,omer_10.jpg,tal_09.jpg,tal_02.jpg,tal_08.jpg,omer_09.jpg,tal_10.jpg,omer_05.jpg,tal_04.jpg,matt_04.jpg,dom_10.jpg,dom_05.jpg,matt_08.jpg,dom_04.jpg,matt_02.jpg,matt_07.jpg,matt_06.jpg,matt_05.jpg,dom_07.jpg,dom_03.jpg,matt_03.jpg,matt_01.jpg,dom_06.jpg,matt_10.jpg,dom_01.jpg,dom_09.jpg,matt_09.jpg,dom_02.jpg,tess_03.jpg,taz_06.jpg,taz_04.jpg,taz_03.jpg,tess_01.jpg,tess_07.jpg,tess_05.jpg,taz_05.jpg,tess_02.jpg,tess_09.jpg,tess_06.jpg,taz_07.jpg,taz_02.jpg,tess_04.jpg,taz_09.jpg,tess_08.jpg,taz_08.jpg,taz_01.jpg,tess_10.jpg,taz_10.jpg,marina_07.jpg,tamar_04.jpg,tess_03.jpg.1,omer_02.jpg.1,marina_04.jpg,taz_06.jpg.1,taz_04.jpg.1,marina_01.jpg,matt_04.jpg.1,taz_03.jpg.1,dom_10.jpg.1,dom_05.jpg.1,tess_01.jpg.1,tal_05.jpg.1,marina_06.jpg,tamar_09.jpg,omer_07.jpg.1,tal_06.jpg.1,tess_07.jpg.1,matt_08.jpg.1,marina_08.jpg,omer_06.jpg.1,omer_08.jpg.1,tal_01.jpg.1,dom_04.jpg.1,tamar_10.jpg,omer_03.jpg.1,tamar_02.jpg,tamar_05.jpg,tal_07.jpg.1,tess_05.jpg.1,matt_02.jpg.1,tamar_07.jpg,tamar_03.jpg,tal_03.jpg.1,taz_05.jpg.1,marina_09.jpg,tess_02.jpg.1,matt_07.jpg.1,tess_09.jpg.1,tess_06.jpg.1,omer_04.jpg.1,omer_10.jpg.1,taz_07.jpg.1,tamar_01.jpg,marina_10.jpg,tal_09.jpg.1,matt_06.jpg.1,tamar_06.jpg,matt_05.jpg.1,taz_02.jpg.1,dom_07.jpg.1,marina_05.jpg,tal_02.jpg.1,tal_08.jpg.1,tess_04.jpg.1,taz_09.jpg.1,omer_09.jpg.1,dom_03.jpg.1,tal_10.jpg.1,matt_03.jpg.1,matt_01.jpg.1,omer_05.jpg.1,tess_08.jpg.1,marina_02.jpg,marina_03.jpg,tal_04.jpg.1,dom_06.jpg.1,matt_10.jpg.1,taz_08.jpg.1,taz_01.jpg.1,dom_01.jpg.1,dom_09.jpg.1,matt_09.jpg.1,tamar_08.jpg,tess_10.jpg.1,dom_02.jpg.1,taz_10.jpg.1,marina_07.jpg.1,tamar_04.jpg.1,marina_04.jpg.1,marina_01.jpg.1,marina_06.jpg.1,tamar_09.jpg.1,marina_08.jpg.1,tamar_10.jpg.1,tamar_02.jpg.1,tamar_05.jpg.1,tamar_07.jpg.1,tamar_03.jpg.1,marina_09.jpg.1,tamar_01.jpg.1,marina_10.jpg.1,tamar_06.jpg.1,marina_05.jpg.1,marina_02.jpg.1,marina_03.jpg.1,tamar_08.jpg.1
0,0.0,0.0033137500333333333,0.0111465199,0.0149314224,0.015164995300000001,0.0074335893,0.017520362,0.0098345279,0.0037224055333333335,0.015973335366666667,0.0020580311666666667,0.0068187316333333334,0.0097876329,0.007309679043333334,0.003229554533333333,0.018348368,0.0205240601,0.009232103866666667,0.008800321856666665,0.0022540587966666664,0.018402580999999998,0.005446304933333332,0.0027933518333333332,0.007857557133333333,0.016980208966666667,0.022189172,0.008250117333333333,0.005459640366666667,0.0027761936,0.011030632333333335,0.0038537046,0.007839494866666666,0.008607830633333334,0.003254568566666667,0.0027253030866666666,0.0011106987666666668,0.0044516445,0.014725213766666665,0.014866519366666666,0.010421897833333332,0.005685887666666667,0.013735496826666667,0.0037798962,0.007296103133333333,0.014917220766666666,0.010289254000000001,0.007421314823333333,0.010718978943333336,0.00988435549,0.00515907214,0.011708186033333333,0.004205882566666667,0.017286269133333334,0.0036422292333333334,0.004901091366666667,0.006503810433333334,0.013915912266666667,0.0032732029866666666,0.018005109433333333,0.011054662966666665,0.014866519366666666,0.0,0.013624977933333334,0.010421897833333332,0.005685887666666667,0.01746384493333333,0.0022540587966666664,0.013735496826666667,0.018402580999999998,0.005446304933333332,0.0037798962,0.0033137500333333333,0.009883167033333333,0.015197739833333333,0.0111465199,0.0149314224,0.007296103133333333,0.0027933518333333332,0.0190092802,0.015164995300000001,0.0074335893,0.017520362,0.007857557133333333,0.0182622544,0.0098345279,0.010194738676666667,0.014295663566666667,0.0037224055333333335,0.014917220766666666,0.016980208966666667,0.008990053399999998,0.007381842533333334,0.015973335366666667,0.010289254000000001,0.021878576333333337,0.007421314823333333,0.022189172,0.010718978943333336,0.00988435549,0.0020580311666666667,0.0068187316333333334,0.00515907214,0.008355087166666667,0.016648707633333332,0.0097876329,0.008250117333333333,0.013990477633333333,0.005459640366666667,0.011708186033333333,0.0027761936,0.013367408266666665,0.007309679043333334,0.003229554533333333,0.004205882566666667,0.017286269133333334,0.018348368,0.011030632333333335,0.0205240601,0.0038537046,0.007839494866666666,0.009232103866666667,0.0036422292333333334,0.0061241330666666665,0.019131324233333337,0.008800321856666665,0.008607830633333334,0.003254568566666667,0.004901091366666667,0.006503810433333334,0.0027253030866666666,0.0011106987666666668,0.0044516445,0.008768896266666666,0.013915912266666667,0.014725213766666665,0.0032732029866666666,0.018005109433333333,0.011054662966666665,0.013624977933333334,0.01746384493333333,0.009883167033333333,0.015197739833333333,0.0190092802,0.0182622544,0.010194738676666667,0.014295663566666667,0.008990053399999998,0.007381842533333334,0.021878576333333337,0.008355087166666667,0.016648707633333332,0.013990477633333333,0.013367408266666665,0.0061241330666666665,0.019131324233333337,0.008768896266666666
1,0.0033137500333333333,0.0,0.011038390666666667,0.013244112333333334,0.012591791266666668,0.012608770333333331,0.016734347833333333,0.011319827999999999,0.006882798733333334,0.013687837,0.0028617760000000003,0.005618997266666667,0.0075640480666666655,0.006608575566666666,0.004950894799999999,0.014854594066666666,0.0166342656,0.011851501433333333,0.005891583333333334,0.0045097590666666664,0.014072513466666665,0.009724364666666667,0.0077567716,0.00417293905,0.015536739333333332,0.023863786333333335,0.009981014333333333,0.009591667,0.007739339,0.014242470199999998,0.006673944066666667,0.011737307,0.012425424666666665,0.007557426000000001,0.002614365033333334,0.003188892333333333,0.003720662966666667,0.013884798433333333,0.015574447166666667,0.011188743666666666,0.004721184466666667,0.010712518233333333,0.005419927733333333,0.009500750399999999,0.011998979366666666,0.012618475666666667,0.004561784,0.012551430833333332,0.009046083666666666,0.004339975133333334,0.009258443099999998,0.0075608432,0.014126233066666667,0.0056188085333333335,0.004763211766666667,0.006021988333333334,0.012856443866666666,0.004643847533333333,0.014284859133333333,0.0074081918,0.015574447166666667,0.0033137500333333333,0.0105648559,0.011188743666666666,0.004721184466666667,0.012402878166666667,0.0045097590666666664,0.010712518233333333,0.014072513466666665,0.009724364666666667,0.005419927733333333,0.0,0.007833693333333334,0.012418458866666668,0.011038390666666667,0.013244112333333334,0.009500750399999999,0.0077567716,0.014521582883333333,0.012591791266666668,0.012608770333333331,0.016734347833333333,0.00417293905,0.014633608,0.011319827999999999,0.005890200566666667,0.010858414666666668,0.006882798733333334,0.011998979366666666,0.015536739333333332,0.0069714326333333325,0.005603128666666666,0.013687837,0.012618475666666667,0.018240543166666668,0.004561784,0.023863786333333335,0.012551430833333332,0.009046083666666666,0.0028617760000000003,0.005618997266666667,0.004339975133333334,0.007073748,0.012605817949999999,0.0075640480666666655,0.009981014333333333,0.0113159062,0.009591667,0.009258443099999998,0.007739339,0.009059631833333333,0.006608575566666666,0.004950894799999999,0.0075608432,0.014126233066666667,0.014854594066666666,0.014242470199999998,0.0166342656,0.006673944066666667,0.011737307,0.011851501433333333,0.0056188085333333335,0.004625970133333333,0.016729847733333334,0.005891583333333334,0.012425424666666665,0.007557426000000001,0.004763211766666667,0.006021988333333334,0.002614365033333334,0.003188892333333333,0.003720662966666667,0.0055384836000000005,0.012856443866666666,0.013884798433333333,0.004643847533333333,0.014284859133333333,0.0074081918,0.0105648559,0.012402878166666667,0.007833693333333334,0.012418458866666668,0.014521582883333333,0.014633608,0.005890200566666667,0.010858414666666668,0.0069714326333333325,0.005603128666666666,0.018240543166666668,0.007073748,0.012605817949999999,0.0113159062,0.009059631833333333,0.004625970133333333,0.016729847733333334,0.0055384836000000005
2,0.0111465199,0.011038390666666667,1.9868214999999996e-09,0.0028674066066666664,0.013883356366666665,0.010124836213333334,0.009747292566666668,0.0026566743933333333,0.010608285766666666,0.01101664901,0.009684318433333334,0.006154288900000001,0.009287250133333334,0.011367463566666668,0.010342301766666666,0.015011803266666669,0.016603517366666667,0.003287043166666667,0.010158721233333334,0.010493791,0.015760946166666664,0.008996679166666667,0.012674401333333335,0.011675330066666666,0.012417711933333332,0.025650149666666667,0.010229092700000001,0.0083697814,0.011294915333333332,0.009034760846666665,0.0091578384,0.0066409548,0.012835121199999999,0.010234930266666668,0.009384876466666666,0.010063395766666667,0.010454853333333331,0.0038878082999999996,0.014222331983333334,0.0038970073,0.009858254566666667,0.012196878566666668,0.006125740166666667,0.005272269233333333,0.013133275366666666,0.0055717468,0.010338946533333334,0.0115655442,0.009843679666666666,0.010434685166666667,0.0078840772,0.007857972433333334,0.012637364866666667,0.008149194666666667,0.007399348533333333,0.00794925876,0.0025611837533333335,0.008147311066666666,0.009138900023333334,0.008789789966666666,0.014222331983333334,0.0111465199,0.004593527366666667,0.0038970073,0.009858254566666667,0.010868048666666666,0.010493791,0.012196878566666668,0.015760946166666664,0.008996679166666667,0.006125740166666667,0.011038390666666667,0.005718189433333334,0.010998586733333334,1.9868214999999996e-09,0.0028674066066666664,0.005272269233333333,0.012674401333333335,0.014455959933333335,0.013883356366666665,0.010124836213333334,0.009747292566666668,0.011675330066666666,0.009485934453333332,0.0026566743933333333,0.009693439433333336,0.00715313552,0.010608285766666666,0.013133275366666666,0.012417711933333332,0.00389127732,0.004051423066666667,0.01101664901,0.0055717468,0.012687111000000001,0.010338946533333334,0.025650149666666667,0.0115655442,0.009843679666666666,0.009684318433333334,0.006154288900000001,0.010434685166666667,0.00338331453,0.014546934766666665,0.009287250133333334,0.010229092700000001,0.004305676576666666,0.0083697814,0.0078840772,0.011294915333333332,0.009761397146666666,0.011367463566666668,0.010342301766666666,0.007857972433333334,0.012637364866666667,0.015011803266666669,0.009034760846666665,0.016603517366666667,0.0091578384,0.0066409548,0.003287043166666667,0.008149194666666667,0.007207218666666667,0.010348013999999999,0.010158721233333334,0.012835121199999999,0.010234930266666668,0.007399348533333333,0.00794925876,0.009384876466666666,0.010063395766666667,0.010454853333333331,0.007974898666666666,0.0025611837533333335,0.0038878082999999996,0.008147311066666666,0.009138900023333334,0.008789789966666666,0.004593527366666667,0.010868048666666666,0.005718189433333334,0.010998586733333334,0.014455959933333335,0.009485934453333332,0.009693439433333336,0.00715313552,0.00389127732,0.004051423066666667,0.012687111000000001,0.00338331453,0.014546934766666665,0.004305676576666666,0.009761397146666666,0.007207218666666667,0.010348013999999999,0.007974898666666666
3,0.0149314224,0.013244112333333334,0.0028674066066666664,7.947285999999998e-09,0.012373453513333332,0.014384814116666667,0.006625213233333333,0.0038969357766666666,0.013911722066666667,0.009452337123333333,0.012706939766666666,0.006432608666666667,0.008488382800000001,0.0121437727,0.013806176166666665,0.012112440499999998,0.012503282366666665,0.005278619066666666,0.010022701766666668,0.012922465666666667,0.012726956683333334,0.013754196833333333,0.017451832200000003,0.011173277999999998,0.009606788733333335,0.027980921666666665,0.013441423713333334,0.012314029466666666,0.016078142233333332,0.0110997119,0.0126690665,0.009629567366666666,0.015870273299999998,0.015085142666666667,0.011614330466666666,0.013156463766666666,0.011979367466666668,0.0015738427499999998,0.015586282799999998,0.0057456393333333335,0.0113446555,0.0106000959,0.010360562733333334,0.009514228666666668,0.011152291266666668,0.008936053533333332,0.010516099066666666,0.013551718066666666,0.010247453166666667,0.012875598433333333,0.007565907633333333,0.012294133600000002,0.008979654313333333,0.011955002566666668,0.0104034961,0.009408627076666669,0.0004171292,0.011980833666666666,0.00427430678,0.0076744496,0.015586282799999998,0.0149314224,0.00195707678,0.0057456393333333335,0.0113446555,0.006964914066666666,0.012922465666666667,0.0106000959,0.012726956683333334,0.013754196833333333,0.010360562733333334,0.013244112333333334,0.0044588229,0.006695010249999999,0.0028674066066666664,7.947285999999998e-09,0.009514228666666668,0.017451832200000003,0.009840611333333334,0.012373453513333332,0.014384814116666667,0.006625213233333333,0.011173277999999998,0.004717751186666666,0.0038969357766666666,0.008039456533333333,0.004264374563333334,0.013911722066666667,0.011152291266666668,0.009606788733333335,0.004066234823333333,0.005069655300000001,0.009452337123333333,0.008936053533333332,0.008939145,0.010516099066666666,0.027980921666666665,0.013551718066666666,0.010247453166666667,0.012706939766666666,0.006432608666666667,0.012875598433333333,0.0043419620866666665,0.011294532133333332,0.008488382800000001,0.013441423713333334,0.002642405046666666,0.012314029466666666,0.007565907633333333,0.016078142233333332,0.0071015596666666675,0.0121437727,0.013806176166666665,0.012294133600000002,0.008979654313333333,0.012112440499999998,0.0110997119,0.012503282366666665,0.0126690665,0.009629567366666666,0.005278619066666666,0.011955002566666668,0.007984854833333334,0.007426027623333333,0.010022701766666668,0.015870273299999998,0.015085142666666667,0.0104034961,0.009408627076666669,0.011614330466666666,0.013156463766666666,0.011979367466666668,0.006724061546666668,0.0004171292,0.0015738427499999998,0.011980833666666666,0.00427430678,0.0076744496,0.00195707678,0.006964914066666666,0.0044588229,0.006695010249999999,0.009840611333333334,0.004717751186666666,0.008039456533333333,0.004264374563333334,0.004066234823333333,0.005069655300000001,0.008939145,0.0043419620866666665,0.011294532133333332,0.002642405046666666,0.0071015596666666675,0.007984854833333334,0.007426027623333333,0.006724061546666668
4,0.015164995300000001,0.012591791266666668,0.013883356366666665,0.012373453513333332,0.0,0.0168311633,0.007999875266666668,0.0157126487,0.011577791366666666,0.0024322449200000003,0.014123515333333335,0.010537904766666667,0.0059353609,0.004919300566666667,0.01334736308,0.00515362021,0.007486851876666667,0.014057159300000002,0.004033136284666667,0.011023026633333332,0.0030519386133333335,0.01747450766666667,0.0190800111,0.005504918033333333,0.004215792833333333,0.027209792666666666,0.013045926779999998,0.014376493366666666,0.018945147666666665,0.013120830066666667,0.011027789116666667,0.01679001606666667,0.0130561072,0.02027784772,0.011496067180000001,0.013152223966666666,0.0084880949,0.009959942366666667,0.013924568403333335,0.017441854666666666,0.005798117366666666,0.0019465526066666664,0.0161646011,0.01708269502,0.0011951565866666666,0.014451290733333332,0.00663915681,0.01041089538,0.0056816041,0.01667287165333333,0.0046304821000000005,0.0139523486,0.0057157836,0.014176885046666669,0.016860814273333333,0.01462225916,0.011952924666666667,0.0164039414,0.0072083772,0.005501637863333334,0.013924568403333335,0.015164995300000001,0.008904643756666667,0.017441854666666666,0.005798117366666666,0.006154674333333334,0.011023026633333332,0.0019465526066666664,0.0030519386133333335,0.01747450766666667,0.0161646011,0.012591791266666668,0.007418401966666667,0.00777650086,0.013883356366666665,0.012373453513333332,0.01708269502,0.0190800111,0.005685697033333334,0.0,0.0168311633,0.007999875266666668,0.005504918033333333,0.007293880046666667,0.0157126487,0.006041598286666667,0.006539587316666667,0.011577791366666666,0.0011951565866666666,0.004215792833333333,0.012417252753333333,0.012673527149999999,0.0024322449200000003,0.014451290733333332,0.009049725466666665,0.00663915681,0.027209792666666666,0.01041089538,0.0056816041,0.014123515333333335,0.010537904766666667,0.01667287165333333,0.012865300589999998,0.0028082569,0.0059353609,0.013045926779999998,0.008748110006666665,0.014376493366666666,0.0046304821000000005,0.018945147666666665,0.004877905033333334,0.004919300566666667,0.01334736308,0.0139523486,0.0057157836,0.00515362021,0.013120830066666667,0.007486851876666667,0.011027789116666667,0.01679001606666667,0.014057159300000002,0.014176885046666669,0.008338008316666666,0.007962552566666666,0.004033136284666667,0.0130561072,0.02027784772,0.016860814273333333,0.01462225916,0.011496067180000001,0.013152223966666666,0.0084880949,0.0075972795133333335,0.011952924666666667,0.009959942366666667,0.0164039414,0.0072083772,0.005501637863333334,0.008904643756666667,0.006154674333333334,0.007418401966666667,0.00777650086,0.005685697033333334,0.007293880046666667,0.006041598286666667,0.006539587316666667,0.012417252753333333,0.012673527149999999,0.009049725466666665,0.012865300589999998,0.0028082569,0.008748110006666665,0.004877905033333334,0.008338008316666666,0.007962552566666666,0.0075972795133333335
5,0.0074335893,0.012608770333333331,0.010124836213333334,0.014384814116666667,0.0168311633,1.9868214999999996e-09,0.012404960166666666,0.007879332616666667,0.0035809358333333333,0.01562808005,0.010429716433333335,0.010917756666666665,0.011177982933333334,0.009829944333333333,0.005645463866666667,0.018010400133333333,0.020501983166666668,0.00432604968,0.0141018349,0.006633599666666668,0.020759046200000002,0.0023087761000000003,0.005477660800000001,0.015084296500000002,0.014771217166666666,0.017565632,0.005051306783333333,0.0027072428999999998,0.0056178293333333336,0.0024373749733333336,0.004018743766666667,0.0027154187333333336,0.003465861133333333,0.006788245733333334,0.010882544333333332,0.007546933666666667,0.011470661666666666,0.012224729773333333,0.014508650833333334,0.0123852212,0.011139391,0.016791242666666668,0.007359274233333333,0.007510081966666666,0.017254659433333333,0.00462155936,0.0154902855,0.0067272584,0.010765608066666665,0.014225574466666668,0.015004815766666667,0.0038376112666666665,0.015923114466666666,0.005270989733333333,0.012231353566666667,0.012636285966666666,0.012156848013333332,0.010013463233333334,0.018386341233333332,0.01714302886666667,0.014508650833333334,0.0074335893,0.015991926066666665,0.0123852212,0.011139391,0.019309069499999998,0.006633599666666668,0.016791242666666668,0.020759046200000002,0.0023087761000000003,0.007359274233333333,0.012608770333333331,0.012324466133333331,0.017137364883333332,0.010124836213333334,0.014384814116666667,0.007510081966666666,0.005477660800000001,0.020493358333333333,0.0168311633,1.9868214999999996e-09,0.012404960166666666,0.015084296500000002,0.018216921846666668,0.007879332616666667,0.016275982233333333,0.016389143616666667,0.0035809358333333333,0.017254659433333333,0.014771217166666666,0.014149018133333333,0.012385769433333334,0.01562808005,0.00462155936,0.01793617633333333,0.0154902855,0.017565632,0.0067272584,0.010765608066666665,0.010429716433333335,0.010917756666666665,0.014225574466666668,0.012656899410000002,0.018809940066666666,0.011177982933333334,0.005051306783333333,0.0143787045,0.0027072428999999998,0.015004815766666667,0.0056178293333333336,0.017700648066666668,0.009829944333333333,0.005645463866666667,0.0038376112666666665,0.015923114466666666,0.018010400133333333,0.0024373749733333336,0.020501983166666668,0.004018743766666667,0.0027154187333333336,0.00432604968,0.005270989733333333,0.010300038133333333,0.014086194833333334,0.0141018349,0.003465861133333333,0.006788245733333334,0.012231353566666667,0.012636285966666666,0.010882544333333332,0.007546933666666667,0.011470661666666666,0.015328019966666667,0.012156848013333332,0.012224729773333333,0.010013463233333334,0.018386341233333332,0.01714302886666667,0.015991926066666665,0.019309069499999998,0.012324466133333331,0.017137364883333332,0.020493358333333333,0.018216921846666668,0.016275982233333333,0.016389143616666667,0.014149018133333333,0.012385769433333334,0.01793617633333333,0.012656899410000002,0.018809940066666666,0.0143787045,0.017700648066666668,0.010300038133333333,0.014086194833333334,0.015328019966666667
6,0.017520362,0.016734347833333333,0.009747292566666668,0.006625213233333333,0.007999875266666668,0.012404960166666666,1.9868214999999996e-09,0.010742267046666667,0.011272152133333333,0.0052424828,0.016882923933333332,0.009735564666666667,0.005828686566666667,0.008473587133333333,0.013254930133333334,0.007121829333333334,0.008375569066666666,0.007415384056666668,0.009392754633333335,0.0128056188,0.009153177366666666,0.013293393566666667,0.018521683833333337,0.0108221132,0.002601711,0.023951929666666667,0.010445869133333336,0.011410093233333335,0.017651282733333336,0.00630236875,0.011728883266666667,0.0110785148,0.009648066733333334,0.020179828366666666,0.014768318333333334,0.0150287192,0.012328266999999999,0.0034717342333333333,0.0144149899,0.014529093216666667,0.010478893533333334,0.007777953,0.015318773199999998,0.014898220533333334,0.007595014566666667,0.008653058733333333,0.0121580778,0.008234375633333334,0.0070181252,0.01910226146666667,0.008829935433333333,0.0129705847,0.004056320633333333,0.012838995366666666,0.017755961900000002,0.015371737506666667,0.005774473986666666,0.017790210900000002,0.004923035599999999,0.010778111166666667,0.0144149899,0.017520362,0.007136716566666667,0.014529093216666667,0.010478893533333334,0.006622187333333333,0.0128056188,0.007777953,0.009153177366666666,0.013293393566666667,0.015318773199999998,0.016734347833333333,0.006101737299999999,0.006071907400000001,0.009747292566666668,0.006625213233333333,0.014898220533333334,0.018521683833333337,0.0068938553666666675,0.007999875266666668,0.012404960166666666,1.9868214999999996e-09,0.0108221132,0.004442246733333334,0.010742267046666667,0.009402027,0.0063020645633333336,0.011272152133333333,0.007595014566666667,0.002601711,0.01208195685,0.011872424533333334,0.0052424828,0.008653058733333333,0.005054676333333333,0.0121580778,0.023951929666666667,0.008234375633333334,0.0070181252,0.016882923933333332,0.009735564666666667,0.01910226146666667,0.012057129499999998,0.006773523633333333,0.005828686566666667,0.010445869133333336,0.006636953366666667,0.011410093233333335,0.008829935433333333,0.017651282733333336,0.007789182433333333,0.008473587133333333,0.013254930133333334,0.0129705847,0.004056320633333333,0.007121829333333334,0.00630236875,0.008375569066666666,0.011728883266666667,0.0110785148,0.007415384056666668,0.012838995366666666,0.009255822566666665,0.0023876806,0.009392754633333335,0.009648066733333334,0.020179828366666666,0.017755961900000002,0.015371737506666667,0.014768318333333334,0.0150287192,0.012328266999999999,0.010102739099999999,0.005774473986666666,0.0034717342333333333,0.017790210900000002,0.004923035599999999,0.010778111166666667,0.007136716566666667,0.006622187333333333,0.006101737299999999,0.006071907400000001,0.0068938553666666675,0.004442246733333334,0.009402027,0.0063020645633333336,0.01208195685,0.011872424533333334,0.005054676333333333,0.012057129499999998,0.006773523633333333,0.006636953366666667,0.007789182433333333,0.009255822566666665,0.0023876806,0.010102739099999999
7,0.0098345279,0.011319827999999999,0.0026566743933333333,0.0038969357766666666,0.0157126487,0.007879332616666667,0.010742267046666667,1.9868214999999996e-09,0.010126642166666667,0.013936817633333333,0.008953251333333332,0.006021143866666666,0.0098029495,0.012676469666666667,0.0102904877,0.015242086066666667,0.016403148566666668,0.0022632361666666666,0.012192366399999998,0.009938999066666667,0.0170143687,0.0076988955,0.011028877933333332,0.012929173333333332,0.013645466333333332,0.023459989,0.010090597613333334,0.0073550243666666675,0.009383644666666666,0.008107704166666667,0.007973390866666668,0.0037433763333333332,0.012629467133333332,0.0075935421,0.010030563933333332,0.0095459715,0.011029579233333335,0.004786711916666667,0.0146926841,0.003575255466666667,0.011173558499999998,0.014718923633333332,0.006524721733333333,0.0054436108,0.0153180619,0.007100921916666667,0.012129881233333334,0.012877837833333333,0.012492602999999998,0.010261279333333335,0.009532960099999998,0.0075200401,0.013110417099999999,0.00853984355,0.007628812566666667,0.00760660948,0.0029766103333333334,0.007875108600000002,0.009805043466666667,0.010634206133333332,0.0146926841,0.0098345279,0.006128217733333333,0.003575255466666667,0.011173558499999998,0.012642266266666667,0.009938999066666667,0.014718923633333332,0.0170143687,0.0076988955,0.006524721733333333,0.011319827999999999,0.007037413,0.010466702866666667,0.0026566743933333333,0.0038969357766666666,0.0054436108,0.011028877933333332,0.014918866066666668,0.0157126487,0.007879332616666667,0.010742267046666667,0.012929173333333332,0.010259900566666666,1.9868214999999996e-09,0.010931700333333334,0.008240358066666667,0.010126642166666667,0.0153180619,0.013645466333333332,0.00515473095,0.0057140986,0.013936817633333333,0.007100921916666667,0.013986383,0.012129881233333334,0.023459989,0.012877837833333333,0.012492602999999998,0.008953251333333332,0.006021143866666666,0.010261279333333335,0.00459354914,0.0161827427,0.0098029495,0.010090597613333334,0.005194135399999999,0.0073550243666666675,0.009532960099999998,0.009383644666666666,0.0114607573,0.012676469666666667,0.0102904877,0.0075200401,0.013110417099999999,0.015242086066666667,0.008107704166666667,0.016403148566666668,0.007973390866666668,0.0037433763333333332,0.0022632361666666666,0.00853984355,0.008058289833333334,0.0118299026,0.012192366399999998,0.012629467133333332,0.0075935421,0.007628812566666667,0.00760660948,0.010030563933333332,0.0095459715,0.011029579233333335,0.009152539666666666,0.0029766103333333334,0.004786711916666667,0.007875108600000002,0.009805043466666667,0.010634206133333332,0.006128217733333333,0.012642266266666667,0.007037413,0.010466702866666667,0.014918866066666668,0.010259900566666666,0.010931700333333334,0.008240358066666667,0.00515473095,0.0057140986,0.013986383,0.00459354914,0.0161827427,0.005194135399999999,0.0114607573,0.008058289833333334,0.0118299026,0.009152539666666666
8,0.0037224055333333335,0.006882798733333334,0.010608285766666666,0.013911722066666667,0.011577791366666666,0.0035809358333333333,0.011272152133333333,0.010126642166666667,0.0,0.011290707566666666,0.0067482769333333335,0.007384121466666667,0.0068885822333333326,0.0036294421666666662,0.0020791789,0.014583844193333334,0.017428320533333333,0.006327690733333333,0.0076021213666666665,0.0022820790433333337,0.015967945166666667,0.003528769933333333,0.0034078280000000003,0.007861721483333334,0.011288606999999999,0.017537764433333332,0.004393629233333333,0.00198338628,0.004512912,0.004511129866666667,0.00199693642,0.0053592385,0.0021971563666666667,0.007077052223333334,0.005533323633333333,0.003154935466666667,0.0053365411,0.011761913666666667,0.013562866199999999,0.012825592299999999,0.0051069956,0.01091547796,0.005475074,0.007402145793333333,0.0116772809,0.005371089800000001,0.008977059300000001,0.00457468629,0.0055109281000000005,0.010738629199999999,0.010918277700000001,0.0022094746666666666,0.012678128399999999,0.002564712383333333,0.009575694943333333,0.010226571633333332,0.012197689533333334,0.0070217609533333334,0.015668304833333334,0.011632795766666667,0.013562866199999999,0.0037224055333333335,0.013349495266666667,0.012825592299999999,0.0051069956,0.0152903399,0.0022820790433333337,0.01091547796,0.015967945166666667,0.003528769933333333,0.005475074,0.006882798733333334,0.008417644033333333,0.013780587933333335,0.010608285766666666,0.013911722066666667,0.007402145793333333,0.0034078280000000003,0.01642168553333333,0.011577791366666666,0.0035809358333333333,0.011272152133333333,0.007861721483333334,0.015619808466666668,0.010126642166666667,0.010556511233333335,0.013014135666666666,0.0,0.0116772809,0.011288606999999999,0.011333191233333333,0.0092986863,0.011290707566666666,0.005371089800000001,0.016396373666666665,0.008977059300000001,0.017537764433333332,0.00457468629,0.0055109281000000005,0.0067482769333333335,0.007384121466666667,0.010738629199999999,0.0104363142,0.013141709433333334,0.0068885822333333326,0.004393629233333333,0.01275245955,0.00198338628,0.010918277700000001,0.004512912,0.012624198266666668,0.0036294421666666662,0.0020791789,0.0022094746666666666,0.012678128399999999,0.014583844193333334,0.004511129866666667,0.017428320533333333,0.00199693642,0.0053592385,0.006327690733333333,0.002564712383333333,0.005566974466666667,0.012941940566666667,0.0076021213666666665,0.0021971563666666667,0.007077052223333334,0.009575694943333333,0.010226571633333332,0.005533323633333333,0.003154935466666667,0.0053365411,0.010114459133333333,0.012197689533333334,0.011761913666666667,0.0070217609533333334,0.015668304833333334,0.011632795766666667,0.013349495266666667,0.0152903399,0.008417644033333333,0.013780587933333335,0.01642168553333333,0.015619808466666668,0.010556511233333335,0.013014135666666666,0.011333191233333333,0.0092986863,0.016396373666666665,0.0104363142,0.013141709433333334,0.01275245955,0.012624198266666668,0.005566974466666667,0.012941940566666667,0.010114459133333333
9,0.015973335366666667,0.013687837,0.01101664901,0.009452337123333333,0.0024322449200000003,0.01562808005,0.0052424828,0.013936817633333333,0.011290707566666666,0.0,0.014575175766666667,0.009533673633333333,0.0051927922999999996,0.005036221,0.013532565133333334,0.006256616113333334,0.008582438623333334,0.011381022033333332,0.0038831968600000003,0.010981708599999999,0.004823807746666667,0.0159663519,0.01929723783333333,0.006259711633333333,0.0029449363,0.026469284,0.012311085143333334,0.0134172262,0.018722380166666663,0.010836100466666667,0.010609622933333333,0.015182793600000001,0.0122265557,0.020626467486666668,0.011242766686666666,0.0131021086,0.0086720308,0.0065920868,0.0137409033,0.015724174266666665,0.006417161333333333,0.0014964282533333336,0.014932616526666666,0.015890971766666668,0.0014515479233333333,0.0113970338,0.006623436953333334,0.009138292056666665,0.0037489413333333336,0.017050090366666663,0.004252181523333333,0.013376252,0.005087822520000001,0.013227069153333333,0.016229927683333333,0.014272932266666667,0.00909080891,0.016420984266666667,0.005824997166666667,0.0052165668333333335,0.0137409033,0.015973335366666667,0.0066220919,0.015724174266666665,0.006417161333333333,0.0051653126,0.010981708599999999,0.0014964282533333336,0.004823807746666667,0.0159663519,0.014932616526666666,0.013687837,0.005169836466666666,0.007193203793333334,0.01101664901,0.009452337123333333,0.015890971766666668,0.01929723783333333,0.006121271716666667,0.0024322449200000003,0.01562808005,0.0052424828,0.006259711633333333,0.00591464822,0.013936817633333333,0.005665997813333334,0.005000976733333333,0.011290707566666666,0.0014515479233333333,0.0029449363,0.010560725243333334,0.010474860623333334,0.0,0.0113970338,0.0074691415,0.006623436953333334,0.026469284,0.009138292056666665,0.0037489413333333336,0.014575175766666667,0.009533673633333333,0.017050090366666663,0.010733049953333334,0.0031815211,0.0051927922999999996,0.012311085143333334,0.007230556010000001,0.0134172262,0.004252181523333333,0.018722380166666663,0.004147793846666667,0.005036221,0.013532565133333334,0.013376252,0.005087822520000001,0.006256616113333334,0.010836100466666667,0.008582438623333334,0.010609622933333333,0.015182793600000001,0.011381022033333332,0.013227069153333333,0.007159739733333333,0.005652733766666666,0.0038831968600000003,0.0122265557,0.020626467486666668,0.016229927683333333,0.014272932266666667,0.011242766686666666,0.0131021086,0.0086720308,0.006553846466666667,0.00909080891,0.0065920868,0.016420984266666667,0.005824997166666667,0.0052165668333333335,0.0066220919,0.0051653126,0.005169836466666666,0.007193203793333334,0.006121271716666667,0.00591464822,0.005665997813333334,0.005000976733333333,0.010560725243333334,0.010474860623333334,0.0074691415,0.010733049953333334,0.0031815211,0.007230556010000001,0.004147793846666667,0.007159739733333333,0.005652733766666666,0.006553846466666667
10,0.0020580311666666667,0.0028617760000000003,0.009684318433333334,0.012706939766666666,0.014123515333333335,0.010429716433333335,0.016882923933333332,0.008953251333333332,0.0067482769333333335,0.014575175766666667,0.0,0.005734316366666668,0.008125394533333333,0.008684561616666668,0.004614220166666667,0.016626853246666667,0.018552009233333333,0.0098282536,0.007108245133333333,0.00464883455,0.016318231733333334,0.007053921733333333,0.006797790433333333,0.006710030466666667,0.016026989543333335,0.025300809,0.00906415575,0.008297540833333334,0.003879447733333333,0.013301386266666666,0.00554028356,0.009155937,0.01194236271,0.0040971616666666665,0.0021925806833333335,0.0026593506766666663,0.003851226966666667,0.0128520291,0.014687949300000001,0.00834500775,0.0048062544,0.0120952568,0.0032229642366666668,0.007730583233333334,0.013499234023333334,0.011535670266666666,0.00508792587,0.01281863833,0.009957478133333333,0.0021888832333333335,0.00920596114,0.006056273,0.016059432433333333,0.00419880752,0.003185496683333333,0.0030776797999999997,0.011976011633333334,0.0021606305999999995,0.015480500566666666,0.008317399066666667,0.014687949300000001,0.0020580311666666667,0.010384488166666667,0.00834500775,0.0048062544,0.014741893499999999,0.00464883455,0.0120952568,0.016318231733333334,0.007053921733333333,0.0032229642366666668,0.0028617760000000003,0.00783082859,0.0123768527,0.009684318433333334,0.012706939766666666,0.007730583233333334,0.006797790433333333,0.016585884399999997,0.014123515333333335,0.010429716433333335,0.016882923933333332,0.006710030466666667,0.015409572799999998,0.008953251333333332,0.007321457266666666,0.010810476516666667,0.0067482769333333335,0.013499234023333334,0.016026989543333335,0.005921395716666666,0.004883506033333333,0.014575175766666667,0.011535670266666666,0.020389201333333332,0.00508792587,0.025300809,0.01281863833,0.009957478133333333,0.0,0.005734316366666668,0.0021888832333333335,0.005373483733333334,0.015158438800000002,0.008125394533333333,0.00906415575,0.01136632409,0.008297540833333334,0.00920596114,0.003879447733333333,0.010127037799999999,0.008684561616666668,0.004614220166666667,0.006056273,0.016059432433333333,0.016626853246666667,0.013301386266666666,0.018552009233333333,0.00554028356,0.009155937,0.0098282536,0.00419880752,0.0047369978,0.018317936466666667,0.007108245133333333,0.01194236271,0.0040971616666666665,0.003185496683333333,0.0030776797999999997,0.0021925806833333335,0.0026593506766666663,0.003851226966666667,0.0058371405,0.011976011633333334,0.0128520291,0.0021606305999999995,0.015480500566666666,0.008317399066666667,0.010384488166666667,0.014741893499999999,0.00783082859,0.0123768527,0.016585884399999997,0.015409572799999998,0.007321457266666666,0.010810476516666667,0.005921395716666666,0.004883506033333333,0.020389201333333332,0.005373483733333334,0.015158438800000002,0.01136632409,0.010127037799999999,0.0047369978,0.018317936466666667,0.0058371405
11,0.0068187316333333334,0.005618997266666667,0.006154288900000001,0.006432608666666667,0.010537904766666667,0.010917756666666665,0.009735564666666667,0.006021143866666666,0.007384121466666667,0.009533673633333333,0.005734316366666668,3.973642999999999e-09,0.0042479794,0.006681011200000001,0.007663146733333334,0.009906788666666666,0.011909566399999998,0.006076222666666667,0.006109023,0.0060709635,0.010712985333333334,0.008999516666666667,0.0095238266,0.004927007366666666,0.009272553666666666,0.021424080666666668,0.0095779241,0.007612299766666666,0.008882916133333333,0.010050161533333333,0.005626944866666666,0.008228665333333333,0.011133299233333333,0.0092207076,0.005691995333333334,0.005704053166666666,0.0053362767999999994,0.006128368666666667,0.015032334700000002,0.007817159166666667,0.0051285683,0.008625441700000002,0.006058035266666666,0.008437524233333332,0.009464158666666667,0.0095520356,0.005947194366666668,0.011190261600000001,0.0073168597333333335,0.0078528741,0.005855202766666666,0.007461374866666666,0.008595001666666666,0.0068321645666666675,0.006574307033333334,0.006124542033333334,0.005877174999999999,0.0063877442999999996,0.007407142666666667,0.005586608266666667,0.015032334700000002,0.0068187316333333334,0.004272127133333334,0.007817159166666667,0.0051285683,0.0069643518,0.0060709635,0.008625441700000002,0.010712985333333334,0.008999516666666667,0.006058035266666666,0.005618997266666667,0.0025038778666666667,0.0068943780000000005,0.006154288900000001,0.006432608666666667,0.008437524233333332,0.0095238266,0.009381511266666668,0.010537904766666667,0.010917756666666665,0.009735564666666667,0.004927007366666666,0.007412737433333334,0.006021143866666666,0.0039928675,0.004848289466666667,0.007384121466666667,0.009464158666666667,0.009272553666666666,0.0035810688666666666,0.003397172633333333,0.009533673633333333,0.0095520356,0.012353553833333333,0.005947194366666668,0.021424080666666668,0.011190261600000001,0.0073168597333333335,0.005734316366666668,3.973642999999999e-09,0.0078528741,0.0038866797666666664,0.008781866150000001,0.0042479794,0.0095779241,0.0045474887,0.007612299766666666,0.005855202766666666,0.008882916133333333,0.005064626666666666,0.006681011200000001,0.007663146733333334,0.007461374866666666,0.008595001666666666,0.009906788666666666,0.010050161533333333,0.011909566399999998,0.005626944866666666,0.008228665333333333,0.006076222666666667,0.0068321645666666675,0.0030422290333333335,0.010634966599999999,0.006109023,0.011133299233333333,0.0092207076,0.006574307033333334,0.006124542033333334,0.005691995333333334,0.005704053166666666,0.0053362767999999994,0.003767679033333333,0.005877174999999999,0.006128368666666667,0.0063877442999999996,0.007407142666666667,0.005586608266666667,0.004272127133333334,0.0069643518,0.0025038778666666667,0.0068943780000000005,0.009381511266666668,0.007412737433333334,0.0039928675,0.004848289466666667,0.0035810688666666666,0.003397172633333333,0.012353553833333333,0.0038866797666666664,0.008781866150000001,0.0045474887,0.005064626666666666,0.0030422290333333335,0.010634966599999999,0.003767679033333333
