,omer_02.jpg,tal_05.jpg,omer_07.jpg,tal_06.jpg,omer_06.jpg,omer_08.jpg,tal_01.jpg,omer_03.jpg,tal_07.jpg,tal_03.jpg,omer_04.jpg,omer_10.jpg,tal_09.jpg,tal_02.jpg,tal_08.jpg,omer_09.jpg,tal_10.jpg,omer_05.jpg,tal_04.jpg,matt_04.jpg,dom_10.jpg,dom_05.jpg,matt_08.jpg,dom_04.jpg,matt_02.jpg,matt_07.jpg,matt_06.jpg,matt_05.jpg,dom_07.jpg,dom_03.jpg,matt_03.jpg,matt_01.jpg,dom_06.jpg,matt_10.jpg,dom_01.jpg,dom_09.jpg,matt_09.jpg,dom_02.jpg,tess_03.jpg,taz_06.jpg,taz_04.jpg,taz_03.jpg,tess_01.jpg,tess_07.jpg,tess_05.jpg,taz_05.jpg,tess_02.jpg,tess_09.jpg,tess_06.jpg,taz_07.jpg,taz_02.jpg,tess_04.jpg,taz_09.jpg,tess_08.jpg,taz_08.jpg,taz_01.jpg,tess_10.jpg,taz_10.jpg,marina_07.jpg,tamar_04.jpg,tess_03.jpg.1,omer_02.jpg.1,marina_04.jpg,taz_06.jpg.1,taz_04.jpg.1,marina_01.jpg,matt_04.jpg.1,taz_03.jpg.1,dom_10.jpg.1,dom_05.jpg.1,tess_01.jpg.1,tal_05.jpg.1,marina_06.jpg,tamar_09.jpg,omer_07.jpg.1,tal_06.jpg.1,tess_07.jpg.1,matt_08.jpg.1,marina_08.jpg,omer_06.jpg.1,omer_08.jpg.1,tal_01.jpg.1,dom_04.jpg.1,tamar_10.jpg,omer_03.jpg.1,tamar_02.jpg,tamar_05.jpg,tal_07.jpg.1,tess_05.jpg.1,matt_02.jpg.1,tamar_07.jpg,tamar_03.jpg,tal_03.jpg.1,taz_05.jpg.1,marina_09.jpg,tess_02.jpg.1,matt_07.jpg.1,tess_09.jpg.1,tess_06.jpg.1,omer_04.jpg.1,omer_10.jpg.1,taz_07.jpg.1,tamar_01.jpg,marina_10.jpg,tal_09.jpg.1,matt_06.jpg.1,tamar_06.jpg,matt_05.jpg.1,taz_02.jpg.1,dom_07.jpg.1,marina_05.jpg,tal_02.jpg.1,tal_08.jpg.1,tess_04.jpg.1,taz_09.jpg.1,omer_09.jpg.1,dom_03.jpg.1,tal_10.jpg.1,matt_03.jpg.1,matt_01.jpg.1,omer_05.jpg.1,tess_08.jpg.1,marina_02.jpg,marina_03.jpg,tal_04.jpg.1,dom_06.jpg.1,matt_10.jpg.1,taz_08.jpg.1,taz_01.jpg.1,dom_01.jpg.1,dom_09.jpg.1,matt_09.jpg.1,tamar_08.jpg,tess_10.jpg.1,dom_02.jpg.1,taz_10.jpg.1,marina_07.jpg.1,tamar_04.jpg.1,marina_04.jpg.1,marina_01.jpg.1,marina_06.jpg.1,tamar_09.jpg.1,marina_08.jpg.1,tamar_10.jpg.1,tamar_02.jpg.1,tamar_05.jpg.1,tamar_07.jpg.1,tamar_03.jpg.1,marina_09.jpg.1,tamar_01.jpg.1,marina_10.jpg.1,tamar_06.jpg.1,marina_05.jpg.1,marina_02.jpg.1,marina_03.jpg.1,tamar_08.jpg.1
0,1.9868214999999996e-09,0.022670857,0.014356011333333333,0.028716242333333333,0.014183869333333331,0.010767134000000001,0.019564102000000003,0.011903500333333334,0.017575266,0.019241973000000002,0.009462599,0.016953229666666667,0.021124945000000003,0.016839611666666664,0.028892691999999998,0.011777156666666667,0.029746731000000002,0.016720271,0.035248921333333336,0.037977503333333336,0.037448046666666665,0.034025818000000006,0.046474103333333336,0.03588545333333334,0.029921806666666665,0.026992841666666666,0.025999792,0.03693353333333334,0.03134757066666667,0.033037631,0.040068394666666673,0.037386461333333336,0.034440380666666666,0.03661808666666667,0.034817491666666665,0.034672869,0.038421293333333335,0.03344813333333333,0.04983236666666667,0.055132697999999994,0.056547770000000004,0.05688071066666667,0.055813723999999995,0.05229928666666666,0.05717049333333334,0.05459621566666666,0.05581080733333333,0.05417434,0.05131357,0.04997608666666666,0.04969440000000001,0.05655286433333333,0.055027989666666666,0.05464618,0.04929432533333333,0.055627453333333333,0.056994121333333335,0.05040616333333334,0.05102726666666667,0.05400945,0.04983236666666667,1.9868214999999996e-09,0.050301809999999995,0.055132697999999994,0.056547770000000004,0.05395396833333333,0.037977503333333336,0.05688071066666667,0.037448046666666665,0.034025818000000006,0.055813723999999995,0.022670857,0.048399693333333334,0.05238608,0.014356011333333333,0.028716242333333333,0.05229928666666666,0.046474103333333336,0.05320270666666667,0.014183869333333331,0.010767134000000001,0.019564102000000003,0.03588545333333334,0.049102476666666665,0.011903500333333334,0.05338551766666666,0.051198719999999996,0.017575266,0.05717049333333334,0.029921806666666665,0.045016030666666665,0.05051971,0.019241973000000002,0.05459621566666666,0.054057434333333335,0.05581080733333333,0.026992841666666666,0.05417434,0.05131357,0.009462599,0.016953229666666667,0.04997608666666666,0.05105716566666666,0.04806149333333333,0.021124945000000003,0.025999792,0.05368679233333333,0.03693353333333334,0.04969440000000001,0.03134757066666667,0.05061334366666667,0.016839611666666664,0.028892691999999998,0.05655286433333333,0.055027989666666666,0.011777156666666667,0.033037631,0.029746731000000002,0.040068394666666673,0.037386461333333336,0.016720271,0.05464618,0.05390651433333334,0.04547908666666667,0.035248921333333336,0.034440380666666666,0.03661808666666667,0.04929432533333333,0.055627453333333333,0.034817491666666665,0.034672869,0.038421293333333335,0.049907569000000006,0.056994121333333335,0.03344813333333333,0.05040616333333334,0.05102726666666667,0.05400945,0.050301809999999995,0.05395396833333333,0.048399693333333334,0.05238608,0.05320270666666667,0.049102476666666665,0.05338551766666666,0.051198719999999996,0.045016030666666665,0.05051971,0.054057434333333335,0.05105716566666666,0.04806149333333333,0.05368679233333333,0.05061334366666667,0.05390651433333334,0.04547908666666667,0.049907569000000006
1,0.022670857,0.0,0.025997950333333335,0.020492859999999998,0.028130292999999997,0.021712696333333333,0.022584963,0.02241141,0.030707079333333335,0.016699558666666666,0.021127360666666664,0.01797709066666667,0.023313113333333333,0.028514763333333328,0.036769429666666666,0.022885048333333335,0.026796325333333332,0.029992549,0.040474958666666665,0.03594663333333334,0.03885346133333333,0.03585357866666667,0.042046735333333335,0.031605847666666666,0.026875826000000002,0.02437854,0.03155636833333333,0.037497484666666664,0.030718393333333333,0.034470740666666666,0.04193356166666667,0.035272652,0.036943988999999997,0.03957914866666667,0.03596958733333333,0.03772934666666667,0.04062157,0.036997055333333334,0.05159874133333333,0.05603292366666667,0.05745046333333333,0.05858645466666667,0.05822622433333333,0.05556286433333333,0.05860261433333334,0.055318491666666664,0.05653119533333333,0.055329971,0.053867978,0.04968302333333333,0.05054998,0.058303123666666665,0.05691510833333333,0.05783644533333333,0.055656170000000005,0.05567777933333333,0.05752836433333333,0.05102527833333334,0.053828520000000005,0.05266341333333333,0.05159874133333333,0.022670857,0.051199569,0.05603292366666667,0.05745046333333333,0.05511088333333333,0.03594663333333334,0.05858645466666667,0.03885346133333333,0.03585357866666667,0.05822622433333333,0.0,0.055170322,0.051253596666666665,0.025997950333333335,0.020492859999999998,0.05556286433333333,0.042046735333333335,0.05262481966666666,0.028130292999999997,0.021712696333333333,0.022584963,0.031605847666666666,0.048077275,0.02241141,0.052582776666666664,0.05447601333333334,0.030707079333333335,0.05860261433333334,0.026875826000000002,0.05084101333333334,0.05688732666666666,0.016699558666666666,0.055318491666666664,0.055476929999999994,0.05653119533333333,0.02437854,0.055329971,0.053867978,0.021127360666666664,0.01797709066666667,0.04968302333333333,0.054745773333333324,0.05027790433333334,0.023313113333333333,0.03155636833333333,0.056145191000000004,0.037497484666666664,0.05054998,0.030718393333333333,0.05287302133333333,0.028514763333333328,0.036769429666666666,0.058303123666666665,0.05691510833333333,0.022885048333333335,0.034470740666666666,0.026796325333333332,0.04193356166666667,0.035272652,0.029992549,0.05783644533333333,0.05732377466666667,0.049732718,0.040474958666666665,0.036943988999999997,0.03957914866666667,0.055656170000000005,0.05567777933333333,0.03596958733333333,0.03772934666666667,0.04062157,0.053609704999999994,0.05752836433333333,0.036997055333333334,0.05102527833333334,0.053828520000000005,0.05266341333333333,0.051199569,0.05511088333333333,0.055170322,0.051253596666666665,0.05262481966666666,0.048077275,0.052582776666666664,0.05447601333333334,0.05084101333333334,0.05688732666666666,0.055476929999999994,0.054745773333333324,0.05027790433333334,0.056145191000000004,0.05287302133333333,0.05732377466666667,0.049732718,0.053609704999999994
2,0.014356011333333333,0.025997950333333335,3.973642999999999e-09,0.02513921066666667,0.016796601,0.015572677000000002,0.021736,0.018283836,0.02097912433333333,0.01957536333333333,0.015104007666666667,0.020081108666666667,0.03084886933333333,0.02179721,0.028036063333333337,0.016846883333333333,0.02956641733333333,0.022187922333333332,0.032260527000000004,0.038935481666666674,0.03251546333333333,0.02843314,0.046606061,0.030209199666666665,0.029444401000000002,0.028320493333333332,0.02357981,0.03434023766666667,0.026819191333333332,0.02661460666666667,0.04031234533333334,0.033747883666666666,0.028437080000000003,0.03320219233333334,0.03184521233333334,0.032524987,0.03803425666666667,0.026626298666666666,0.044035313333333326,0.05058990333333333,0.05168369533333334,0.05332697333333333,0.049521315333333336,0.04632690466666667,0.053022678000000004,0.05050525666666667,0.05066239333333333,0.048171273333333334,0.046056483333333335,0.044751479999999996,0.04646304766666667,0.051258900999999996,0.05099236833333333,0.049455200000000005,0.04501023333333333,0.051213309,0.05183550800000001,0.045650623333333334,0.049287171666666664,0.05135369,0.044035313333333326,0.014356011333333333,0.04794935333333334,0.05058990333333333,0.05168369533333334,0.053664876666666673,0.038935481666666674,0.05332697333333333,0.03251546333333333,0.02843314,0.049521315333333336,0.025997950333333335,0.045822903333333324,0.04859517,3.973642999999999e-09,0.02513921066666667,0.04632690466666667,0.046606061,0.05073561,0.016796601,0.015572677000000002,0.021736,0.030209199666666665,0.04552814166666666,0.018283836,0.04854335,0.04742146333333334,0.02097912433333333,0.053022678000000004,0.029444401000000002,0.042582365000000004,0.04516925166666666,0.01957536333333333,0.05050525666666667,0.05116789766666666,0.05066239333333333,0.028320493333333332,0.048171273333333334,0.046056483333333335,0.015104007666666667,0.020081108666666667,0.044751479999999996,0.045360729,0.04806388466666667,0.03084886933333333,0.02357981,0.049099554999999996,0.03434023766666667,0.04646304766666667,0.026819191333333332,0.047184503333333336,0.02179721,0.028036063333333337,0.051258900999999996,0.05099236833333333,0.016846883333333333,0.02661460666666667,0.02956641733333333,0.04031234533333334,0.033747883666666666,0.022187922333333332,0.049455200000000005,0.05259487333333334,0.040681303333333335,0.032260527000000004,0.028437080000000003,0.03320219233333334,0.04501023333333333,0.051213309,0.03184521233333334,0.032524987,0.03803425666666667,0.04709382833333334,0.05183550800000001,0.026626298666666666,0.045650623333333334,0.049287171666666664,0.05135369,0.04794935333333334,0.053664876666666673,0.045822903333333324,0.04859517,0.05073561,0.04552814166666666,0.04854335,0.04742146333333334,0.042582365000000004,0.04516925166666666,0.05116789766666666,0.045360729,0.04806388466666667,0.049099554999999996,0.047184503333333336,0.05259487333333334,0.040681303333333335,0.04709382833333334
3,0.028716242333333333,0.020492859999999998,0.02513921066666667,0.0,0.023315461333333332,0.027986780666666666,0.018322102333333333,0.026825672666666668,0.026913264666666666,0.013710765333333331,0.027975326999999998,0.023309924,0.029251613333333332,0.033708620333333335,0.03455233133333334,0.029381690000000002,0.029772792666666666,0.03226802133333333,0.034835635,0.03243954533333334,0.02658924266666667,0.038062843333333325,0.03928712,0.028141562,0.026575182,0.025881207,0.035575386666666674,0.03539660133333333,0.03429832866666667,0.028909572,0.040318227666666664,0.03603213166666667,0.03169064,0.042331015,0.030145919333333333,0.036708653333333334,0.04506946533333333,0.023745356,0.0494956,0.05136072866666666,0.056758380000000004,0.05663825200000001,0.058081226666666666,0.055105503333333326,0.05505935333333333,0.05444224133333333,0.052861313,0.05439558533333333,0.051986606666666664,0.049751346666666675,0.046398977666666674,0.057892282,0.054997959,0.05576063233333333,0.05309097166666667,0.054105311999999996,0.052362716000000004,0.04545842033333334,0.04764871466666667,0.04583443499999999,0.0494956,0.028716242333333333,0.03710543766666666,0.05136072866666666,0.056758380000000004,0.05080363166666667,0.03243954533333334,0.05663825200000001,0.02658924266666667,0.038062843333333325,0.058081226666666666,0.020492859999999998,0.046228762333333326,0.046523223333333336,0.02513921066666667,0.0,0.055105503333333326,0.03928712,0.044307189,0.023315461333333332,0.027986780666666666,0.018322102333333333,0.028141562,0.038076798,0.026825672666666668,0.046321121666666666,0.04255792333333333,0.026913264666666666,0.05505935333333333,0.026575182,0.039964709,0.04862957466666667,0.013710765333333331,0.05444224133333333,0.04770627433333333,0.052861313,0.025881207,0.05439558533333333,0.051986606666666664,0.027975326999999998,0.023309924,0.049751346666666675,0.046895559999999996,0.04441858466666666,0.029251613333333332,0.035575386666666674,0.049714938,0.03539660133333333,0.046398977666666674,0.03429832866666667,0.041733665333333336,0.033708620333333335,0.03455233133333334,0.057892282,0.054997959,0.029381690000000002,0.028909572,0.029772792666666666,0.040318227666666664,0.03603213166666667,0.03226802133333333,0.05576063233333333,0.05283837333333333,0.041218252,0.034835635,0.03169064,0.042331015,0.05309097166666667,0.054105311999999996,0.030145919333333333,0.036708653333333334,0.04506946533333333,0.044872887666666667,0.052362716000000004,0.023745356,0.04545842033333334,0.04764871466666667,0.04583443499999999,0.03710543766666666,0.05080363166666667,0.046228762333333326,0.046523223333333336,0.044307189,0.038076798,0.046321121666666666,0.04255792333333333,0.039964709,0.04862957466666667,0.04770627433333333,0.046895559999999996,0.04441858466666666,0.049714938,0.041733665333333336,0.05283837333333333,0.041218252,0.044872887666666667
4,0.014183869333333331,0.028130292999999997,0.016796601,0.023315461333333332,0.0,0.019550929333333335,0.011214963333333333,0.023421203999999998,0.014655139000000001,0.019783745333333335,0.020864927666666665,0.029288309999999998,0.027609244333333335,0.01710746466666667,0.017224578,0.023510315333333334,0.027731850000000002,0.022716893999999998,0.022579012333333332,0.035208336666666666,0.02586827666666667,0.033850338,0.04300201666666667,0.028226322,0.023997126333333334,0.027651986,0.031922099999999995,0.03382043999999999,0.03141031066666667,0.025338911999999998,0.03647562100000001,0.036292123333333336,0.02961091533333333,0.03795252666666667,0.031110823333333332,0.035059359,0.041670208666666674,0.020978864,0.044281724333333335,0.050348102,0.05232480366666666,0.053512366666666665,0.05248692666666666,0.05031597666666667,0.05182895666666667,0.05149914133333333,0.049794114333333334,0.049546638999999996,0.04877550533333333,0.04880512866666667,0.04603294866666666,0.05464019,0.05075024133333333,0.04899361566666667,0.046081247666666665,0.051422470000000005,0.05116490566666667,0.043670145,0.048660445000000004,0.046311518,0.044281724333333335,0.014183869333333331,0.04519638,0.050348102,0.05232480366666666,0.05315560133333333,0.035208336666666666,0.053512366666666665,0.02586827666666667,0.033850338,0.05248692666666666,0.028130292999999997,0.043575244666666665,0.04365257166666667,0.016796601,0.023315461333333332,0.05031597666666667,0.04300201666666667,0.046141862666666665,0.0,0.019550929333333335,0.011214963333333333,0.028226322,0.04426659666666667,0.023421203999999998,0.04609302666666667,0.043826902333333334,0.014655139000000001,0.05182895666666667,0.023997126333333334,0.036868997333333334,0.044705145,0.019783745333333335,0.05149914133333333,0.049287033,0.049794114333333334,0.027651986,0.049546638999999996,0.04877550533333333,0.020864927666666665,0.029288309999999998,0.04880512866666667,0.04272467666666667,0.042007194666666664,0.027609244333333335,0.031922099999999995,0.04913397166666667,0.03382043999999999,0.04603294866666666,0.03141031066666667,0.044896918333333334,0.01710746466666667,0.017224578,0.05464019,0.05075024133333333,0.023510315333333334,0.025338911999999998,0.027731850000000002,0.03647562100000001,0.036292123333333336,0.022716893999999998,0.04899361566666667,0.05126089333333333,0.04051437966666667,0.022579012333333332,0.02961091533333333,0.03795252666666667,0.046081247666666665,0.051422470000000005,0.031110823333333332,0.035059359,0.041670208666666674,0.04108207333333334,0.05116490566666667,0.020978864,0.043670145,0.048660445000000004,0.046311518,0.04519638,0.05315560133333333,0.043575244666666665,0.04365257166666667,0.046141862666666665,0.04426659666666667,0.04609302666666667,0.043826902333333334,0.036868997333333334,0.044705145,0.049287033,0.04272467666666667,0.042007194666666664,0.04913397166666667,0.044896918333333334,0.05126089333333333,0.04051437966666667,0.04108207333333334
5,0.010767134000000001,0.021712696333333333,0.015572677000000002,0.027986780666666666,0.019550929333333335,0.0,0.022925868,0.010458491333333335,0.025241118333333333,0.024281412333333332,0.0071997244666666665,0.016098705666666664,0.024635370666666667,0.02204845,0.036338239666666675,0.008543235000000001,0.03243691333333333,0.019227495,0.04166145499999999,0.039526005,0.043237856666666664,0.030659069333333334,0.05152096866666667,0.03782399166666666,0.034042694666666665,0.030566501666666666,0.03221950533333333,0.040892956666666674,0.029748746,0.030768235666666664,0.041874749,0.040337488666666664,0.036648015,0.039805985333333335,0.036169396666666666,0.036547555333333336,0.040239044,0.03517569766666666,0.05362459033333333,0.058891943333333335,0.059102867999999996,0.06038091,0.0583489,0.05542930133333333,0.060350303333333334,0.058391616666666674,0.05856871433333333,0.05745588,0.05486646666666666,0.05156876466666667,0.05521350666666667,0.058320790666666664,0.05905631666666667,0.057882362666666666,0.05510637666666666,0.05797124333333333,0.058746400000000004,0.05514077999999999,0.05468795233333333,0.056756466666666665,0.05362459033333333,0.010767134000000001,0.052200986666666664,0.058891943333333335,0.059102867999999996,0.055245012,0.039526005,0.06038091,0.043237856666666664,0.030659069333333334,0.0583489,0.021712696333333333,0.054214349999999994,0.057316923333333346,0.015572677000000002,0.027986780666666666,0.05542930133333333,0.05152096866666667,0.055850578,0.019550929333333335,0.0,0.022925868,0.03782399166666666,0.05268359,0.010458491333333335,0.056216545666666666,0.05641819000000001,0.025241118333333333,0.060350303333333334,0.034042694666666665,0.05286460900000001,0.05747936,0.024281412333333332,0.058391616666666674,0.057962491666666664,0.05856871433333333,0.030566501666666666,0.05745588,0.05486646666666666,0.0071997244666666665,0.016098705666666664,0.05156876466666667,0.05682374566666667,0.052466139,0.024635370666666667,0.03221950533333333,0.05855228133333333,0.040892956666666674,0.05521350666666667,0.029748746,0.05468575333333333,0.02204845,0.036338239666666675,0.058320790666666664,0.05905631666666667,0.008543235000000001,0.030768235666666664,0.03243691333333333,0.041874749,0.040337488666666664,0.019227495,0.057882362666666666,0.05880779333333333,0.05125160666666666,0.04166145499999999,0.036648015,0.039805985333333335,0.05510637666666666,0.05797124333333333,0.036169396666666666,0.036547555333333336,0.040239044,0.05472013333333334,0.058746400000000004,0.03517569766666666,0.05514077999999999,0.05468795233333333,0.056756466666666665,0.052200986666666664,0.055245012,0.054214349999999994,0.057316923333333346,0.055850578,0.05268359,0.056216545666666666,0.05641819000000001,0.05286460900000001,0.05747936,0.057962491666666664,0.05682374566666667,0.052466139,0.05855228133333333,0.05468575333333333,0.05880779333333333,0.05125160666666666,0.05472013333333334
6,0.019564102000000003,0.022584963,0.021736,0.018322102333333333,0.011214963333333333,0.022925868,3.973642999999999e-09,0.025284590333333332,0.01918089,0.015548509,0.02447210766666667,0.027974255666666666,0.02573421,0.023892871,0.022032054333333335,0.026012380999999998,0.028228265,0.028286127333333334,0.02854518666666667,0.03452787833333334,0.029705759,0.034274802666666666,0.040191979999999995,0.025860391,0.024008941333333332,0.027696463333333334,0.031046060666666663,0.035986653333333334,0.031596443999999994,0.026729645333333333,0.037082582,0.03937001500000001,0.031168935666666668,0.03902513,0.030324628,0.03509676133333332,0.04362848133333334,0.022963935333333334,0.043462085000000004,0.04703371433333333,0.052077239666666664,0.05363829,0.054333079,0.05205197666666666,0.05304953233333333,0.04952813333333333,0.05084428666666666,0.050477981666666664,0.046146929999999996,0.045154667,0.04271115533333334,0.05657191066666667,0.05094476866666667,0.05080042,0.045429312,0.051179689,0.05263971566666667,0.03971300233333334,0.048733733333333334,0.049441206333333335,0.043462085000000004,0.019564102000000003,0.04261236366666667,0.04703371433333333,0.052077239666666664,0.05473674933333334,0.03452787833333334,0.05363829,0.029705759,0.034274802666666666,0.054333079,0.022584963,0.041829195,0.04353451,0.021736,0.018322102333333333,0.05205197666666666,0.040191979999999995,0.045663845666666675,0.011214963333333333,0.022925868,3.973642999999999e-09,0.025860391,0.045150676666666674,0.025284590333333332,0.04923377666666666,0.04404936766666667,0.01918089,0.05304953233333333,0.024008941333333332,0.037158018333333334,0.045328306666666665,0.015548509,0.04952813333333333,0.04714238333333333,0.05084428666666666,0.027696463333333334,0.050477981666666664,0.046146929999999996,0.02447210766666667,0.027974255666666666,0.045154667,0.043918295999999996,0.03937265433333333,0.02573421,0.031046060666666663,0.05178594566666667,0.035986653333333334,0.04271115533333334,0.031596443999999994,0.042734169,0.023892871,0.022032054333333335,0.05657191066666667,0.05094476866666667,0.026012380999999998,0.026729645333333333,0.028228265,0.037082582,0.03937001500000001,0.028286127333333334,0.05080042,0.050992938999999994,0.03690704,0.02854518666666667,0.031168935666666668,0.03902513,0.045429312,0.051179689,0.030324628,0.03509676133333332,0.04362848133333334,0.04344284833333334,0.05263971566666667,0.022963935333333334,0.03971300233333334,0.048733733333333334,0.049441206333333335,0.04261236366666667,0.05473674933333334,0.041829195,0.04353451,0.045663845666666675,0.045150676666666674,0.04923377666666666,0.04404936766666667,0.037158018333333334,0.045328306666666665,0.04714238333333333,0.043918295999999996,0.03937265433333333,0.05178594566666667,0.042734169,0.050992938999999994,0.03690704,0.04344284833333334
7,0.011903500333333334,0.02241141,0.018283836,0.026825672666666668,0.023421203999999998,0.010458491333333335,0.025284590333333332,5.960464499999999e-09,0.027580539,0.023242578666666666,0.007910146333333333,0.015460350000000001,0.016840148,0.030461504333333337,0.04093113566666667,0.006892492333333333,0.033056459999999996,0.014201994333333334,0.04351667666666667,0.04042502666666667,0.043026473333333336,0.037048801,0.05068507666666667,0.042096658333333335,0.036663959333333336,0.028839836666666667,0.03159305833333333,0.042961464666666664,0.03704892233333334,0.03873137633333334,0.04517217466666667,0.041798140000000004,0.039081637999999995,0.042719355,0.04001590333333334,0.03887578633333333,0.041383580333333336,0.03693000333333333,0.05299656333333333,0.05703099166666667,0.057785541,0.05875064533333332,0.05871420666666667,0.05578760333333333,0.05989153166666667,0.057317719999999996,0.058100151666666676,0.057717945,0.052597849999999995,0.05173598333333333,0.05171586666666667,0.056958254666666666,0.05770037333333334,0.057774718666666676,0.052301554666666666,0.05732350133333333,0.05795712533333333,0.053658737666666664,0.051261648666666666,0.054541693333333335,0.05299656333333333,0.011903500333333334,0.047787739999999995,0.05703099166666667,0.057785541,0.05363030033333334,0.04042502666666667,0.05875064533333332,0.043026473333333336,0.037048801,0.05871420666666667,0.02241141,0.049021764333333336,0.055066866666666665,0.018283836,0.026825672666666668,0.05578760333333333,0.05068507666666667,0.052965036666666666,0.023421203999999998,0.010458491333333335,0.025284590333333332,0.042096658333333335,0.04845546333333332,5.960464499999999e-09,0.054768080000000004,0.053903065,0.027580539,0.05989153166666667,0.036663959333333336,0.050324763333333335,0.05585489833333333,0.023242578666666666,0.057317719999999996,0.05440341633333333,0.058100151666666676,0.028839836666666667,0.057717945,0.052597849999999995,0.007910146333333333,0.015460350000000001,0.05173598333333333,0.05495092133333334,0.04727550766666666,0.016840148,0.03159305833333333,0.055877135333333335,0.042961464666666664,0.05171586666666667,0.03704892233333334,0.05016020533333334,0.030461504333333337,0.04093113566666667,0.056958254666666666,0.05770037333333334,0.006892492333333333,0.03873137633333334,0.033056459999999996,0.04517217466666667,0.041798140000000004,0.014201994333333334,0.057774718666666676,0.056053128,0.04814311,0.04351667666666667,0.039081637999999995,0.042719355,0.052301554666666666,0.05732350133333333,0.04001590333333334,0.03887578633333333,0.041383580333333336,0.05290180433333334,0.05795712533333333,0.03693000333333333,0.053658737666666664,0.051261648666666666,0.054541693333333335,0.047787739999999995,0.05363030033333334,0.049021764333333336,0.055066866666666665,0.052965036666666666,0.04845546333333332,0.054768080000000004,0.053903065,0.050324763333333335,0.05585489833333333,0.05440341633333333,0.05495092133333334,0.04727550766666666,0.055877135333333335,0.05016020533333334,0.056053128,0.04814311,0.05290180433333334
8,0.017575266,0.030707079333333335,0.02097912433333333,0.026913264666666666,0.014655139000000001,0.025241118333333333,0.01918089,0.027580539,0.0,0.02378266433333333,0.024129319333333333,0.029771865666666668,0.030661544,0.018348727666666665,0.020998517333333334,0.02542574833333333,0.03248482933333333,0.025613844333333333,0.024205319333333333,0.038314227666666666,0.027787076666666667,0.032585999000000004,0.043280490000000005,0.025558422,0.030426623333333333,0.028344631666666665,0.02863245,0.030279766666666666,0.028545631999999998,0.030013205666666667,0.03932491666666667,0.03567767,0.026949815,0.032488381,0.029850155333333333,0.03040232433333333,0.038080992333333334,0.024579946666666668,0.04635030033333333,0.049910458666666664,0.054150084333333334,0.05341667533333332,0.053092110000000005,0.048735553,0.05212661500000001,0.051442176666666665,0.049224868666666664,0.050915513333333336,0.047459190000000005,0.046403811333333336,0.046372672,0.053548899000000004,0.05200738666666666,0.049883492999999994,0.04589404233333332,0.05448454666666667,0.050380850000000005,0.044596228,0.049405486666666665,0.04850056366666667,0.04635030033333333,0.017575266,0.04195025333333333,0.049910458666666664,0.054150084333333334,0.052410254333333336,0.038314227666666666,0.05341667533333332,0.027787076666666667,0.032585999000000004,0.053092110000000005,0.030707079333333335,0.03822522666666666,0.04608512466666667,0.02097912433333333,0.026913264666666666,0.048735553,0.043280490000000005,0.04679541,0.014655139000000001,0.025241118333333333,0.01918089,0.025558422,0.04293580333333333,0.027580539,0.046226406666666664,0.039857694666666665,0.0,0.05212661500000001,0.030426623333333333,0.035472049,0.041124610000000006,0.02378266433333333,0.051442176666666665,0.046892451333333335,0.049224868666666664,0.028344631666666665,0.050915513333333336,0.047459190000000005,0.024129319333333333,0.029771865666666668,0.046403811333333336,0.042770465,0.042881183333333336,0.030661544,0.02863245,0.04671617666666667,0.030279766666666666,0.046372672,0.028545631999999998,0.04122357566666667,0.018348727666666665,0.020998517333333334,0.053548899000000004,0.05200738666666666,0.02542574833333333,0.030013205666666667,0.03248482933333333,0.03932491666666667,0.03567767,0.025613844333333333,0.049883492999999994,0.04823429133333333,0.03591585333333334,0.024205319333333333,0.026949815,0.032488381,0.04589404233333332,0.05448454666666667,0.029850155333333333,0.03040232433333333,0.038080992333333334,0.040905805,0.050380850000000005,0.024579946666666668,0.044596228,0.049405486666666665,0.04850056366666667,0.04195025333333333,0.052410254333333336,0.03822522666666666,0.04608512466666667,0.04679541,0.04293580333333333,0.046226406666666664,0.039857694666666665,0.035472049,0.041124610000000006,0.046892451333333335,0.042770465,0.042881183333333336,0.04671617666666667,0.04122357566666667,0.04823429133333333,0.03591585333333334,0.040905805
9,0.019241973000000002,0.016699558666666666,0.01957536333333333,0.013710765333333331,0.019783745333333335,0.024281412333333332,0.015548509,0.023242578666666666,0.02378266433333333,1.9868214999999996e-09,0.022816210999999996,0.018714609,0.027590979,0.027267279999999998,0.030528410333333332,0.024976321000000003,0.02787121733333333,0.02970031866666667,0.03488151166666666,0.033358832,0.030737284,0.036871211333333334,0.035011096666666665,0.02928669433333333,0.023339675,0.024102493,0.029196270000000003,0.03526081466666667,0.030383636666666665,0.02794349,0.03901349566666667,0.032613840666666664,0.032048567,0.03958185,0.030862498,0.03552383866666666,0.044404573333333336,0.027816720666666666,0.04468452800000001,0.04945361533333334,0.05290023866666667,0.054561276666666665,0.05416700833333333,0.051034146666666676,0.053538952,0.05067098433333334,0.05265125466666666,0.05052323866666667,0.04720033333333333,0.046730853333333336,0.042396847333333335,0.054716611000000005,0.05217867666666667,0.053039140000000005,0.049073285333333334,0.050114052,0.05419461133333334,0.041710304999999996,0.048094261666666666,0.04919256366666667,0.04468452800000001,0.019241973000000002,0.04607873866666667,0.04945361533333334,0.05290023866666667,0.05420076233333333,0.033358832,0.054561276666666665,0.030737284,0.036871211333333334,0.05416700833333333,0.016699558666666666,0.04835755233333334,0.04602173166666666,0.01957536333333333,0.013710765333333331,0.051034146666666676,0.035011096666666665,0.04926426,0.019783745333333335,0.024281412333333332,0.015548509,0.02928669433333333,0.042653289999999996,0.023242578666666666,0.049335692,0.04615387133333333,0.02378266433333333,0.053538952,0.023339675,0.04089803333333333,0.047571351,1.9868214999999996e-09,0.05067098433333334,0.05050590333333334,0.05265125466666666,0.024102493,0.05052323866666667,0.04720033333333333,0.022816210999999996,0.018714609,0.046730853333333336,0.04620361333333333,0.047746539000000005,0.027590979,0.029196270000000003,0.05096978233333333,0.03526081466666667,0.042396847333333335,0.030383636666666665,0.046235241999999996,0.027267279999999998,0.030528410333333332,0.054716611000000005,0.05217867666666667,0.024976321000000003,0.02794349,0.02787121733333333,0.03901349566666667,0.032613840666666664,0.02970031866666667,0.053039140000000005,0.05147906,0.043510032,0.03488151166666666,0.032048567,0.03958185,0.049073285333333334,0.050114052,0.030862498,0.03552383866666666,0.044404573333333336,0.04751288,0.05419461133333334,0.027816720666666666,0.041710304999999996,0.048094261666666666,0.04919256366666667,0.04607873866666667,0.05420076233333333,0.04835755233333334,0.04602173166666666,0.04926426,0.042653289999999996,0.049335692,0.04615387133333333,0.04089803333333333,0.047571351,0.05050590333333334,0.04620361333333333,0.047746539000000005,0.05096978233333333,0.046235241999999996,0.05147906,0.043510032,0.04751288
10,0.009462599,0.021127360666666664,0.015104007666666667,0.027975326999999998,0.020864927666666665,0.0071997244666666665,0.02447210766666667,0.007910146333333333,0.024129319333333333,0.022816210999999996,3.973642999999999e-09,0.014608081,0.025039821666666667,0.026386866666666668,0.03717879833333333,0.004003499,0.032872508,0.0212162,0.04184557766666666,0.04085004333333333,0.04045485433333333,0.03388683666666667,0.050406551333333334,0.03765432333333333,0.03554452466666667,0.031232309333333333,0.031818538333333334,0.041852911,0.032043095333333334,0.03652505799999999,0.04277715766666666,0.040860871666666666,0.03850085999999999,0.041420644666666666,0.03865929466666666,0.03801347333333334,0.04063860666666667,0.03698079333333334,0.05208417966666667,0.05832006433333333,0.05847782566666667,0.059616293333333334,0.05757441566666666,0.05326390999999999,0.05920650666666667,0.058295152,0.05725318333333333,0.05635122666666667,0.052888659,0.052383379,0.0539979,0.056392825333333334,0.05792259366666667,0.056859787333333335,0.05397564566666667,0.057660589666666665,0.058189984666666666,0.05485690666666666,0.053650905,0.05533117533333333,0.05208417966666667,0.009462599,0.05031098466666666,0.05832006433333333,0.05847782566666667,0.053775732,0.04085004333333333,0.059616293333333334,0.04045485433333333,0.03388683666666667,0.05757441566666666,0.021127360666666664,0.05259630233333333,0.056257941,0.015104007666666667,0.027975326999999998,0.05326390999999999,0.050406551333333334,0.05530694866666666,0.020864927666666665,0.0071997244666666665,0.02447210766666667,0.03765432333333333,0.049896495666666665,0.007910146333333333,0.05496156333333334,0.05509994666666666,0.024129319333333333,0.05920650666666667,0.03554452466666667,0.05069154133333333,0.05592291366666667,0.022816210999999996,0.058295152,0.05637022999999999,0.05725318333333333,0.031232309333333333,0.05635122666666667,0.052888659,3.973642999999999e-09,0.014608081,0.052383379,0.05615049800000001,0.05218711333333334,0.025039821666666667,0.031818538333333334,0.056536967666666674,0.041852911,0.0539979,0.032043095333333334,0.052492823333333334,0.026386866666666668,0.03717879833333333,0.056392825333333334,0.05792259366666667,0.004003499,0.03652505799999999,0.032872508,0.04277715766666666,0.040860871666666666,0.0212162,0.056859787333333335,0.056394135666666664,0.04918269533333333,0.04184557766666666,0.03850085999999999,0.041420644666666666,0.05397564566666667,0.057660589666666665,0.03865929466666666,0.03801347333333334,0.04063860666666667,0.05396585266666666,0.058189984666666666,0.03698079333333334,0.05485690666666666,0.053650905,0.05533117533333333,0.05031098466666666,0.053775732,0.05259630233333333,0.056257941,0.05530694866666666,0.049896495666666665,0.05496156333333334,0.05509994666666666,0.05069154133333333,0.05592291366666667,0.05637022999999999,0.05615049800000001,0.05218711333333334,0.056536967666666674,0.052492823333333334,0.056394135666666664,0.04918269533333333,0.05396585266666666
11,0.016953229666666667,0.01797709066666667,0.020081108666666667,0.023309924,0.029288309999999998,0.016098705666666664,0.027974255666666666,0.015460350000000001,0.029771865666666668,0.018714609,0.014608081,1.9868214999999996e-09,0.02410087966666667,0.02911541833333333,0.04140539666666666,0.016439285,0.031224409666666664,0.025532539666666666,0.04342710166666666,0.03652097,0.040764143333333336,0.035523613333333336,0.043847542,0.03879605666666666,0.030314314333333335,0.024215874999999998,0.024965466999999998,0.035516891333333335,0.03209313766666667,0.03599342500000001,0.04040505166666667,0.033526241666666665,0.035692686,0.034309292,0.03519082833333333,0.03651853433333333,0.03758075166666666,0.03996538333333333,0.05401667666666667,0.05545175,0.05893477333333333,0.05832278800000001,0.05826479533333333,0.05361814866666667,0.059367637,0.05569054799999999,0.05831853333333333,0.05608573666666668,0.05474271366666667,0.04925219533333333,0.051970895333333336,0.057260547,0.05689847666666667,0.058395841999999996,0.05470322466666667,0.05685400666666667,0.05871074866666667,0.05295994666666667,0.05195593166666666,0.05417050833333333,0.05401667666666667,0.016953229666666667,0.04893827,0.05545175,0.05893477333333333,0.0514513,0.03652097,0.05832278800000001,0.040764143333333336,0.035523613333333336,0.05826479533333333,0.01797709066666667,0.0538695,0.05381257933333334,0.020081108666666667,0.023309924,0.05361814866666667,0.043847542,0.053485566666666665,0.029288309999999998,0.016098705666666664,0.027974255666666666,0.03879605666666666,0.047124855,0.015460350000000001,0.05505172,0.05227356833333333,0.029771865666666668,0.059367637,0.030314314333333335,0.04927945333333333,0.05469860333333334,0.018714609,0.05569054799999999,0.05512388366666667,0.05831853333333333,0.024215874999999998,0.05608573666666668,0.05474271366666667,0.014608081,1.9868214999999996e-09,0.04925219533333333,0.05475265166666666,0.052473812,0.02410087966666667,0.024965466999999998,0.055517790000000004,0.035516891333333335,0.051970895333333336,0.03209313766666667,0.05289862166666667,0.02911541833333333,0.04140539666666666,0.057260547,0.05689847666666667,0.016439285,0.03599342500000001,0.031224409666666664,0.04040505166666667,0.033526241666666665,0.025532539666666666,0.058395841999999996,0.055416011333333334,0.04798048166666667,0.04342710166666666,0.035692686,0.034309292,0.05470322466666667,0.05685400666666667,0.03519082833333333,0.03651853433333333,0.03758075166666666,0.055186728000000004,0.05871074866666667,0.03996538333333333,0.05295994666666667,0.05195593166666666,0.05417050833333333,0.04893827,0.0514513,0.0538695,0.05381257933333334,0.053485566666666665,0.047124855,0.05505172,0.05227356833333333,0.04927945333333333,0.05469860333333334,0.05512388366666667,0.05475265166666666,0.052473812,0.055517790000000004,0.05289862166666667,0.055416011333333334,0.04798048166666667,0.055186728000000004
12,0.021124945000000003,0.023313113333333333,0.03084886933333333,0.029251613333333332,0.027609244333333335,0.024635370666666667,0.02573421,0.016840148,0.030661544,0.027590979,0.025039821666666667,0.02410087966666667,1.9868214999999996e-09,0.03378216666666667,0.041325868,0.025297880000000002,0.027806586333333334,0.016499837333333333,0.040937766666666674,0.041640608333333336,0.04212721666666666,0.048838356666666666,0.04878415166666667,0.04458396,0.030186678999999998,0.022197103333333336,0.034212669999999994,0.040917337,0.04526847133333334,0.04534408533333333,0.04698349566666667,0.04070778666666667,0.04282258333333333,0.043595057666666666,0.04381961633333333,0.044533297666666666,0.043321053000000005,0.03910986666666667,0.052337478,0.05442510200000001,0.05678368866666667,0.055126170333333335,0.05823770666666666,0.058407408,0.05743196,0.054349289999999995,0.05639373766666667,0.057213957999999995,0.05256107866666667,0.05292979766666666,0.045788197,0.058431433333333324,0.05482866333333333,0.05782418333333333,0.05090134666666667,0.05634230233333333,0.05514120833333333,0.05082205933333334,0.046716386666666665,0.05087560666666667,0.052337478,0.021124945000000003,0.04519149466666666,0.05442510200000001,0.05678368866666667,0.048661226666666675,0.041640608333333336,0.055126170333333335,0.04212721666666666,0.048838356666666666,0.05823770666666666,0.023313113333333333,0.04231034,0.045936675333333336,0.03084886933333333,0.029251613333333332,0.058407408,0.04878415166666667,0.04638773233333334,0.027609244333333335,0.024635370666666667,0.02573421,0.04458396,0.04235910133333333,0.016840148,0.04680536833333333,0.047891718666666666,0.030661544,0.05743196,0.030186678999999998,0.043944133333333336,0.051992203333333334,0.027590979,0.054349289999999995,0.048737288,0.05639373766666667,0.022197103333333336,0.057213957999999995,0.05256107866666667,0.025039821666666667,0.02410087966666667,0.05292979766666666,0.048199643333333334,0.036286501666666665,1.9868214999999996e-09,0.034212669999999994,0.05080837566666666,0.040917337,0.045788197,0.04526847133333334,0.045350760000000004,0.03378216666666667,0.041325868,0.058431433333333324,0.05482866333333333,0.025297880000000002,0.04534408533333333,0.027806586333333334,0.04698349566666667,0.04070778666666667,0.016499837333333333,0.05782418333333333,0.05135646333333333,0.044652493333333335,0.040937766666666674,0.04282258333333333,0.043595057666666666,0.05090134666666667,0.05634230233333333,0.04381961633333333,0.044533297666666666,0.043321053000000005,0.04388250133333334,0.05514120833333333,0.03910986666666667,0.05082205933333334,0.046716386666666665,0.05087560666666667,0.04519149466666666,0.048661226666666675,0.04231034,0.045936675333333336,0.04638773233333334,0.04235910133333333,0.04680536833333333,0.047891718666666666,0.043944133333333336,0.051992203333333334,0.048737288,0.048199643333333334,0.036286501666666665,0.05080837566666666,0.045350760000000004,0.05135646333333333,0.044652493333333335,0.04388250133333334
