,omer_02.jpg,tal_05.jpg,omer_07.jpg,tal_06.jpg,omer_06.jpg,omer_08.jpg,tal_01.jpg,omer_03.jpg,tal_07.jpg,tal_03.jpg,omer_04.jpg,omer_10.jpg,tal_09.jpg,tal_02.jpg,tal_08.jpg,omer_09.jpg,tal_10.jpg,omer_05.jpg,tal_04.jpg,matt_04.jpg,dom_10.jpg,dom_05.jpg,matt_08.jpg,dom_04.jpg,matt_02.jpg,matt_07.jpg,matt_06.jpg,matt_05.jpg,dom_07.jpg,dom_03.jpg,matt_03.jpg,matt_01.jpg,dom_06.jpg,matt_10.jpg,dom_01.jpg,dom_09.jpg,matt_09.jpg,dom_02.jpg,tess_03.jpg,taz_06.jpg,taz_04.jpg,taz_03.jpg,tess_01.jpg,tess_07.jpg,tess_05.jpg,taz_05.jpg,tess_02.jpg,tess_09.jpg,tess_06.jpg,taz_07.jpg,taz_02.jpg,tess_04.jpg,taz_09.jpg,tess_08.jpg,taz_08.jpg,taz_01.jpg,tess_10.jpg,taz_10.jpg,marina_07.jpg,tamar_04.jpg,tess_03.jpg.1,omer_02.jpg.1,marina_04.jpg,taz_06.jpg.1,taz_04.jpg.1,marina_01.jpg,matt_04.jpg.1,taz_03.jpg.1,dom_10.jpg.1,dom_05.jpg.1,tess_01.jpg.1,tal_05.jpg.1,marina_06.jpg,tamar_09.jpg,omer_07.jpg.1,tal_06.jpg.1,tess_07.jpg.1,matt_08.jpg.1,marina_08.jpg,omer_06.jpg.1,omer_08.jpg.1,tal_01.jpg.1,dom_04.jpg.1,tamar_10.jpg,omer_03.jpg.1,tamar_02.jpg,tamar_05.jpg,tal_07.jpg.1,tess_05.jpg.1,matt_02.jpg.1,tamar_07.jpg,tamar_03.jpg,tal_03.jpg.1,taz_05.jpg.1,marina_09.jpg,tess_02.jpg.1,matt_07.jpg.1,tess_09.jpg.1,tess_06.jpg.1,omer_04.jpg.1,omer_10.jpg.1,taz_07.jpg.1,tamar_01.jpg,marina_10.jpg,tal_09.jpg.1,matt_06.jpg.1,tamar_06.jpg,matt_05.jpg.1,taz_02.jpg.1,dom_07.jpg.1,marina_05.jpg,tal_02.jpg.1,tal_08.jpg.1,tess_04.jpg.1,taz_09.jpg.1,omer_09.jpg.1,dom_03.jpg.1,tal_10.jpg.1,matt_03.jpg.1,matt_01.jpg.1,omer_05.jpg.1,tess_08.jpg.1,marina_02.jpg,marina_03.jpg,tal_04.jpg.1,dom_06.jpg.1,matt_10.jpg.1,taz_08.jpg.1,taz_01.jpg.1,dom_01.jpg.1,dom_09.jpg.1,matt_09.jpg.1,tamar_08.jpg,tess_10.jpg.1,dom_02.jpg.1,taz_10.jpg.1,marina_07.jpg.1,tamar_04.jpg.1,marina_04.jpg.1,marina_01.jpg.1,marina_06.jpg.1,tamar_09.jpg.1,marina_08.jpg.1,tamar_10.jpg.1,tamar_02.jpg.1,tamar_05.jpg.1,tamar_07.jpg.1,tamar_03.jpg.1,marina_09.jpg.1,tamar_01.jpg.1,marina_10.jpg.1,tamar_06.jpg.1,marina_05.jpg.1,marina_02.jpg.1,marina_03.jpg.1,tamar_08.jpg.1
0,5.960464333333333e-09,0.03022072333333333,0.03559664666666666,0.03970213,0.017896896666666665,0.019836615000000002,0.023681579,0.027279738666666668,0.008305696533333332,0.03276803533333333,0.011889299,0.027766817666666666,0.024486516,0.009004189666666667,0.021018415999999998,0.030576916333333332,0.03808858666666667,0.02254284233333333,0.018910458,0.0101293485,0.035031842,0.01429921,0.010974973333333334,0.02415229466666667,0.017782757666666666,0.024517577999999998,0.018284616666666666,0.010901399666666667,0.010842867666666667,0.018656096666666667,0.009837669,0.014731274,0.013395226000000001,0.012776770333333333,0.011178731666666667,0.010144887333333333,0.008714242666666669,0.024842222666666667,0.029467964666666666,0.026832062,0.01857181,0.028235491666666664,0.028150793,0.022072466,0.028994524333333334,0.028109506666666666,0.02633296066666667,0.027427215,0.029854402666666665,0.024813089999999996,0.032349336666666666,0.017955221666666667,0.03291056,0.023710344,0.029965827666666667,0.028856835666666667,0.036254944666666664,0.020331680666666668,0.038937374,0.032512536,0.029467964666666666,5.960464333333333e-09,0.039488309,0.026832062,0.01857181,0.045139515000000005,0.0101293485,0.028235491666666664,0.035031842,0.01429921,0.028150793,0.03022072333333333,0.029580119000000002,0.028369758666666668,0.03559664666666666,0.03970213,0.022072466,0.010974973333333334,0.035350907,0.017896896666666665,0.019836615000000002,0.023681579,0.02415229466666667,0.03974381666666667,0.027279738666666668,0.036306076666666666,0.03287935266666667,0.008305696533333332,0.028994524333333334,0.017782757666666666,0.03582602333333333,0.039515386666666666,0.03276803533333333,0.028109506666666666,0.04061037666666666,0.02633296066666667,0.024517577999999998,0.027427215,0.029854402666666665,0.011889299,0.027766817666666666,0.024813089999999996,0.03456579666666667,0.03177866933333333,0.024486516,0.018284616666666666,0.041850683333333326,0.010901399666666667,0.032349336666666666,0.010842867666666667,0.038745959999999996,0.009004189666666667,0.021018415999999998,0.017955221666666667,0.03291056,0.030576916333333332,0.018656096666666667,0.03808858666666667,0.009837669,0.014731274,0.02254284233333333,0.023710344,0.023329720666666668,0.03579442333333334,0.018910458,0.013395226000000001,0.012776770333333333,0.029965827666666667,0.028856835666666667,0.011178731666666667,0.010144887333333333,0.008714242666666669,0.033101682333333333,0.036254944666666664,0.024842222666666667,0.020331680666666668,0.038937374,0.032512536,0.039488309,0.045139515000000005,0.029580119000000002,0.028369758666666668,0.035350907,0.03974381666666667,0.036306076666666666,0.03287935266666667,0.03582602333333333,0.039515386666666666,0.04061037666666666,0.03456579666666667,0.03177866933333333,0.041850683333333326,0.038745959999999996,0.023329720666666668,0.03579442333333334,0.033101682333333333
1,0.03022072333333333,3.973642999999999e-09,0.02385634366666667,0.029985038000000002,0.023330132333333333,0.030611687333333335,0.02693017333333333,0.029881270999999997,0.03179941666666667,0.022686155666666666,0.024873109666666664,0.02456761,0.020070189999999995,0.024149916666666667,0.025989534666666668,0.022367745333333335,0.023269391333333334,0.03225117,0.018691166333333335,0.02804198466666667,0.025237953666666663,0.03687326933333333,0.033164111333333336,0.017407705333333336,0.02771698766666667,0.03249566533333333,0.03164139766666667,0.03579353799999999,0.037722056999999996,0.03379458466666666,0.035869826,0.037108832,0.03483056666666666,0.039714429666666676,0.025159927333333335,0.03165946066666667,0.028537609,0.032647718666666665,0.028393318,0.026350117,0.022913124666666666,0.019978568666666665,0.024664016666666667,0.031973399666666666,0.020150772666666664,0.026400661666666665,0.016661212666666664,0.02720085,0.020155006666666666,0.026118932333333338,0.020654133666666668,0.03007596666666667,0.019714341666666666,0.027808254333333334,0.027759700666666665,0.025862351999999998,0.027079123333333333,0.026174781999999997,0.028712847,0.027246443666666665,0.028393318,0.03022072333333333,0.026879771333333333,0.026350117,0.022913124666666666,0.024835132,0.02804198466666667,0.019978568666666665,0.025237953666666663,0.03687326933333333,0.024664016666666667,3.973642999999999e-09,0.026986281666666664,0.02352152466666667,0.02385634366666667,0.029985038000000002,0.031973399666666666,0.033164111333333336,0.021847433333333333,0.023330132333333333,0.030611687333333335,0.02693017333333333,0.017407705333333336,0.023371730333333333,0.029881270999999997,0.021164377666666668,0.02353077933333333,0.03179941666666667,0.020150772666666664,0.02771698766666667,0.028989255333333335,0.028140004,0.022686155666666666,0.026400661666666665,0.021770868666666665,0.016661212666666664,0.03249566533333333,0.02720085,0.020155006666666666,0.024873109666666664,0.02456761,0.026118932333333338,0.026603541666666668,0.018044696333333336,0.020070189999999995,0.03164139766666667,0.02661337866666667,0.03579353799999999,0.020654133666666668,0.037722056999999996,0.023614243333333333,0.024149916666666667,0.025989534666666668,0.03007596666666667,0.019714341666666666,0.022367745333333335,0.03379458466666666,0.023269391333333334,0.035869826,0.037108832,0.03225117,0.027808254333333334,0.021280040333333337,0.023897592333333335,0.018691166333333335,0.03483056666666666,0.039714429666666676,0.027759700666666665,0.025862351999999998,0.025159927333333335,0.03165946066666667,0.028537609,0.024531964333333333,0.027079123333333333,0.032647718666666665,0.026174781999999997,0.028712847,0.027246443666666665,0.026879771333333333,0.024835132,0.026986281666666664,0.02352152466666667,0.021847433333333333,0.023371730333333333,0.021164377666666668,0.02353077933333333,0.028989255333333335,0.028140004,0.021770868666666665,0.026603541666666668,0.018044696333333336,0.02661337866666667,0.023614243333333333,0.021280040333333337,0.023897592333333335,0.024531964333333333
2,0.03559664666666666,0.02385634366666667,3.973642999999999e-09,0.017705716666666666,0.018040257666666667,0.025133288333333333,0.018442483333333332,0.022896522,0.03179861133333333,0.015680535166666665,0.023456903333333334,0.034844974666666674,0.025790182333333335,0.02916015166666667,0.01874783066666667,0.02443488,0.017991813333333332,0.02775390733333333,0.017816369000000002,0.03297984600000001,0.027285800333333336,0.03317161166666667,0.03287997066666667,0.029774530666666667,0.026519696,0.04086632333333333,0.025003373666666665,0.03334643266666667,0.037663597666666666,0.025689151,0.034986195,0.03433096233333333,0.031579019666666666,0.03701644766666667,0.031079233333333334,0.03732609466666667,0.03678375333333333,0.028976297666666664,0.021181926999999996,0.015453857333333336,0.020711461666666663,0.013435171333333332,0.013637405666666665,0.025051391333333332,0.014179516,0.012176756,0.017719588666666668,0.017668200000000002,0.012135495666666666,0.021966677666666667,0.011063929333333333,0.029605001333333332,0.011046469,0.018685508,0.013274456999999998,0.014602148666666667,0.011343519,0.01847890433333333,0.019890517,0.027020784666666665,0.021181926999999996,0.03559664666666666,0.02049927333333333,0.015453857333333336,0.020711461666666663,0.022055164999999998,0.03297984600000001,0.013435171333333332,0.027285800333333336,0.03317161166666667,0.013637405666666665,0.02385634366666667,0.024831638333333333,0.017357780333333336,3.973642999999999e-09,0.017705716666666666,0.025051391333333332,0.03287997066666667,0.022012408666666664,0.018040257666666667,0.025133288333333333,0.018442483333333332,0.029774530666666667,0.015737082666666666,0.022896522,0.019981416,0.01723312533333333,0.03179861133333333,0.014179516,0.026519696,0.02060284833333333,0.018504846333333335,0.015680535166666665,0.012176756,0.013074525333333333,0.017719588666666668,0.04086632333333333,0.017668200000000002,0.012135495666666666,0.023456903333333334,0.034844974666666674,0.021966677666666667,0.01743353,0.022255561666666666,0.025790182333333335,0.025003373666666665,0.012220275666666666,0.03334643266666667,0.011063929333333333,0.037663597666666666,0.019695047333333333,0.02916015166666667,0.01874783066666667,0.029605001333333332,0.011046469,0.02443488,0.025689151,0.017991813333333332,0.034986195,0.03433096233333333,0.02775390733333333,0.018685508,0.018422053333333334,0.008528987666666666,0.017816369000000002,0.031579019666666666,0.03701644766666667,0.013274456999999998,0.014602148666666667,0.031079233333333334,0.03732609466666667,0.03678375333333333,0.020603959,0.011343519,0.028976297666666664,0.01847890433333333,0.019890517,0.027020784666666665,0.02049927333333333,0.022055164999999998,0.024831638333333333,0.017357780333333336,0.022012408666666664,0.015737082666666666,0.019981416,0.01723312533333333,0.02060284833333333,0.018504846333333335,0.013074525333333333,0.01743353,0.022255561666666666,0.012220275666666666,0.019695047333333333,0.018422053333333334,0.008528987666666666,0.020603959
3,0.03970213,0.029985038000000002,0.017705716666666666,0.0,0.030377449999999997,0.04001073233333333,0.024366015333333334,0.022985213999999997,0.04048979666666666,0.01833167633333333,0.03837115866666667,0.03272012166666667,0.03320792933333334,0.03681209233333334,0.03529405466666667,0.037488878333333336,0.029503997666666667,0.030914010666666665,0.027734275333333332,0.03440933333333333,0.026126593333333337,0.043579778,0.03905009633333333,0.03352181433333333,0.03102698766666667,0.043097112,0.03842681866666667,0.038326639,0.043171169333333335,0.03583160666666666,0.042564882,0.03604355166666666,0.04167190666666667,0.043629553333333335,0.029950040333333334,0.03919514166666667,0.040997542000000005,0.024387371666666668,0.028179449000000002,0.019697899,0.03093128133333333,0.02203713666666667,0.028367919999999998,0.035025501333333334,0.020041824,0.028348088333333334,0.021803649333333334,0.030350510333333337,0.024565015000000003,0.027142016333333335,0.020746231,0.039664911,0.025279263666666666,0.03411009833333334,0.020374673666666666,0.021682492666666664,0.007415628533333333,0.03059276333333333,0.014460031333333335,0.017549224666666665,0.028179449000000002,0.03970213,0.009323048666666667,0.019697899,0.03093128133333333,0.021926532333333335,0.03440933333333333,0.02203713666666667,0.026126593333333337,0.043579778,0.028367919999999998,0.029985038000000002,0.02144583,0.02095303533333333,0.017705716666666666,0.0,0.035025501333333334,0.03905009633333333,0.025415514000000004,0.030377449999999997,0.04001073233333333,0.024366015333333334,0.03352181433333333,0.012974646000000001,0.022985213999999997,0.021897427,0.016264043333333332,0.04048979666666666,0.020041824,0.03102698766666667,0.012930321333333335,0.019187589,0.01833167633333333,0.028348088333333334,0.02476854333333333,0.021803649333333334,0.043097112,0.030350510333333337,0.024565015000000003,0.03837115866666667,0.03272012166666667,0.027142016333333335,0.013170055666666665,0.027363677666666666,0.03320792933333334,0.03842681866666667,0.013714786666666668,0.038326639,0.020746231,0.043171169333333335,0.016672990333333335,0.03681209233333334,0.03529405466666667,0.039664911,0.025279263666666666,0.037488878333333336,0.03583160666666666,0.029503997666666667,0.042564882,0.03604355166666666,0.030914010666666665,0.03411009833333334,0.027204001,0.025880666666666663,0.027734275333333332,0.04167190666666667,0.043629553333333335,0.020374673666666666,0.021682492666666664,0.029950040333333334,0.03919514166666667,0.040997542000000005,0.016342659666666665,0.007415628533333333,0.024387371666666668,0.03059276333333333,0.014460031333333335,0.017549224666666665,0.009323048666666667,0.021926532333333335,0.02144583,0.02095303533333333,0.025415514000000004,0.012974646000000001,0.021897427,0.016264043333333332,0.012930321333333335,0.019187589,0.02476854333333333,0.013170055666666665,0.027363677666666666,0.013714786666666668,0.016672990333333335,0.027204001,0.025880666666666663,0.016342659666666665
4,0.017896896666666665,0.023330132333333333,0.018040257666666667,0.030377449999999997,0.0,0.018019682,0.010434651333333333,0.027376419,0.016344668666666666,0.016817919333333334,0.012599251666666667,0.03557877066666667,0.024419975,0.011082965333333333,0.008561486,0.02526168233333333,0.023478802,0.027036494000000005,0.006895013666666667,0.020617211000000003,0.028788526666666665,0.018585787333333333,0.020528131666666668,0.026135029666666667,0.012064624,0.033884301666666665,0.012255325000000001,0.019275399333333332,0.022638321,0.01651348266666667,0.02105546,0.023752939666666664,0.015740730333333335,0.021962791333333335,0.018989843000000003,0.025785155999999997,0.02395005,0.026909786,0.011921662,0.014377087333333335,0.008127784666666667,0.010500943666666667,0.014604487,0.0113593042,0.010891616333333333,0.013495707666666665,0.01664926,0.009385585833333333,0.014040174333333332,0.011711257666666667,0.01614897066666667,0.01749665933333333,0.014891934333333334,0.010122352666666667,0.019031043666666667,0.012236128333333334,0.025658701000000003,0.009365298333333334,0.03258424066666667,0.031105579666666668,0.011921662,0.017896896666666665,0.033219133,0.014377087333333335,0.008127784666666667,0.03828073866666667,0.020617211000000003,0.010500943666666667,0.028788526666666665,0.018585787333333333,0.014604487,0.023330132333333333,0.031749368,0.012027351,0.018040257666666667,0.030377449999999997,0.0113593042,0.020528131666666668,0.028262050666666663,0.0,0.018019682,0.010434651333333333,0.026135029666666667,0.029674935000000003,0.027376419,0.031178573333333338,0.026228330333333334,0.016344668666666666,0.010891616333333333,0.012064624,0.03207368066666667,0.03400381833333333,0.016817919333333334,0.013495707666666665,0.026966131,0.01664926,0.033884301666666665,0.009385585833333333,0.014040174333333332,0.012599251666666667,0.03557877066666667,0.011711257666666667,0.027958182666666668,0.02413981533333333,0.024419975,0.012255325000000001,0.031401825,0.019275399333333332,0.01614897066666667,0.022638321,0.03270239566666667,0.011082965333333333,0.008561486,0.01749665933333333,0.014891934333333334,0.02526168233333333,0.01651348266666667,0.023478802,0.02105546,0.023752939666666664,0.027036494000000005,0.010122352666666667,0.019995029666666664,0.019300508333333334,0.006895013666666667,0.015740730333333335,0.021962791333333335,0.019031043666666667,0.012236128333333334,0.018989843000000003,0.025785155999999997,0.02395005,0.028721302666666667,0.025658701000000003,0.026909786,0.009365298333333334,0.03258424066666667,0.031105579666666668,0.033219133,0.03828073866666667,0.031749368,0.012027351,0.028262050666666663,0.029674935000000003,0.031178573333333338,0.026228330333333334,0.03207368066666667,0.03400381833333333,0.026966131,0.027958182666666668,0.02413981533333333,0.031401825,0.03270239566666667,0.019995029666666664,0.019300508333333334,0.028721302666666667
5,0.019836615000000002,0.030611687333333335,0.025133288333333333,0.04001073233333333,0.018019682,0.0,0.014945807333333335,0.024376235333333333,0.010275270666666666,0.02436051566666667,0.007650834333333334,0.032159374666666664,0.022313004333333334,0.016197004,0.015829368333333333,0.026055204333333335,0.03400023966666667,0.017782442000000002,0.020830049,0.019890763333333335,0.04307201666666667,0.009978668,0.011704993333333333,0.03475610566666667,0.013251966333333334,0.024966355666666665,0.012762064,0.012687349666666665,0.011681534666666665,0.005481519333333334,0.012180493333333332,0.013561660000000001,0.007066349333333334,0.014879640000000001,0.024429795666666664,0.020107307,0.021616278333333336,0.026806354666666667,0.025688118,0.018892125333333332,0.015990233333333333,0.023919686,0.01793394133333333,0.016981472333333338,0.023861904666666666,0.014154104333333334,0.031234971666666667,0.019534578333333334,0.021603175,0.024512525333333333,0.022823091333333333,0.010617848333333334,0.026181749333333334,0.015873732333333335,0.02940328533333333,0.021798922666666668,0.030367201333333333,0.016683383666666666,0.044281131,0.043876564666666666,0.025688118,0.019836615000000002,0.043386259999999996,0.018892125333333332,0.015990233333333333,0.04465868,0.019890763333333335,0.023919686,0.04307201666666667,0.009978668,0.01793394133333333,0.030611687333333335,0.031299005,0.023099961000000002,0.025133288333333333,0.04001073233333333,0.016981472333333338,0.011704993333333333,0.03777073166666667,0.018019682,0.0,0.014945807333333335,0.03475610566666667,0.03951235499999999,0.024376235333333333,0.040831607666666665,0.032153421333333335,0.010275270666666666,0.023861904666666666,0.013251966333333334,0.04141889333333333,0.03878543533333333,0.02436051566666667,0.014154104333333334,0.030791769000000004,0.031234971666666667,0.024966355666666665,0.019534578333333334,0.021603175,0.007650834333333334,0.032159374666666664,0.024512525333333333,0.035265703333333336,0.03362534,0.022313004333333334,0.012762064,0.03908881333333333,0.012687349666666665,0.022823091333333333,0.011681534666666665,0.041908233333333336,0.016197004,0.015829368333333333,0.010617848333333334,0.026181749333333334,0.026055204333333335,0.005481519333333334,0.03400023966666667,0.012180493333333332,0.013561660000000001,0.017782442000000002,0.015873732333333335,0.016165038,0.026056156333333337,0.020830049,0.007066349333333334,0.014879640000000001,0.02940328533333333,0.021798922666666668,0.024429795666666664,0.020107307,0.021616278333333336,0.03924420666666666,0.030367201333333333,0.026806354666666667,0.016683383666666666,0.044281131,0.043876564666666666,0.043386259999999996,0.04465868,0.031299005,0.023099961000000002,0.03777073166666667,0.03951235499999999,0.040831607666666665,0.032153421333333335,0.04141889333333333,0.03878543533333333,0.030791769000000004,0.035265703333333336,0.03362534,0.03908881333333333,0.041908233333333336,0.016165038,0.026056156333333337,0.03924420666666666
6,0.023681579,0.02693017333333333,0.018442483333333332,0.024366015333333334,0.010434651333333333,0.014945807333333335,0.0,0.020108374,0.018045943666666665,0.012311371,0.01627884666666667,0.03261911666666666,0.022573366,0.015401730666666665,0.015067966666666665,0.025654473,0.025344397666666667,0.019765138333333335,0.014179611333333335,0.021350281999999998,0.031604922,0.01772778033333333,0.020411368333333332,0.029955563999999997,0.007690954166666666,0.029322485333333332,0.014142324666666668,0.017525967333333333,0.021016283999999996,0.010295742666666666,0.020819211333333334,0.017307490333333335,0.014408902333333333,0.023224931666666667,0.02206072833333333,0.02546357133333333,0.026786859333333336,0.019886732,0.014868660666666667,0.012026727333333332,0.013208816333333335,0.015551631,0.019216098333333334,0.013545360333333334,0.013536205333333332,0.014270875999999998,0.02405346066666666,0.013249130999999999,0.018047942666666664,0.016359639333333332,0.01787085533333333,0.017544861666666668,0.019392373333333334,0.015437515666666667,0.025011159999999998,0.013140503333333334,0.021146448666666668,0.015881665666666666,0.03355843766666667,0.034941938,0.014868660666666667,0.023681579,0.033223279333333335,0.012026727333333332,0.013208816333333335,0.04019069866666666,0.021350281999999998,0.015551631,0.031604922,0.01772778033333333,0.019216098333333334,0.02693017333333333,0.029652768333333333,0.010490280333333333,0.018442483333333332,0.024366015333333334,0.013545360333333334,0.020411368333333332,0.029744962333333333,0.010434651333333333,0.014945807333333335,0.0,0.029955563999999997,0.029180906,0.020108374,0.03478378266666667,0.025784041666666667,0.018045943666666665,0.013536205333333332,0.007690954166666666,0.03398344733333333,0.03685963666666667,0.012311371,0.014270875999999998,0.025047306333333335,0.02405346066666666,0.029322485333333332,0.013249130999999999,0.018047942666666664,0.01627884666666667,0.03261911666666666,0.016359639333333332,0.028682718666666666,0.026009969,0.022573366,0.014142324666666668,0.03191282166666667,0.017525967333333333,0.01787085533333333,0.021016283999999996,0.03538151233333333,0.015401730666666665,0.015067966666666665,0.017544861666666668,0.019392373333333334,0.025654473,0.010295742666666666,0.025344397666666667,0.020819211333333334,0.017307490333333335,0.019765138333333335,0.015437515666666667,0.020664676,0.020670283,0.014179611333333335,0.014408902333333333,0.023224931666666667,0.025011159999999998,0.013140503333333334,0.02206072833333333,0.02546357133333333,0.026786859333333336,0.03197670566666667,0.021146448666666668,0.019886732,0.015881665666666666,0.03355843766666667,0.034941938,0.033223279333333335,0.04019069866666666,0.029652768333333333,0.010490280333333333,0.029744962333333333,0.029180906,0.03478378266666667,0.025784041666666667,0.03398344733333333,0.03685963666666667,0.025047306333333335,0.028682718666666666,0.026009969,0.03191282166666667,0.03538151233333333,0.020664676,0.020670283,0.03197670566666667
7,0.027279738666666668,0.029881270999999997,0.022896522,0.022985213999999997,0.027376419,0.024376235333333333,0.020108374,5.960464333333333e-09,0.022170861666666666,0.028551973666666664,0.022509139666666667,0.01626477,0.014609335,0.026044376666666664,0.03655592333333333,0.015181322999999998,0.02692395,0.00910122,0.02901234466666667,0.022147818333333333,0.023114806333333335,0.029902265666666667,0.027665313333333334,0.02138594766666667,0.018980551000000002,0.016664407666666665,0.02829867466666667,0.021550699333333333,0.028411364666666664,0.02268363633333333,0.023288134999999998,0.016288608,0.027633202,0.030826040000000002,0.025989347666666666,0.022922881000000003,0.026226783,0.010463225666666668,0.03790010033333333,0.027086339666666667,0.03258633166666666,0.031922779,0.035026303333333335,0.037069064666666665,0.029364433333333332,0.03088848,0.032189214333333334,0.036513750000000005,0.03364430533333333,0.037050311,0.027450295333333333,0.03167648333333333,0.026633042,0.03750446066666667,0.032976808,0.032702294666666666,0.021276003333333335,0.033839226,0.023600391333333335,0.026023886333333333,0.03790010033333333,0.027279738666666668,0.024921132999999998,0.027086339666666667,0.03258633166666666,0.031001089,0.022147818333333333,0.031922779,0.023114806333333335,0.029902265666666667,0.035026303333333335,0.029881270999999997,0.017886701999999997,0.028771152,0.022896522,0.022985213999999997,0.037069064666666665,0.027665313333333334,0.02010088366666667,0.027376419,0.024376235333333333,0.020108374,0.02138594766666667,0.020536136666666666,5.960464333333333e-09,0.026197014333333334,0.019066807,0.022170861666666666,0.029364433333333332,0.018980551000000002,0.027863276,0.034507968,0.028551973666666664,0.03088848,0.021874864333333334,0.032189214333333334,0.016664407666666665,0.036513750000000005,0.03364430533333333,0.022509139666666667,0.01626477,0.037050311,0.02821322466666667,0.020969182333333336,0.014609335,0.02829867466666667,0.026158974666666668,0.021550699333333333,0.027450295333333333,0.028411364666666664,0.026835286666666666,0.026044376666666664,0.03655592333333333,0.03167648333333333,0.026633042,0.015181322999999998,0.02268363633333333,0.02692395,0.023288134999999998,0.016288608,0.00910122,0.03750446066666667,0.02337031733333333,0.023840137333333334,0.02901234466666667,0.027633202,0.030826040000000002,0.032976808,0.032702294666666666,0.025989347666666666,0.022922881000000003,0.026226783,0.02674946933333333,0.021276003333333335,0.010463225666666668,0.033839226,0.023600391333333335,0.026023886333333333,0.024921132999999998,0.031001089,0.017886701999999997,0.028771152,0.02010088366666667,0.020536136666666666,0.026197014333333334,0.019066807,0.027863276,0.034507968,0.021874864333333334,0.02821322466666667,0.020969182333333336,0.026158974666666668,0.026835286666666666,0.02337031733333333,0.023840137333333334,0.02674946933333333
8,0.008305696533333332,0.03179941666666667,0.03179861133333333,0.04048979666666666,0.016344668666666666,0.010275270666666666,0.018045943666666665,0.022170861666666666,0.0,0.029451328666666665,0.008863222666666667,0.026827171666666663,0.017408252,0.0075930120000000005,0.019551843333333332,0.024147413333333333,0.035119471,0.013724686666666668,0.017917627,0.011083416,0.03636196,0.010094255333333333,0.009419584333333335,0.026344285333333335,0.011297816133333334,0.017672676,0.015787486333333333,0.0045493305000000005,0.008316463333333335,0.011059299666666666,0.004823450166666667,0.009411710333333333,0.007918461199999999,0.012658232333333333,0.015508645666666664,0.009570006333333332,0.011237311333333333,0.018982955000000003,0.031416055,0.023296195333333335,0.017717838333333336,0.026407766666666666,0.024242126666666666,0.021867623000000003,0.026721809333333332,0.022172825999999996,0.028788401999999998,0.026367566999999998,0.026781889999999996,0.02767324666666667,0.027887344666666664,0.014770507666666665,0.028673471666666665,0.021414299999999997,0.030220151333333334,0.02775636133333333,0.03380218,0.019695887999999998,0.039950056666666664,0.036469098,0.031416055,0.008305696533333332,0.040117888333333324,0.023296195333333335,0.017717838333333336,0.043677437666666666,0.011083416,0.026407766666666666,0.03636196,0.010094255333333333,0.024242126666666666,0.03179941666666667,0.025861046666666665,0.026696093333333334,0.03179861133333333,0.04048979666666666,0.021867623000000003,0.009419584333333335,0.03315239933333333,0.016344668666666666,0.010275270666666666,0.018045943666666665,0.026344285333333335,0.038742171666666665,0.022170861666666666,0.037033583999999994,0.029846873,0.0,0.026721809333333332,0.011297816133333334,0.03729818666666666,0.03895383466666667,0.029451328666666665,0.022172825999999996,0.03483011333333333,0.028788401999999998,0.017672676,0.026367566999999998,0.026781889999999996,0.008863222666666667,0.026827171666666663,0.02767324666666667,0.03414829066666667,0.028246877333333333,0.017408252,0.015787486333333333,0.04088345233333334,0.0045493305000000005,0.027887344666666664,0.008316463333333335,0.03865491733333334,0.0075930120000000005,0.019551843333333332,0.014770507666666665,0.028673471666666665,0.024147413333333333,0.011059299666666666,0.035119471,0.004823450166666667,0.009411710333333333,0.013724686666666668,0.021414299999999997,0.017202202666666666,0.029304126666666666,0.017917627,0.007918461199999999,0.012658232333333333,0.030220151333333334,0.02775636133333333,0.015508645666666664,0.009570006333333332,0.011237311333333333,0.03379177666666666,0.03380218,0.018982955000000003,0.019695887999999998,0.039950056666666664,0.036469098,0.040117888333333324,0.043677437666666666,0.025861046666666665,0.026696093333333334,0.03315239933333333,0.038742171666666665,0.037033583999999994,0.029846873,0.03729818666666666,0.03895383466666667,0.03483011333333333,0.03414829066666667,0.028246877333333333,0.04088345233333334,0.03865491733333334,0.017202202666666666,0.029304126666666666,0.03379177666666666
9,0.03276803533333333,0.022686155666666666,0.015680535166666665,0.01833167633333333,0.016817919333333334,0.02436051566666667,0.012311371,0.028551973666666664,0.029451328666666665,5.960464499999999e-09,0.025002723666666667,0.037900043333333334,0.029753186666666667,0.024243980666666665,0.018534318666666667,0.034139632,0.023315954666666663,0.030029713333333336,0.014458541,0.026866007,0.029737283666666666,0.031024943000000003,0.028478437333333335,0.034192578333333334,0.015606026333333333,0.03987180866666667,0.025341870333333336,0.030207880666666666,0.031960538999999996,0.02212432466666667,0.03259165666666666,0.030837615,0.026495954,0.034395185,0.023976989333333334,0.033813295666666666,0.034862158666666664,0.02880868466666667,0.011170820333333333,0.007388170666666667,0.012920463133333334,0.0070974528,0.014737792666666668,0.018082012333333335,0.004657163333333334,0.012685019,0.01644912533333333,0.011747521166666667,0.009804402,0.0118261,0.008576710999999999,0.02392009333333333,0.016464783666666667,0.017104610000000003,0.0196617545,0.007262780333333333,0.018177239,0.015661301,0.027329288,0.028642386333333335,0.011170820333333333,0.03276803533333333,0.02478193233333333,0.007388170666666667,0.012920463133333334,0.03264797133333333,0.026866007,0.0070974528,0.029737283666666666,0.031024943000000003,0.014737792666666668,0.022686155666666666,0.028857972333333332,0.0046401381,0.015680535166666665,0.01833167633333333,0.018082012333333335,0.028478437333333335,0.028462258,0.016817919333333334,0.02436051566666667,0.012311371,0.034192578333333334,0.02354115866666667,0.028551973666666664,0.027769314333333336,0.02137510133333333,0.029451328666666665,0.004657163333333334,0.015606026333333333,0.025456535666666665,0.027461339999999997,5.960464499999999e-09,0.012685019,0.025433331333333333,0.01644912533333333,0.03987180866666667,0.011747521166666667,0.009804402,0.025002723666666667,0.037900043333333334,0.0118261,0.020470989,0.025543477333333335,0.029753186666666667,0.025341870333333336,0.023720764999999998,0.030207880666666666,0.008576710999999999,0.031960538999999996,0.026294650666666666,0.024243980666666665,0.018534318666666667,0.02392009333333333,0.016464783666666667,0.034139632,0.02212432466666667,0.023315954666666663,0.03259165666666666,0.030837615,0.030029713333333336,0.017104610000000003,0.018818849333333332,0.021829227666666666,0.014458541,0.026495954,0.034395185,0.0196617545,0.007262780333333333,0.023976989333333334,0.033813295666666666,0.034862158666666664,0.023896432000000002,0.018177239,0.02880868466666667,0.015661301,0.027329288,0.028642386333333335,0.02478193233333333,0.03264797133333333,0.028857972333333332,0.0046401381,0.028462258,0.02354115866666667,0.027769314333333336,0.02137510133333333,0.025456535666666665,0.027461339999999997,0.025433331333333333,0.020470989,0.025543477333333335,0.023720764999999998,0.026294650666666666,0.018818849333333332,0.021829227666666666,0.023896432000000002
10,0.011889299,0.024873109666666664,0.023456903333333334,0.03837115866666667,0.012599251666666667,0.007650834333333334,0.01627884666666667,0.022509139666666667,0.008863222666666667,0.025002723666666667,0.0,0.026730834999999998,0.017433951333333333,0.012396037666666667,0.014265607000000001,0.021634843333333334,0.029800852333333332,0.020258895333333336,0.014691388666666668,0.015294081,0.035097166666666665,0.011425034,0.010516091333333333,0.02478674066666667,0.012728435000000001,0.025237814666666667,0.013234470333333333,0.012356935000000001,0.011006800333333334,0.011125354,0.011265122999999998,0.014369901,0.009863482000000002,0.013016549666666665,0.017411925333333335,0.017099086666666666,0.015526151666666665,0.024873998,0.024362693333333334,0.018107889,0.011552804666666666,0.0206888,0.017042887333333333,0.015687559,0.021825755999999998,0.015737440333333335,0.02396792533333333,0.018698113333333332,0.019477458333333333,0.021013854333333335,0.020468407666666667,0.011274045666666666,0.022335588666666666,0.014798021333333333,0.024261649333333333,0.020738255666666667,0.03043718733333333,0.012226450333333335,0.03836514466666666,0.03542732566666666,0.024362693333333334,0.011889299,0.03818279833333334,0.018107889,0.011552804666666666,0.04100870666666667,0.015294081,0.0206888,0.035097166666666665,0.011425034,0.017042887333333333,0.024873109666666664,0.02812355366666667,0.021462196000000003,0.023456903333333334,0.03837115866666667,0.015687559,0.010516091333333333,0.031193085000000002,0.012599251666666667,0.007650834333333334,0.01627884666666667,0.02478674066666667,0.03357861833333334,0.022509139666666667,0.033398823,0.026544990333333334,0.008863222666666667,0.021825755999999998,0.012728435000000001,0.03549618733333334,0.03563374666666667,0.025002723666666667,0.015737440333333335,0.030299538333333334,0.02396792533333333,0.025237814666666667,0.018698113333333332,0.019477458333333333,0.0,0.026730834999999998,0.021013854333333335,0.030691709,0.027867213666666668,0.017433951333333333,0.013234470333333333,0.03542525866666667,0.012356935000000001,0.020468407666666667,0.011006800333333334,0.036225944333333336,0.012396037666666667,0.014265607000000001,0.011274045666666666,0.022335588666666666,0.021634843333333334,0.011125354,0.029800852333333332,0.011265122999999998,0.014369901,0.020258895333333336,0.014798021333333333,0.013882529666666666,0.02590077333333333,0.014691388666666668,0.009863482000000002,0.013016549666666665,0.024261649333333333,0.020738255666666667,0.017411925333333335,0.017099086666666666,0.015526151666666665,0.032712942333333335,0.03043718733333333,0.024873998,0.012226450333333335,0.03836514466666666,0.03542732566666666,0.03818279833333334,0.04100870666666667,0.02812355366666667,0.021462196000000003,0.031193085000000002,0.03357861833333334,0.033398823,0.026544990333333334,0.03549618733333334,0.03563374666666667,0.030299538333333334,0.030691709,0.027867213666666668,0.03542525866666667,0.036225944333333336,0.013882529666666666,0.02590077333333333,0.032712942333333335
11,0.027766817666666666,0.02456761,0.034844974666666674,0.03272012166666667,0.03557877066666667,0.032159374666666664,0.03261911666666666,0.01626477,0.026827171666666663,0.037900043333333334,0.026730834999999998,5.960464333333333e-09,0.013610166333333333,0.030825257666666665,0.04322067,0.017975241,0.03234996,0.019827765333333334,0.03483929166666667,0.023579474333333336,0.02597119566666667,0.03669120866666667,0.030818368999999998,0.019021967666666664,0.027985918333333335,0.017056539,0.03626301666666667,0.027031117666666667,0.032131346,0.03403013133333334,0.029675471999999994,0.024337667333333333,0.03509108466666667,0.03475184633333333,0.025202900333333333,0.02340844666666667,0.02728465,0.020142982333333333,0.04590463633333333,0.03597554333333333,0.038299752,0.038231042666666666,0.040626288999999996,0.04443811666666666,0.036823596666666666,0.03916252633333333,0.03440048,0.04473355833333333,0.03828192466666667,0.04300445566666666,0.03418781433333333,0.03529425866666667,0.03321475833333334,0.04404816533333333,0.038118392666666674,0.041333308,0.032379650999999995,0.03973927233333333,0.027377857666666665,0.026496648666666667,0.04590463633333333,0.027766817666666666,0.027094416,0.03597554333333333,0.038299752,0.027571686333333335,0.023579474333333336,0.038231042666666666,0.02597119566666667,0.03669120866666667,0.040626288999999996,0.02456761,0.017692315666666666,0.03800900433333333,0.034844974666666674,0.03272012166666667,0.04443811666666666,0.030818368999999998,0.021928498666666664,0.03557877066666667,0.032159374666666664,0.03261911666666666,0.019021967666666664,0.023820330666666667,0.01626477,0.025019183,0.021779942,0.026827171666666663,0.036823596666666666,0.027985918333333335,0.029715891666666668,0.034444459999999996,0.037900043333333334,0.03916252633333333,0.027075559000000003,0.03440048,0.017056539,0.04473355833333333,0.03828192466666667,0.026730834999999998,5.960464333333333e-09,0.04300445566666666,0.03108876766666667,0.022465435666666665,0.013610166333333333,0.03626301666666667,0.030769992333333333,0.027031117666666667,0.03418781433333333,0.032131346,0.026626825333333333,0.030825257666666665,0.04322067,0.03529425866666667,0.03321475833333334,0.017975241,0.03403013133333334,0.03234996,0.029675471999999994,0.024337667333333333,0.019827765333333334,0.04404816533333333,0.025517451666666666,0.033419255,0.03483929166666667,0.03509108466666667,0.03475184633333333,0.038118392666666674,0.041333308,0.025202900333333333,0.02340844666666667,0.02728465,0.02770202,0.032379650999999995,0.020142982333333333,0.03973927233333333,0.027377857666666665,0.026496648666666667,0.027094416,0.027571686333333335,0.017692315666666666,0.03800900433333333,0.021928498666666664,0.023820330666666667,0.025019183,0.021779942,0.029715891666666668,0.034444459999999996,0.027075559000000003,0.03108876766666667,0.022465435666666665,0.030769992333333333,0.026626825333333333,0.025517451666666666,0.033419255,0.02770202
