,omer_02.jpg,tal_05.jpg,omer_07.jpg,tal_06.jpg,omer_06.jpg,omer_08.jpg,tal_01.jpg,omer_03.jpg,tal_07.jpg,tal_03.jpg,omer_04.jpg,omer_10.jpg,tal_09.jpg,tal_02.jpg,tal_08.jpg,omer_09.jpg,tal_10.jpg,omer_05.jpg,tal_04.jpg,matt_04.jpg,dom_10.jpg,dom_05.jpg,matt_08.jpg,dom_04.jpg,matt_02.jpg,matt_07.jpg,matt_06.jpg,matt_05.jpg,dom_07.jpg,dom_03.jpg,matt_03.jpg,matt_01.jpg,dom_06.jpg,matt_10.jpg,dom_01.jpg,dom_09.jpg,matt_09.jpg,dom_02.jpg,tess_03.jpg,taz_06.jpg,taz_04.jpg,taz_03.jpg,tess_01.jpg,tess_07.jpg,tess_05.jpg,taz_05.jpg,tess_02.jpg,tess_09.jpg,tess_06.jpg,taz_07.jpg,taz_02.jpg,tess_04.jpg,taz_09.jpg,tess_08.jpg,taz_08.jpg,taz_01.jpg,tess_10.jpg,taz_10.jpg,marina_07.jpg,tamar_04.jpg,tess_03.jpg.1,omer_02.jpg.1,marina_04.jpg,taz_06.jpg.1,taz_04.jpg.1,marina_01.jpg,matt_04.jpg.1,taz_03.jpg.1,dom_10.jpg.1,dom_05.jpg.1,tess_01.jpg.1,tal_05.jpg.1,marina_06.jpg,tamar_09.jpg,omer_07.jpg.1,tal_06.jpg.1,tess_07.jpg.1,matt_08.jpg.1,marina_08.jpg,omer_06.jpg.1,omer_08.jpg.1,tal_01.jpg.1,dom_04.jpg.1,tamar_10.jpg,omer_03.jpg.1,tamar_02.jpg,tamar_05.jpg,tal_07.jpg.1,tess_05.jpg.1,matt_02.jpg.1,tamar_07.jpg,tamar_03.jpg,tal_03.jpg.1,taz_05.jpg.1,marina_09.jpg,tess_02.jpg.1,matt_07.jpg.1,tess_09.jpg.1,tess_06.jpg.1,omer_04.jpg.1,omer_10.jpg.1,taz_07.jpg.1,tamar_01.jpg,marina_10.jpg,tal_09.jpg.1,matt_06.jpg.1,tamar_06.jpg,matt_05.jpg.1,taz_02.jpg.1,dom_07.jpg.1,marina_05.jpg,tal_02.jpg.1,tal_08.jpg.1,tess_04.jpg.1,taz_09.jpg.1,omer_09.jpg.1,dom_03.jpg.1,tal_10.jpg.1,matt_03.jpg.1,matt_01.jpg.1,omer_05.jpg.1,tess_08.jpg.1,marina_02.jpg,marina_03.jpg,tal_04.jpg.1,dom_06.jpg.1,matt_10.jpg.1,taz_08.jpg.1,taz_01.jpg.1,dom_01.jpg.1,dom_09.jpg.1,matt_09.jpg.1,tamar_08.jpg,tess_10.jpg.1,dom_02.jpg.1,taz_10.jpg.1,marina_07.jpg.1,tamar_04.jpg.1,marina_04.jpg.1,marina_01.jpg.1,marina_06.jpg.1,tamar_09.jpg.1,marina_08.jpg.1,tamar_10.jpg.1,tamar_02.jpg.1,tamar_05.jpg.1,tamar_07.jpg.1,tamar_03.jpg.1,marina_09.jpg.1,tamar_01.jpg.1,marina_10.jpg.1,tamar_06.jpg.1,marina_05.jpg.1,marina_02.jpg.1,marina_03.jpg.1,tamar_08.jpg.1
0,0.0,0.011810823333333333,0.013806168333333332,0.026041291,0.015377638999999999,0.015013372666666665,0.010326532333333334,0.013352042666666668,0.026008629999999998,0.01654574866666667,0.017417844000000002,0.01860054133333333,0.013646207333333334,0.013261069666666665,0.032511802,0.018040041,0.032018546333333335,0.012259997666666666,0.0354783,0.024720269666666666,0.037284606666666664,0.026162734333333337,0.03224825233333333,0.027703939000000004,0.025542173666666668,0.023962535,0.024556274,0.035926496999999995,0.022626247666666665,0.020355769000000003,0.022904835000000002,0.034031684666666666,0.031016912,0.028033441333333336,0.02975852333333334,0.029433844333333337,0.03357603533333333,0.030234345,0.021252406,0.02677933166666667,0.03652351833333333,0.03682887233333333,0.033930665666666665,0.032688703,0.03691355833333333,0.037675896666666674,0.039339514666666665,0.028495873999999997,0.01857917333333333,0.032175121,0.029905398333333333,0.04182714233333333,0.03531508666666667,0.038819662,0.033092522666666666,0.034458373,0.041227714666666665,0.027493955333333334,0.036730677,0.043985350000000006,0.021252406,0.0,0.042872919333333336,0.02677933166666667,0.03652351833333333,0.044960554666666666,0.024720269666666666,0.03682887233333333,0.037284606666666664,0.026162734333333337,0.033930665666666665,0.011810823333333333,0.03891823333333333,0.031541117,0.013806168333333332,0.026041291,0.032688703,0.03224825233333333,0.0413434,0.015377638999999999,0.015013372666666665,0.010326532333333334,0.027703939000000004,0.037337196,0.013352042666666668,0.04073766,0.04082087666666667,0.026008629999999998,0.03691355833333333,0.025542173666666668,0.039344994,0.04111023333333333,0.01654574866666667,0.037675896666666674,0.04271631333333333,0.039339514666666665,0.023962535,0.028495873999999997,0.01857917333333333,0.017417844000000002,0.01860054133333333,0.032175121,0.03785607866666667,0.03275338666666667,0.013646207333333334,0.024556274,0.04007965199999999,0.035926496999999995,0.029905398333333333,0.022626247666666665,0.03967404133333333,0.013261069666666665,0.032511802,0.04182714233333333,0.03531508666666667,0.018040041,0.020355769000000003,0.032018546333333335,0.022904835000000002,0.034031684666666666,0.012259997666666666,0.038819662,0.03635926666666667,0.035695078000000005,0.0354783,0.031016912,0.028033441333333336,0.033092522666666666,0.034458373,0.02975852333333334,0.029433844333333337,0.03357603533333333,0.03740288666666666,0.041227714666666665,0.030234345,0.027493955333333334,0.036730677,0.043985350000000006,0.042872919333333336,0.044960554666666666,0.03891823333333333,0.031541117,0.0413434,0.037337196,0.04073766,0.04082087666666667,0.039344994,0.04111023333333333,0.04271631333333333,0.03785607866666667,0.03275338666666667,0.04007965199999999,0.03967404133333333,0.03635926666666667,0.035695078000000005,0.03740288666666666
1,0.011810823333333333,5.960464499999999e-09,0.019935041666666663,0.021309844666666668,0.017189679333333333,0.018239089,0.012655832,0.018332819333333337,0.031412705000000006,0.015379090666666668,0.020221233333333335,0.019088056000000003,0.016044078,0.016772306,0.030960375000000002,0.022063221666666667,0.031119060333333334,0.019424446333333335,0.032342305,0.027846292666666665,0.03578034233333334,0.02511454066666667,0.03636380533333334,0.02403174233333333,0.028661014,0.026874794666666667,0.027847669999999998,0.03785071366666667,0.024687422333333334,0.02548132533333333,0.025814012666666667,0.03471202266666666,0.03557058933333333,0.031632341333333334,0.027777236,0.031553500666666665,0.032154612,0.029183151333333334,0.022128081666666667,0.027893924666666667,0.036536648,0.033805282,0.031957466000000004,0.031722574,0.03640454666666667,0.03877107999999999,0.03542638233333333,0.02811700666666667,0.021893054000000002,0.03176311033333333,0.028726170333333335,0.040889734,0.033698515666666665,0.03831960333333335,0.033140460999999996,0.034398229999999995,0.038494129999999994,0.032008173,0.037411389,0.041660602,0.022128081666666667,0.011810823333333333,0.042505045,0.027893924666666667,0.036536648,0.044794871666666666,0.027846292666666665,0.033805282,0.03578034233333334,0.02511454066666667,0.031957466000000004,5.960464499999999e-09,0.03769610733333333,0.027838550000000004,0.019935041666666663,0.021309844666666668,0.031722574,0.03636380533333334,0.04090061666666667,0.017189679333333333,0.018239089,0.012655832,0.02403174233333333,0.03455768533333334,0.018332819333333337,0.03512365533333333,0.04027909666666667,0.031412705000000006,0.03640454666666667,0.028661014,0.03651260666666666,0.03706415666666667,0.015379090666666668,0.03877107999999999,0.042179549999999996,0.03542638233333333,0.026874794666666667,0.02811700666666667,0.021893054000000002,0.020221233333333335,0.019088056000000003,0.03176311033333333,0.032901218999999995,0.032724219666666665,0.016044078,0.027847669999999998,0.03954217133333334,0.03785071366666667,0.028726170333333335,0.024687422333333334,0.039780022,0.016772306,0.030960375000000002,0.040889734,0.033698515666666665,0.022063221666666667,0.02548132533333333,0.031119060333333334,0.025814012666666667,0.03471202266666666,0.019424446333333335,0.03831960333333335,0.036046617999999996,0.03494033333333334,0.032342305,0.03557058933333333,0.031632341333333334,0.033140460999999996,0.034398229999999995,0.027777236,0.031553500666666665,0.032154612,0.032019648,0.038494129999999994,0.029183151333333334,0.032008173,0.037411389,0.041660602,0.042505045,0.044794871666666666,0.03769610733333333,0.027838550000000004,0.04090061666666667,0.03455768533333334,0.03512365533333333,0.04027909666666667,0.03651260666666666,0.03706415666666667,0.042179549999999996,0.032901218999999995,0.032724219666666665,0.03954217133333334,0.039780022,0.036046617999999996,0.03494033333333334,0.032019648
2,0.013806168333333332,0.019935041666666663,0.0,0.024276293999999997,0.019074392333333336,0.017952716333333334,0.014597078333333334,0.013656212999999999,0.025220558999999997,0.020570290333333335,0.020693723333333334,0.020680265,0.018268897,0.019636521666666667,0.03264802666666667,0.01793913266666667,0.03226981533333333,0.008752010000000001,0.03279620866666667,0.022654396333333333,0.032880016,0.022793352333333336,0.026946105666666664,0.025828286,0.022174672333333333,0.0242914,0.019137172,0.032280826666666665,0.021719042666666667,0.016706883999999998,0.024094564,0.03162059566666667,0.024293617666666666,0.028945622999999997,0.026554578333333332,0.025037606333333334,0.03478889,0.024314910333333335,0.018825413666666665,0.02097900666666667,0.030176371333333334,0.03160309000000001,0.029242553333333334,0.028048708000000002,0.03134340666666667,0.03186700133333333,0.035423106,0.026375259999999998,0.016391100666666665,0.027273347,0.025163076,0.03497155799999999,0.031013842,0.03375665466666666,0.027019021666666667,0.03171677,0.035127987666666666,0.021915272333333333,0.028546164,0.03757036133333334,0.018825413666666665,0.013806168333333332,0.03427551733333333,0.02097900666666667,0.030176371333333334,0.036263707666666666,0.022654396333333333,0.03160309000000001,0.032880016,0.022793352333333336,0.029242553333333334,0.019935041666666663,0.03459088233333333,0.029324031666666663,0.0,0.024276293999999997,0.028048708000000002,0.026946105666666664,0.034337675,0.019074392333333336,0.017952716333333334,0.014597078333333334,0.025828286,0.030276111,0.013656212999999999,0.03604881366666667,0.033495216,0.025220558999999997,0.03134340666666667,0.022174672333333333,0.03389307466666667,0.036613091,0.020570290333333335,0.03186700133333333,0.034409221,0.035423106,0.0242914,0.026375259999999998,0.016391100666666665,0.020693723333333334,0.020680265,0.027273347,0.03313813200000001,0.030439436333333333,0.018268897,0.019137172,0.032558121999999995,0.032280826666666665,0.025163076,0.021719042666666667,0.03251192433333334,0.019636521666666667,0.03264802666666667,0.03497155799999999,0.031013842,0.01793913266666667,0.016706883999999998,0.03226981533333333,0.024094564,0.03162059566666667,0.008752010000000001,0.03375665466666666,0.031233891,0.027287239,0.03279620866666667,0.024293617666666666,0.028945622999999997,0.027019021666666667,0.03171677,0.026554578333333332,0.025037606333333334,0.03478889,0.033398277999999997,0.035127987666666666,0.024314910333333335,0.021915272333333333,0.028546164,0.03757036133333334,0.03427551733333333,0.036263707666666666,0.03459088233333333,0.029324031666666663,0.034337675,0.030276111,0.03604881366666667,0.033495216,0.03389307466666667,0.036613091,0.034409221,0.03313813200000001,0.030439436333333333,0.032558121999999995,0.03251192433333334,0.031233891,0.027287239,0.033398277999999997
3,0.026041291,0.021309844666666668,0.024276293999999997,3.973642999999999e-09,0.018826916333333332,0.020057499333333333,0.016462944,0.021817123666666667,0.025154118,0.012083780666666665,0.022605514666666666,0.02225498166666667,0.01958349333333333,0.021585509999999995,0.027068241666666666,0.02455081133333333,0.026209916666666666,0.023967848000000003,0.023406772000000003,0.022320735666666664,0.027958174666666665,0.01788012766666667,0.028964084333333338,0.01739221033333333,0.024319936666666667,0.02252671466666667,0.021473411333333338,0.023525271666666667,0.018305832,0.01912516666666667,0.021859679666666666,0.020412904333333332,0.025739383333333334,0.021780570333333336,0.017834571666666667,0.023430883333333333,0.02250811466666667,0.019414909666666664,0.017908606666666667,0.021916622333333337,0.031122412666666665,0.025954688,0.024698998666666663,0.022541972,0.023518369333333334,0.027316413333333334,0.027743882,0.023425036666666666,0.021396651333333336,0.022489370999999998,0.021807521333333333,0.03522546,0.027206090999999998,0.024516131333333333,0.028736849999999998,0.02033481566666667,0.026819684333333333,0.026006887333333333,0.03142678266666667,0.03481537333333334,0.017908606666666667,0.026041291,0.03404277666666666,0.021916622333333337,0.031122412666666665,0.035159153000000005,0.022320735666666664,0.025954688,0.027958174666666665,0.01788012766666667,0.024698998666666663,0.021309844666666668,0.031124357333333335,0.021560208,0.024276293999999997,3.973642999999999e-09,0.022541972,0.028964084333333338,0.031064703333333332,0.018826916333333332,0.020057499333333333,0.016462944,0.01739221033333333,0.026201259999999997,0.021817123666666667,0.027222796333333334,0.03049384966666667,0.025154118,0.023518369333333334,0.024319936666666667,0.027800281666666666,0.030485943999999997,0.012083780666666665,0.027316413333333334,0.036333041999999996,0.027743882,0.02252671466666667,0.023425036666666666,0.021396651333333336,0.022605514666666666,0.02225498166666667,0.022489370999999998,0.024232576000000002,0.032817241000000004,0.01958349333333333,0.021473411333333338,0.031130753000000004,0.023525271666666667,0.021807521333333333,0.018305832,0.032405824,0.021585509999999995,0.027068241666666666,0.03522546,0.027206090999999998,0.02455081133333333,0.01912516666666667,0.026209916666666666,0.021859679666666666,0.020412904333333332,0.023967848000000003,0.024516131333333333,0.030245201000000003,0.026631726999999997,0.023406772000000003,0.025739383333333334,0.021780570333333336,0.028736849999999998,0.02033481566666667,0.017834571666666667,0.023430883333333333,0.02250811466666667,0.025104896333333335,0.026819684333333333,0.019414909666666664,0.026006887333333333,0.03142678266666667,0.03481537333333334,0.03404277666666666,0.035159153000000005,0.031124357333333335,0.021560208,0.031064703333333332,0.026201259999999997,0.027222796333333334,0.03049384966666667,0.027800281666666666,0.030485943999999997,0.036333041999999996,0.024232576000000002,0.032817241000000004,0.031130753000000004,0.032405824,0.030245201000000003,0.026631726999999997,0.025104896333333335
4,0.015377638999999999,0.017189679333333333,0.019074392333333336,0.018826916333333332,0.0,0.02047054766666667,0.013759785666666666,0.017495000333333333,0.023938591999999998,0.018479327333333333,0.020992911,0.021960072333333334,0.013765303333333334,0.018178041333333332,0.021066117333333335,0.021666763,0.025802266,0.016931335333333332,0.01898569866666667,0.01764767966666667,0.025954151333333335,0.027075576,0.032697808333333335,0.023161917666666667,0.015972793,0.02492801533333333,0.02140914766666667,0.030513379999999996,0.025972626666666665,0.02065461866666667,0.023028582333333332,0.030476210666666666,0.030023755666666666,0.02150224666666667,0.023494360666666665,0.028420095,0.031777314333333334,0.023305636333333334,0.021461316,0.021716161666666668,0.029511843333333336,0.030014666000000002,0.026705831333333332,0.024879320333333333,0.026952272666666666,0.037742029,0.028847915,0.027412462000000002,0.02042591933333333,0.030431785,0.027953617666666663,0.03434215333333333,0.030706103666666665,0.033989868,0.026435139,0.03411997766666667,0.030102608666666666,0.024851798666666668,0.029339659333333334,0.031518526666666664,0.021461316,0.015377638999999999,0.03050117333333334,0.021716161666666668,0.029511843333333336,0.035063131000000004,0.01764767966666667,0.030014666000000002,0.025954151333333335,0.027075576,0.026705831333333332,0.017189679333333333,0.02562028,0.022610080333333334,0.019074392333333336,0.018826916333333332,0.024879320333333333,0.032697808333333335,0.027935299333333333,0.0,0.02047054766666667,0.013759785666666666,0.023161917666666667,0.02465054,0.017495000333333333,0.025441690333333333,0.02947999633333333,0.023938591999999998,0.026952272666666666,0.015972793,0.025488543333333332,0.028462106,0.018479327333333333,0.037742029,0.03456749333333333,0.028847915,0.02492801533333333,0.027412462000000002,0.02042591933333333,0.020992911,0.021960072333333334,0.030431785,0.024049158999999997,0.024937696999999998,0.013765303333333334,0.02140914766666667,0.03389351,0.030513379999999996,0.027953617666666663,0.025972626666666665,0.027880255333333333,0.018178041333333332,0.021066117333333335,0.03434215333333333,0.030706103666666665,0.021666763,0.02065461866666667,0.025802266,0.023028582333333332,0.030476210666666666,0.016931335333333332,0.033989868,0.025937183666666665,0.024305912,0.01898569866666667,0.030023755666666666,0.02150224666666667,0.026435139,0.03411997766666667,0.023494360666666665,0.028420095,0.031777314333333334,0.023563945666666662,0.030102608666666666,0.023305636333333334,0.024851798666666668,0.029339659333333334,0.031518526666666664,0.03050117333333334,0.035063131000000004,0.02562028,0.022610080333333334,0.027935299333333333,0.02465054,0.025441690333333333,0.02947999633333333,0.025488543333333332,0.028462106,0.03456749333333333,0.024049158999999997,0.024937696999999998,0.03389351,0.027880255333333333,0.025937183666666665,0.024305912,0.023563945666666662
5,0.015013372666666665,0.018239089,0.017952716333333334,0.020057499333333333,0.02047054766666667,3.973642999999999e-09,0.011254684,0.0063176392333333335,0.028332781000000005,0.010752926166666666,0.004821854833333333,0.011234905333333333,0.017873012666666667,0.016405856666666666,0.040245760000000005,0.006912295133333333,0.034342786666666666,0.018874424666666667,0.039236425,0.02580155333333333,0.04436943166666666,0.017803359333333334,0.03578813666666667,0.025099420666666667,0.02873622966666667,0.028607564999999998,0.021263128333333332,0.033565811,0.014521223333333333,0.016268221333333333,0.024136902666666668,0.029937803666666665,0.031105986666666665,0.026527478666666666,0.024729919666666666,0.027310784666666667,0.031718092999999996,0.030996980333333334,0.02609081666666667,0.02850066433333333,0.04263315,0.04194374666666667,0.04037880666666666,0.033442976000000006,0.03756932599999999,0.035832883333333336,0.04564778666666666,0.035470712,0.019732845333333335,0.027682862333333332,0.03413066,0.04758503133333333,0.04304859666666667,0.03796003433333333,0.039609624,0.030554600666666668,0.046093582333333334,0.029926397333333334,0.04380083866666666,0.052124638,0.02609081666666667,0.015013372666666665,0.049812869999999995,0.02850066433333333,0.04263315,0.045881446666666666,0.02580155333333333,0.04194374666666667,0.04436943166666666,0.017803359333333334,0.04037880666666666,0.018239089,0.04746705799999999,0.039861003333333325,0.017952716333333334,0.020057499333333333,0.033442976000000006,0.03578813666666667,0.04607384866666666,0.02047054766666667,3.973642999999999e-09,0.011254684,0.025099420666666667,0.04133821333333333,0.0063176392333333335,0.04535605333333334,0.04628847666666667,0.028332781000000005,0.03756932599999999,0.02873622966666667,0.047095587,0.047958195333333335,0.010752926166666666,0.035832883333333336,0.051477461333333335,0.04564778666666666,0.028607564999999998,0.035470712,0.019732845333333335,0.004821854833333333,0.011234905333333333,0.027682862333333332,0.04237485900000001,0.045784142,0.017873012666666667,0.021263128333333332,0.04408237,0.033565811,0.03413066,0.014521223333333333,0.046725355333333336,0.016405856666666666,0.040245760000000005,0.04758503133333333,0.04304859666666667,0.006912295133333333,0.016268221333333333,0.034342786666666666,0.024136902666666668,0.029937803666666665,0.018874424666666667,0.03796003433333333,0.04557158333333334,0.042342764666666664,0.039236425,0.031105986666666665,0.026527478666666666,0.039609624,0.030554600666666668,0.024729919666666666,0.027310784666666667,0.031718092999999996,0.042864482,0.046093582333333334,0.030996980333333334,0.029926397333333334,0.04380083866666666,0.052124638,0.049812869999999995,0.045881446666666666,0.04746705799999999,0.039861003333333325,0.04607384866666666,0.04133821333333333,0.04535605333333334,0.04628847666666667,0.047095587,0.047958195333333335,0.051477461333333335,0.04237485900000001,0.045784142,0.04408237,0.046725355333333336,0.04557158333333334,0.042342764666666664,0.042864482
6,0.010326532333333334,0.012655832,0.014597078333333334,0.016462944,0.013759785666666666,0.011254684,0.0,0.011482210666666666,0.022207421,0.010637426466666666,0.014846523333333334,0.016456338333333334,0.012770802,0.0104167145,0.028750217,0.015938050000000002,0.029427027666666664,0.014383521000000002,0.030098899,0.020695604666666666,0.03526872666666667,0.018420622666666667,0.03194246666666667,0.021019606000000003,0.023951304,0.022132733333333335,0.021055183666666668,0.029152083333333332,0.016700436666666665,0.015472980333333334,0.018186221666666665,0.028074842666666665,0.027076452666666664,0.023470622,0.021532805666666665,0.025603392,0.02780964,0.023579796333333333,0.016905357666666666,0.021027197333333338,0.034849677333333336,0.031308300666666664,0.03021152233333333,0.02706925,0.029494126666666665,0.033331566,0.035150093,0.025314872,0.016817633000000002,0.025268618,0.02719728166666667,0.04129777833333333,0.032421861333333336,0.032213066666666665,0.03149712733333333,0.027006894333333333,0.036542167333333334,0.024394554,0.036884792000000007,0.0436034,0.016905357666666666,0.010326532333333334,0.04141471,0.021027197333333338,0.034849677333333336,0.04273485,0.020695604666666666,0.031308300666666664,0.03526872666666667,0.018420622666666667,0.03021152233333333,0.012655832,0.036517304333333334,0.02727886433333333,0.014597078333333334,0.016462944,0.02706925,0.03194246666666667,0.03986409333333333,0.013759785666666666,0.011254684,0.0,0.021019606000000003,0.034664058000000005,0.011482210666666666,0.036423786666666666,0.03719860333333334,0.022207421,0.029494126666666665,0.023951304,0.03584581666666667,0.03694153866666667,0.010637426466666666,0.033331566,0.042339146666666674,0.035150093,0.022132733333333335,0.025314872,0.016817633000000002,0.014846523333333334,0.016456338333333334,0.025268618,0.031499916333333336,0.035032132333333334,0.012770802,0.021055183666666668,0.03915552,0.029152083333333332,0.02719728166666667,0.016700436666666665,0.03957611666666667,0.0104167145,0.028750217,0.04129777833333333,0.032421861333333336,0.015938050000000002,0.015472980333333334,0.029427027666666664,0.018186221666666665,0.028074842666666665,0.014383521000000002,0.032213066666666665,0.034349064000000006,0.032929315,0.030098899,0.027076452666666664,0.023470622,0.03149712733333333,0.027006894333333333,0.021532805666666665,0.025603392,0.02780964,0.03183777333333334,0.036542167333333334,0.023579796333333333,0.024394554,0.036884792000000007,0.0436034,0.04141471,0.04273485,0.036517304333333334,0.02727886433333333,0.03986409333333333,0.034664058000000005,0.036423786666666666,0.03719860333333334,0.03584581666666667,0.03694153866666667,0.042339146666666674,0.031499916333333336,0.035032132333333334,0.03915552,0.03957611666666667,0.034349064000000006,0.032929315,0.03183777333333334
7,0.013352042666666668,0.018332819333333337,0.013656212999999999,0.021817123666666667,0.017495000333333333,0.0063176392333333335,0.011482210666666666,0.0,0.02823938133333333,0.014806030466666668,0.005377183433333333,0.010604448999999998,0.015576311,0.018848983666666666,0.038657107999999996,0.0048421184,0.03233497133333333,0.014946268333333334,0.037717230000000004,0.024900919,0.03998917833333334,0.021248201666666668,0.03621783666666667,0.026868240666666668,0.025275308,0.028304150000000004,0.021247311666666668,0.034615938,0.018213008,0.019301446666666666,0.025337269,0.03183064666666667,0.031724086000000006,0.027846684333333333,0.026817626,0.028759946666666664,0.035648907333333334,0.029466608999999998,0.026984566666666664,0.02833448066666667,0.04179003666666667,0.04185469533333333,0.04063726833333334,0.034632637333333334,0.037637452,0.04007633866666667,0.045654235,0.03628999,0.019855439333333336,0.030925373333333332,0.03549483900000001,0.04605040766666667,0.04240585166666667,0.04187730333333333,0.03786126,0.035480844,0.04613403333333333,0.03029713,0.03875385333333334,0.04786938466666667,0.026984566666666664,0.013352042666666668,0.044021275666666665,0.02833448066666667,0.04179003666666667,0.042629435,0.024900919,0.04185469533333333,0.03998917833333334,0.021248201666666668,0.04063726833333334,0.018332819333333337,0.04419989666666667,0.038419059,0.013656212999999999,0.021817123666666667,0.034632637333333334,0.03621783666666667,0.04194050999999999,0.017495000333333333,0.0063176392333333335,0.011482210666666666,0.026868240666666668,0.037913922333333336,0.0,0.04311302333333333,0.043685009000000004,0.02823938133333333,0.037637452,0.025275308,0.04407722333333333,0.046460266666666666,0.014806030466666668,0.04007633866666667,0.047875361666666665,0.045654235,0.028304150000000004,0.03628999,0.019855439333333336,0.005377183433333333,0.010604448999999998,0.030925373333333332,0.04124839166666667,0.04065912133333334,0.015576311,0.021247311666666668,0.04319364666666667,0.034615938,0.03549483900000001,0.018213008,0.042256749999999996,0.018848983666666666,0.038657107999999996,0.04605040766666667,0.04240585166666667,0.0048421184,0.019301446666666666,0.03233497133333333,0.025337269,0.03183064666666667,0.014946268333333334,0.04187730333333333,0.043133505333333336,0.03903343333333333,0.037717230000000004,0.031724086000000006,0.027846684333333333,0.03786126,0.035480844,0.026817626,0.028759946666666664,0.035648907333333334,0.04123490533333333,0.04613403333333333,0.029466608999999998,0.03029713,0.03875385333333334,0.04786938466666667,0.044021275666666665,0.042629435,0.04419989666666667,0.038419059,0.04194050999999999,0.037913922333333336,0.04311302333333333,0.043685009000000004,0.04407722333333333,0.046460266666666666,0.047875361666666665,0.04124839166666667,0.04065912133333334,0.04319364666666667,0.042256749999999996,0.043133505333333336,0.03903343333333333,0.04123490533333333
8,0.026008629999999998,0.031412705000000006,0.025220558999999997,0.025154118,0.023938591999999998,0.028332781000000005,0.022207421,0.02823938133333333,1.9868214999999996e-09,0.026689317,0.031219677,0.027173976666666665,0.02404713633333333,0.016338237333333335,0.021239876666666668,0.02824880066666667,0.025455967000000003,0.02342174066666667,0.020476569999999996,0.020175061666666664,0.025543528666666662,0.021784043333333333,0.02326690366666667,0.020941710666666665,0.022521915333333333,0.021295255333333332,0.017183196666666668,0.017159070666666665,0.021608108,0.017826799666666667,0.02235078,0.023851768333333336,0.015749625,0.021626262,0.017151161,0.015904883666666668,0.027905066666666662,0.01973658266666667,0.016434738666666667,0.015200603,0.020346013666666666,0.018467517666666666,0.020210987,0.016570232,0.015053874333333333,0.020996364,0.022908709333333332,0.017855163666666667,0.017823267,0.01685540866666667,0.020623405666666664,0.026485503000000004,0.020957650666666668,0.018306960666666667,0.01951543533333333,0.018944485666666667,0.023770513333333333,0.013695542000000002,0.027094451666666665,0.030125771000000003,0.016434738666666667,0.026008629999999998,0.027685377666666667,0.015200603,0.020346013666666666,0.02699424,0.020175061666666664,0.018467517666666666,0.025543528666666662,0.021784043333333333,0.020210987,0.031412705000000006,0.022733927333333334,0.019444352333333335,0.025220558999999997,0.025154118,0.016570232,0.02326690366666667,0.025762659000000004,0.023938591999999998,0.028332781000000005,0.022207421,0.020941710666666665,0.023887714,0.02823938133333333,0.026171636666666664,0.019064962666666668,1.9868214999999996e-09,0.015053874333333333,0.022521915333333333,0.023546222333333332,0.024394037333333334,0.026689317,0.020996364,0.027722273333333332,0.022908709333333332,0.021295255333333332,0.017855163666666667,0.017823267,0.031219677,0.027173976666666665,0.01685540866666667,0.022768942666666667,0.024464931000000002,0.02404713633333333,0.017183196666666668,0.025468083,0.017159070666666665,0.020623405666666664,0.021608108,0.026919225666666668,0.016338237333333335,0.021239876666666668,0.026485503000000004,0.020957650666666668,0.02824880066666667,0.017826799666666667,0.025455967000000003,0.02235078,0.023851768333333336,0.02342174066666667,0.018306960666666667,0.020770844,0.021279347,0.020476569999999996,0.015749625,0.021626262,0.01951543533333333,0.018944485666666667,0.017151161,0.015904883666666668,0.027905066666666662,0.02248168,0.023770513333333333,0.01973658266666667,0.013695542000000002,0.027094451666666665,0.030125771000000003,0.027685377666666667,0.02699424,0.022733927333333334,0.019444352333333335,0.025762659000000004,0.023887714,0.026171636666666664,0.019064962666666668,0.023546222333333332,0.024394037333333334,0.027722273333333332,0.022768942666666667,0.024464931000000002,0.025468083,0.026919225666666668,0.020770844,0.021279347,0.02248168
9,0.01654574866666667,0.015379090666666668,0.020570290333333335,0.012083780666666665,0.018479327333333333,0.010752926166666666,0.010637426466666666,0.014806030466666668,0.026689317,3.973642999999999e-09,0.013519821333333333,0.017316518333333333,0.013294410666666668,0.016513246333333332,0.03555737233333334,0.01780741233333333,0.029537627666666667,0.020975661333333333,0.033117526,0.02234202666666667,0.03360317966666667,0.016105423333333334,0.028685355333333332,0.016857828666666668,0.025319662000000003,0.018705300666666667,0.024356202333333334,0.026431969666666666,0.013316066999999997,0.018610326666666666,0.01775557,0.020672454333333333,0.02872708433333333,0.024240364666666667,0.02116161966666667,0.024524072666666667,0.021471738666666667,0.024563845000000004,0.019673393333333334,0.026730889,0.039120854999999996,0.033233883,0.03263768466666667,0.030377980333333332,0.03206566600000001,0.029676596333333336,0.037012336666666666,0.027362432,0.020323552666666668,0.026803700333333333,0.025115187666666663,0.04380523866666666,0.03252517566666667,0.030695009000000002,0.03632126266666667,0.02365155433333333,0.039236067,0.02851639,0.03850963466666667,0.04406428666666667,0.019673393333333334,0.01654574866666667,0.044080505,0.026730889,0.039120854999999996,0.04374409333333333,0.02234202666666667,0.033233883,0.03360317966666667,0.016105423333333334,0.03263768466666667,0.015379090666666668,0.04238316833333333,0.028933449666666666,0.020570290333333335,0.012083780666666665,0.030377980333333332,0.028685355333333332,0.039841220000000004,0.018479327333333333,0.010752926166666666,0.010637426466666666,0.016857828666666668,0.03578390333333334,0.014806030466666668,0.03739996866666666,0.04032459499999999,0.026689317,0.03206566600000001,0.025319662000000003,0.039398996666666665,0.041993471,3.973642999999999e-09,0.029676596333333336,0.044673951999999996,0.037012336666666666,0.018705300666666667,0.027362432,0.020323552666666668,0.013519821333333333,0.017316518333333333,0.026803700333333333,0.035420342333333334,0.039011043333333335,0.013294410666666668,0.024356202333333334,0.038894137999999995,0.026431969666666666,0.025115187666666663,0.013316066999999997,0.04155746333333333,0.016513246333333332,0.03555737233333334,0.04380523866666666,0.03252517566666667,0.01780741233333333,0.018610326666666666,0.029537627666666667,0.01775557,0.020672454333333333,0.020975661333333333,0.030695009000000002,0.03945726000000001,0.03674102766666666,0.033117526,0.02872708433333333,0.024240364666666667,0.03632126266666667,0.02365155433333333,0.02116161966666667,0.024524072666666667,0.021471738666666667,0.035518136666666665,0.039236067,0.024563845000000004,0.02851639,0.03850963466666667,0.04406428666666667,0.044080505,0.04374409333333333,0.04238316833333333,0.028933449666666666,0.039841220000000004,0.03578390333333334,0.03739996866666666,0.04032459499999999,0.039398996666666665,0.041993471,0.044673951999999996,0.035420342333333334,0.039011043333333335,0.038894137999999995,0.04155746333333333,0.03945726000000001,0.03674102766666666,0.035518136666666665
10,0.017417844000000002,0.020221233333333335,0.020693723333333334,0.022605514666666666,0.020992911,0.004821854833333333,0.014846523333333334,0.005377183433333333,0.031219677,0.013519821333333333,1.9868214999999996e-09,0.011192703333333331,0.01797192666666667,0.021191424333333334,0.04170801666666667,0.005425008233333334,0.03251718,0.022386248666666667,0.04011399,0.02758139966666667,0.04302855766666667,0.020226039000000005,0.03914921466666666,0.02649861133333333,0.027546747666666663,0.030191294333333334,0.024804603333333335,0.034181691666666666,0.017082702999999998,0.022109536333333332,0.024722037999999998,0.030641091,0.033723833,0.026482716666666663,0.027009352,0.029962561333333335,0.03221002866666666,0.032147546666666665,0.03162020233333333,0.03391028066666667,0.04614384766666667,0.04541426833333333,0.04450360799999999,0.03701944833333334,0.039771185333333334,0.040743941666666665,0.04851310666666667,0.03959965133333333,0.023179513333333335,0.03256366466666667,0.039621353,0.04891184566666666,0.045790199999999996,0.042472373333333334,0.043229492333333334,0.03511508133333333,0.04949839333333334,0.034024882,0.04437119366666667,0.051694609999999995,0.03162020233333333,0.017417844000000002,0.048847833333333326,0.03391028066666667,0.04614384766666667,0.044849575333333336,0.02758139966666667,0.04541426833333333,0.04302855766666667,0.020226039000000005,0.04450360799999999,0.020221233333333335,0.048883326666666664,0.042282306666666665,0.020693723333333334,0.022605514666666666,0.03701944833333334,0.03914921466666666,0.04490939766666667,0.020992911,0.004821854833333333,0.014846523333333334,0.02649861133333333,0.041699035,0.005377183433333333,0.045295647999999994,0.04808562666666667,0.031219677,0.039771185333333334,0.027546747666666663,0.048133794333333334,0.050289508000000004,0.013519821333333333,0.040743941666666665,0.052112798,0.04851310666666667,0.030191294333333334,0.03959965133333333,0.023179513333333335,1.9868214999999996e-09,0.011192703333333331,0.03256366466666667,0.04479914233333334,0.045141707999999996,0.01797192666666667,0.024804603333333335,0.046214193333333334,0.034181691666666666,0.039621353,0.017082702999999998,0.04633158466666667,0.021191424333333334,0.04170801666666667,0.04891184566666666,0.045790199999999996,0.005425008233333334,0.022109536333333332,0.03251718,0.024722037999999998,0.030641091,0.022386248666666667,0.042472373333333334,0.04826692866666667,0.04430772666666667,0.04011399,0.033723833,0.026482716666666663,0.043229492333333334,0.03511508133333333,0.027009352,0.029962561333333335,0.03221002866666666,0.04479980866666667,0.04949839333333334,0.032147546666666665,0.034024882,0.04437119366666667,0.051694609999999995,0.048847833333333326,0.044849575333333336,0.048883326666666664,0.042282306666666665,0.04490939766666667,0.041699035,0.045295647999999994,0.04808562666666667,0.048133794333333334,0.050289508000000004,0.052112798,0.04479914233333334,0.045141707999999996,0.046214193333333334,0.04633158466666667,0.04826692866666667,0.04430772666666667,0.04479980866666667
11,0.01860054133333333,0.019088056000000003,0.020680265,0.02225498166666667,0.021960072333333334,0.011234905333333333,0.016456338333333334,0.010604448999999998,0.027173976666666665,0.017316518333333333,0.011192703333333331,1.9868214999999996e-09,0.01932852666666667,0.018468870666666668,0.038121611,0.008972110333333333,0.033522971666666665,0.020684160999999996,0.03518009566666667,0.024878339000000003,0.040485419,0.020704879333333332,0.03496174766666667,0.024962375333333335,0.027674595333333333,0.030506883,0.019558304333333335,0.03304357733333333,0.019426004,0.021024656333333332,0.028237014666666668,0.03104396833333333,0.031082025000000003,0.028267755333333332,0.023863103,0.026232665666666665,0.03413908433333333,0.031051027999999998,0.028673056666666665,0.026896361666666667,0.038549923333333326,0.03942028233333333,0.038584752,0.03156722666666667,0.03584303066666667,0.037217839333333336,0.04252986333333333,0.03581298333333333,0.021442783,0.02664621266666667,0.033418746666666665,0.043143590999999995,0.041064655,0.03777745066666667,0.03515727666666667,0.033382571,0.043130745333333345,0.030329766666666667,0.03872542766666667,0.04609335666666667,0.028673056666666665,0.01860054133333333,0.04277111,0.026896361666666667,0.038549923333333326,0.03904124866666667,0.024878339000000003,0.03942028233333333,0.040485419,0.020704879333333332,0.038584752,0.019088056000000003,0.04230656666666667,0.038071518666666665,0.020680265,0.02225498166666667,0.03156722666666667,0.03496174766666667,0.04078206566666666,0.021960072333333334,0.011234905333333333,0.016456338333333334,0.024962375333333335,0.03637885033333334,0.010604448999999998,0.04059210666666666,0.04088880033333333,0.027173976666666665,0.03584303066666667,0.027674595333333333,0.04174839466666667,0.04315628333333333,0.017316518333333333,0.037217839333333336,0.04684031833333333,0.04252986333333333,0.030506883,0.03581298333333333,0.021442783,0.011192703333333331,1.9868214999999996e-09,0.02664621266666667,0.03821309333333334,0.040891933666666665,0.01932852666666667,0.019558304333333335,0.04034152033333333,0.03304357733333333,0.033418746666666665,0.019426004,0.041505950666666666,0.018468870666666668,0.038121611,0.043143590999999995,0.041064655,0.008972110333333333,0.021024656333333332,0.033522971666666665,0.028237014666666668,0.03104396833333333,0.020684160999999996,0.03777745066666667,0.04133425533333333,0.038415439999999995,0.03518009566666667,0.031082025000000003,0.028267755333333332,0.03515727666666667,0.033382571,0.023863103,0.026232665666666665,0.03413908433333333,0.038313389999999996,0.043130745333333345,0.031051027999999998,0.030329766666666667,0.03872542766666667,0.04609335666666667,0.04277111,0.03904124866666667,0.04230656666666667,0.038071518666666665,0.04078206566666666,0.03637885033333334,0.04059210666666666,0.04088880033333333,0.04174839466666667,0.04315628333333333,0.04684031833333333,0.03821309333333334,0.040891933666666665,0.04034152033333333,0.041505950666666666,0.04133425533333333,0.038415439999999995,0.038313389999999996
