,omer_02.jpg,tal_05.jpg,omer_07.jpg,tal_06.jpg,omer_06.jpg,omer_08.jpg,tal_01.jpg,omer_03.jpg,tal_07.jpg,tal_03.jpg,omer_04.jpg,omer_10.jpg,tal_09.jpg,tal_02.jpg,tal_08.jpg,omer_09.jpg,tal_10.jpg,omer_05.jpg,tal_04.jpg,matt_04.jpg,dom_10.jpg,dom_05.jpg,matt_08.jpg,dom_04.jpg,matt_02.jpg,matt_07.jpg,matt_06.jpg,matt_05.jpg,dom_07.jpg,dom_03.jpg,matt_03.jpg,matt_01.jpg,dom_06.jpg,matt_10.jpg,dom_01.jpg,dom_09.jpg,matt_09.jpg,dom_02.jpg,tess_03.jpg,taz_06.jpg,taz_04.jpg,taz_03.jpg,tess_01.jpg,tess_07.jpg,tess_05.jpg,taz_05.jpg,tess_02.jpg,tess_09.jpg,tess_06.jpg,taz_07.jpg,taz_02.jpg,tess_04.jpg,taz_09.jpg,tess_08.jpg,taz_08.jpg,taz_01.jpg,tess_10.jpg,taz_10.jpg,marina_07.jpg,tamar_04.jpg,tess_03.jpg.1,omer_02.jpg.1,marina_04.jpg,taz_06.jpg.1,taz_04.jpg.1,marina_01.jpg,matt_04.jpg.1,taz_03.jpg.1,dom_10.jpg.1,dom_05.jpg.1,tess_01.jpg.1,tal_05.jpg.1,marina_06.jpg,tamar_09.jpg,omer_07.jpg.1,tal_06.jpg.1,tess_07.jpg.1,matt_08.jpg.1,marina_08.jpg,omer_06.jpg.1,omer_08.jpg.1,tal_01.jpg.1,dom_04.jpg.1,tamar_10.jpg,omer_03.jpg.1,tamar_02.jpg,tamar_05.jpg,tal_07.jpg.1,tess_05.jpg.1,matt_02.jpg.1,tamar_07.jpg,tamar_03.jpg,tal_03.jpg.1,taz_05.jpg.1,marina_09.jpg,tess_02.jpg.1,matt_07.jpg.1,tess_09.jpg.1,tess_06.jpg.1,omer_04.jpg.1,omer_10.jpg.1,taz_07.jpg.1,tamar_01.jpg,marina_10.jpg,tal_09.jpg.1,matt_06.jpg.1,tamar_06.jpg,matt_05.jpg.1,taz_02.jpg.1,dom_07.jpg.1,marina_05.jpg,tal_02.jpg.1,tal_08.jpg.1,tess_04.jpg.1,taz_09.jpg.1,omer_09.jpg.1,dom_03.jpg.1,tal_10.jpg.1,matt_03.jpg.1,matt_01.jpg.1,omer_05.jpg.1,tess_08.jpg.1,marina_02.jpg,marina_03.jpg,tal_04.jpg.1,dom_06.jpg.1,matt_10.jpg.1,taz_08.jpg.1,taz_01.jpg.1,dom_01.jpg.1,dom_09.jpg.1,matt_09.jpg.1,tamar_08.jpg,tess_10.jpg.1,dom_02.jpg.1,taz_10.jpg.1,marina_07.jpg.1,tamar_04.jpg.1,marina_04.jpg.1,marina_01.jpg.1,marina_06.jpg.1,tamar_09.jpg.1,marina_08.jpg.1,tamar_10.jpg.1,tamar_02.jpg.1,tamar_05.jpg.1,tamar_07.jpg.1,tamar_03.jpg.1,marina_09.jpg.1,tamar_01.jpg.1,marina_10.jpg.1,tamar_06.jpg.1,marina_05.jpg.1,marina_02.jpg.1,marina_03.jpg.1,tamar_08.jpg.1
0,0.0,0.030527512333333336,0.011841011333333333,0.013971243333333333,0.010746852666666666,0.013001128333333332,0.010500673333333332,0.010546638666666667,0.012438426333333334,0.013577745,0.011616494333333335,0.018682396333333334,0.014968258333333333,0.010182221666666666,0.011338738666666666,0.011379989000000002,0.016216272666666667,0.008180044,0.011604909,0.026545341333333337,0.021218697,0.019107342000000003,0.026043735000000002,0.016317216666666665,0.020835701666666668,0.015754761333333332,0.017323114666666663,0.018560808333333335,0.018749801333333333,0.01979460333333333,0.026267291999999998,0.026676050999999996,0.016233205666666663,0.022823641999999998,0.02155346266666667,0.02077105233333333,0.025641302333333334,0.012218527000000002,0.033822960666666665,0.04696262,0.04474019666666666,0.04619071500000001,0.043442245000000004,0.046022433333333335,0.046550178666666664,0.042521045666666674,0.04280370866666667,0.042409488,0.04094124666666667,0.023603363666666665,0.034758713000000004,0.04752409199999999,0.042716318999999996,0.04793732333333334,0.043984220000000004,0.03986165333333333,0.04080850833333334,0.033321364666666665,0.034094567666666666,0.03799053866666667,0.033822960666666665,0.0,0.03895678700000001,0.04696262,0.04474019666666666,0.043420889,0.026545341333333337,0.04619071500000001,0.021218697,0.019107342000000003,0.043442245000000004,0.030527512333333336,0.04319181833333333,0.03325898333333334,0.011841011333333333,0.013971243333333333,0.046022433333333335,0.026043735000000002,0.034521659999999996,0.010746852666666666,0.013001128333333332,0.010500673333333332,0.016317216666666665,0.030676522,0.010546638666666667,0.03826140166666667,0.041849215333333335,0.012438426333333334,0.046550178666666664,0.020835701666666668,0.032168055,0.046413970000000006,0.013577745,0.042521045666666674,0.03202818633333333,0.04280370866666667,0.015754761333333332,0.042409488,0.04094124666666667,0.011616494333333335,0.018682396333333334,0.023603363666666665,0.047041597000000004,0.019125290666666666,0.014968258333333333,0.017323114666666663,0.046576565333333333,0.018560808333333335,0.034758713000000004,0.018749801333333333,0.040669626,0.010182221666666666,0.011338738666666666,0.04752409199999999,0.042716318999999996,0.011379989000000002,0.01979460333333333,0.016216272666666667,0.026267291999999998,0.026676050999999996,0.008180044,0.04793732333333334,0.039735911666666665,0.019625506666666667,0.011604909,0.016233205666666663,0.022823641999999998,0.043984220000000004,0.03986165333333333,0.02155346266666667,0.02077105233333333,0.025641302333333334,0.037985961666666665,0.04080850833333334,0.012218527000000002,0.033321364666666665,0.034094567666666666,0.03799053866666667,0.03895678700000001,0.043420889,0.04319181833333333,0.03325898333333334,0.034521659999999996,0.030676522,0.03826140166666667,0.041849215333333335,0.032168055,0.046413970000000006,0.03202818633333333,0.047041597000000004,0.019125290666666666,0.046576565333333333,0.040669626,0.039735911666666665,0.019625506666666667,0.037985961666666665
1,0.030527512333333336,0.0,0.03141000666666667,0.025957498,0.03421088666666667,0.027316305666666665,0.03302486433333333,0.03415569466666667,0.028600154333333332,0.019923862,0.026524074666666668,0.024599715,0.020026330333333335,0.024441871999999996,0.031730338000000004,0.025006850666666667,0.030917975666666667,0.030064063333333335,0.03251760466666667,0.028826346,0.03647458333333333,0.03913473199999999,0.043571644666666666,0.034771867666666664,0.030597914666666667,0.037364348,0.03358594,0.03559375733333334,0.03642849666666667,0.028520761,0.03324874233333333,0.027990718666666668,0.038327976666666666,0.03643054666666667,0.03569290766666667,0.03304129233333333,0.03261351566666667,0.034343274666666666,0.024039725666666668,0.041298419999999995,0.03513329033333333,0.04039704,0.035953740000000005,0.029743107,0.03809263500000001,0.03862273533333334,0.037094104333333336,0.02976036166666667,0.025986194666666667,0.029344828666666663,0.024525922666666665,0.03249009133333333,0.035980816666666665,0.04009394433333333,0.035188159999999996,0.03257902866666666,0.037318748,0.03910068666666667,0.03738040499999999,0.045231612000000004,0.024039725666666668,0.030527512333333336,0.03949814433333333,0.041298419999999995,0.03513329033333333,0.035400672333333334,0.028826346,0.04039704,0.03647458333333333,0.03913473199999999,0.035953740000000005,0.0,0.036473098999999995,0.022529421333333334,0.03141000666666667,0.025957498,0.029743107,0.043571644666666666,0.038392887666666674,0.03421088666666667,0.027316305666666665,0.03302486433333333,0.034771867666666664,0.030741151333333327,0.03415569466666667,0.033704831,0.03740494333333333,0.028600154333333332,0.03809263500000001,0.030597914666666667,0.04126434933333334,0.03891422,0.019923862,0.03862273533333334,0.041257860333333334,0.037094104333333336,0.037364348,0.02976036166666667,0.025986194666666667,0.026524074666666668,0.024599715,0.029344828666666663,0.035390958666666666,0.03586924666666667,0.020026330333333335,0.03358594,0.03668826033333333,0.03559375733333334,0.024525922666666665,0.03642849666666667,0.03537227,0.024441871999999996,0.031730338000000004,0.03249009133333333,0.035980816666666665,0.025006850666666667,0.028520761,0.030917975666666667,0.03324874233333333,0.027990718666666668,0.030064063333333335,0.04009394433333333,0.03773913166666666,0.03247209833333333,0.03251760466666667,0.038327976666666666,0.03643054666666667,0.035188159999999996,0.03257902866666666,0.03569290766666667,0.03304129233333333,0.03261351566666667,0.034623228666666665,0.037318748,0.034343274666666666,0.03910068666666667,0.03738040499999999,0.045231612000000004,0.03949814433333333,0.035400672333333334,0.036473098999999995,0.022529421333333334,0.038392887666666674,0.030741151333333327,0.033704831,0.03740494333333333,0.04126434933333334,0.03891422,0.041257860333333334,0.035390958666666666,0.03586924666666667,0.03668826033333333,0.03537227,0.03773913166666666,0.03247209833333333,0.034623228666666665
2,0.011841011333333333,0.03141000666666667,0.0,0.012536144333333332,0.013044671333333334,0.014572326333333333,0.013769273333333333,0.00820751,0.01740308,0.015211103333333333,0.011293985333333334,0.019521118999999997,0.020283436666666668,0.015527693333333334,0.014951646333333336,0.011915351999999999,0.015698379333333335,0.009129184666666668,0.015575388999999999,0.027738682000000004,0.01980889066666667,0.018699580666666667,0.026700780666666667,0.01783460333333333,0.019224056,0.016104739666666666,0.014486964333333333,0.019798759666666665,0.020338902333333336,0.017361323333333335,0.024414601999999997,0.022499788000000003,0.01671722933333333,0.02161366933333333,0.022456652,0.022158720666666666,0.024515791666666665,0.010875449666666667,0.030209478,0.04153482499999999,0.04098955000000001,0.042175340000000006,0.04036385,0.04142910166666667,0.042392251666666665,0.03658936266666667,0.03960754833333334,0.03774044133333333,0.03641055433333333,0.023728335333333333,0.03186592566666667,0.04240235333333333,0.038034395000000006,0.04378433333333333,0.040698498333333326,0.03566253,0.036791743333333335,0.031472492666666664,0.03158563,0.035684760333333336,0.030209478,0.011841011333333333,0.03399244733333333,0.04153482499999999,0.04098955000000001,0.039749817,0.027738682000000004,0.042175340000000006,0.01980889066666667,0.018699580666666667,0.04036385,0.03141000666666667,0.04101916566666667,0.030879020999999996,0.0,0.012536144333333332,0.04142910166666667,0.026700780666666667,0.031810664999999995,0.013044671333333334,0.014572326333333333,0.013769273333333333,0.01783460333333333,0.028018897666666667,0.00820751,0.03527789,0.03881077333333334,0.01740308,0.042392251666666665,0.019224056,0.031897277333333335,0.04337369333333333,0.015211103333333333,0.03658936266666667,0.028480452666666666,0.03960754833333334,0.016104739666666666,0.03774044133333333,0.03641055433333333,0.011293985333333334,0.019521118999999997,0.023728335333333333,0.043818756666666674,0.022230106666666662,0.020283436666666668,0.014486964333333333,0.04137269666666666,0.019798759666666665,0.03186592566666667,0.020338902333333336,0.03802260466666666,0.015527693333333334,0.014951646333333336,0.04240235333333333,0.038034395000000006,0.011915351999999999,0.017361323333333335,0.015698379333333335,0.024414601999999997,0.022499788000000003,0.009129184666666668,0.04378433333333333,0.039805521,0.016401882666666666,0.015575388999999999,0.01671722933333333,0.02161366933333333,0.040698498333333326,0.03566253,0.022456652,0.022158720666666666,0.024515791666666665,0.038641934333333336,0.036791743333333335,0.010875449666666667,0.031472492666666664,0.03158563,0.035684760333333336,0.03399244733333333,0.039749817,0.04101916566666667,0.030879020999999996,0.031810664999999995,0.028018897666666667,0.03527789,0.03881077333333334,0.031897277333333335,0.04337369333333333,0.028480452666666666,0.043818756666666674,0.022230106666666662,0.04137269666666666,0.03802260466666666,0.039805521,0.016401882666666666,0.038641934333333336
3,0.013971243333333333,0.025957498,0.012536144333333332,3.973642999999999e-09,0.017597894000000003,0.013484448000000001,0.010229673,0.012919239333333332,0.017862844666666666,0.007385262,0.013636875,0.017652513666666664,0.015895245666666665,0.018658181,0.019367857333333335,0.012878660333333332,0.018419589333333333,0.013126480333333334,0.019680867333333334,0.029181407000000003,0.027095201,0.019682652,0.030698426666666667,0.020869912666666667,0.022892326,0.017856753,0.018265301,0.022815752,0.021176844666666663,0.01882623866666667,0.02899922,0.028321442999999998,0.019878183333333334,0.027012876666666668,0.024851915999999998,0.023541887666666664,0.030238982,0.014372573333333334,0.031110372666666667,0.046338821333333335,0.04418238233333334,0.04635071333333333,0.04435593299999999,0.04277059166666666,0.04640996533333334,0.04253072666666667,0.044560681,0.04211444500000001,0.03783531466666667,0.021420147,0.03385734533333333,0.04383654,0.04263537866666667,0.04793923133333333,0.043925193333333334,0.037114100000000004,0.04190083333333334,0.035670689666666665,0.031691107999999996,0.03816186433333333,0.031110372666666667,0.013971243333333333,0.034720465000000006,0.046338821333333335,0.04418238233333334,0.04178234933333333,0.029181407000000003,0.04635071333333333,0.027095201,0.019682652,0.04435593299999999,0.025957498,0.043471909999999996,0.030253682666666667,0.012536144333333332,3.973642999999999e-09,0.04277059166666666,0.030698426666666667,0.03690704333333333,0.017597894000000003,0.013484448000000001,0.010229673,0.020869912666666667,0.02833959066666667,0.012919239333333332,0.040676569999999995,0.041493945,0.017862844666666666,0.04640996533333334,0.022892326,0.032456631666666666,0.04689177666666667,0.007385262,0.04253072666666667,0.031316862666666674,0.044560681,0.017856753,0.04211444500000001,0.03783531466666667,0.013636875,0.017652513666666664,0.021420147,0.045158121333333336,0.025975897333333334,0.015895245666666665,0.018265301,0.045150754333333334,0.022815752,0.03385734533333333,0.021176844666666663,0.039209231,0.018658181,0.019367857333333335,0.04383654,0.04263537866666667,0.012878660333333332,0.01882623866666667,0.018419589333333333,0.02899922,0.028321442999999998,0.013126480333333334,0.04793923133333333,0.039894610000000004,0.018586274,0.019680867333333334,0.019878183333333334,0.027012876666666668,0.043925193333333334,0.037114100000000004,0.024851915999999998,0.023541887666666664,0.030238982,0.03877355266666667,0.04190083333333334,0.014372573333333334,0.035670689666666665,0.031691107999999996,0.03816186433333333,0.034720465000000006,0.04178234933333333,0.043471909999999996,0.030253682666666667,0.03690704333333333,0.02833959066666667,0.040676569999999995,0.041493945,0.032456631666666666,0.04689177666666667,0.031316862666666674,0.045158121333333336,0.025975897333333334,0.045150754333333334,0.039209231,0.039894610000000004,0.018586274,0.03877355266666667
4,0.010746852666666666,0.03421088666666667,0.013044671333333334,0.017597894000000003,0.0,0.016240632666666668,0.015871723333333334,0.010309179666666666,0.009440996,0.019487013333333334,0.014432132666666668,0.023713612333333335,0.017074620666666665,0.01179472,0.006838639533333333,0.015411809666666667,0.013323865333333332,0.010944221333333334,0.007218295333333334,0.022976492,0.014511078333333335,0.025153335000000002,0.02485907966666667,0.017104681333333333,0.013485421666666667,0.019224709333333333,0.016638706333333333,0.018244230666666663,0.026141142666666665,0.021396639,0.025182755666666664,0.023440500333333336,0.017440635,0.021251056666666667,0.021340326333333333,0.022262251666666667,0.024523955666666666,0.011695593666666667,0.02973832433333333,0.035592649999999997,0.03489079466666667,0.03527278,0.03411662866666667,0.03809262533333334,0.036305368666666664,0.03277214933333333,0.034296439,0.033747885666666665,0.036068864000000006,0.018946848333333332,0.028466824999999998,0.04003519666666667,0.032586036,0.03687196533333334,0.034380115,0.031301359,0.030770158666666665,0.024413320999999998,0.027484951333333334,0.028547204,0.02973832433333333,0.010746852666666666,0.028584186,0.035592649999999997,0.03489079466666667,0.033545280000000004,0.022976492,0.03527278,0.014511078333333335,0.025153335000000002,0.03411662866666667,0.03421088666666667,0.032997805,0.029087041666666664,0.013044671333333334,0.017597894000000003,0.03809262533333334,0.02485907966666667,0.02382614166666667,0.0,0.016240632666666668,0.015871723333333334,0.017104681333333333,0.022840587333333332,0.010309179666666666,0.029076053333333334,0.031484660000000005,0.009440996,0.036305368666666664,0.013485421666666667,0.02281364,0.038059827,0.019487013333333334,0.03277214933333333,0.023364400666666667,0.034296439,0.019224709333333333,0.033747885666666665,0.036068864000000006,0.014432132666666668,0.023713612333333335,0.018946848333333332,0.03848886,0.013717158666666666,0.017074620666666665,0.016638706333333333,0.036546713,0.018244230666666663,0.028466824999999998,0.026141142666666665,0.031575081666666664,0.01179472,0.006838639533333333,0.04003519666666667,0.032586036,0.015411809666666667,0.021396639,0.013323865333333332,0.025182755666666664,0.023440500333333336,0.010944221333333334,0.03687196533333334,0.02985230333333333,0.014842389000000001,0.007218295333333334,0.017440635,0.021251056666666667,0.034380115,0.031301359,0.021340326333333333,0.022262251666666667,0.024523955666666666,0.029243419666666666,0.030770158666666665,0.011695593666666667,0.024413320999999998,0.027484951333333334,0.028547204,0.028584186,0.033545280000000004,0.032997805,0.029087041666666664,0.02382614166666667,0.022840587333333332,0.029076053333333334,0.031484660000000005,0.02281364,0.038059827,0.023364400666666667,0.03848886,0.013717158666666666,0.036546713,0.031575081666666664,0.02985230333333333,0.014842389000000001,0.029243419666666666
5,0.013001128333333332,0.027316305666666665,0.014572326333333333,0.013484448000000001,0.016240632666666668,1.9868214999999996e-09,0.011056957666666667,0.012345985666666667,0.012796320333333333,0.011917130000000001,0.007069347333333333,0.010809801,0.013172386,0.017191958333333333,0.019945103000000002,0.011749187999999999,0.019188265,0.014389973666666667,0.020479961,0.020832318333333336,0.029019989333333333,0.016104229333333334,0.026701245666666665,0.018083117333333336,0.020507224333333334,0.015336197666666666,0.012498704333333333,0.015541327,0.014943369333333335,0.013783125,0.018692452000000002,0.026443540666666664,0.014397539666666665,0.020850662666666665,0.018846905,0.017475308666666668,0.022802838,0.020312243666666667,0.03726889666666667,0.04599080666666667,0.04375713666666667,0.04722715,0.04748285333333334,0.04279556,0.048401251000000006,0.03884768666666667,0.048831415333333336,0.043187607999999995,0.03914371133333334,0.019061112666666664,0.036054531333333334,0.043642183333333334,0.043671582,0.04829599666666667,0.045617141666666666,0.03966957000000001,0.043735131,0.035238842000000006,0.03700702466666667,0.040178151999999995,0.03726889666666667,0.013001128333333332,0.039566439999999994,0.04599080666666667,0.04375713666666667,0.04494241666666667,0.020832318333333336,0.04722715,0.029019989333333333,0.016104229333333334,0.04748285333333334,0.027316305666666665,0.047586140000000006,0.03738880666666667,0.014572326333333333,0.013484448000000001,0.04279556,0.026701245666666665,0.035596142000000004,0.016240632666666668,1.9868214999999996e-09,0.011056957666666667,0.018083117333333336,0.032353974333333334,0.012345985666666667,0.04453345733333333,0.04349925666666666,0.012796320333333333,0.048401251000000006,0.020507224333333334,0.035425374999999995,0.050712465000000005,0.011917130000000001,0.03884768666666667,0.028112696333333333,0.048831415333333336,0.015336197666666666,0.043187607999999995,0.03914371133333334,0.007069347333333333,0.010809801,0.019061112666666664,0.05105717166666667,0.02630768766666667,0.013172386,0.012498704333333333,0.04850286000000001,0.015541327,0.036054531333333334,0.014943369333333335,0.04160706333333333,0.017191958333333333,0.019945103000000002,0.043642183333333334,0.043671582,0.011749187999999999,0.013783125,0.019188265,0.018692452000000002,0.026443540666666664,0.014389973666666667,0.04829599666666667,0.03995928966666666,0.019465796333333334,0.020479961,0.014397539666666665,0.020850662666666665,0.045617141666666666,0.03966957000000001,0.018846905,0.017475308666666668,0.022802838,0.043170807666666665,0.043735131,0.020312243666666667,0.035238842000000006,0.03700702466666667,0.040178151999999995,0.039566439999999994,0.04494241666666667,0.047586140000000006,0.03738880666666667,0.035596142000000004,0.032353974333333334,0.04453345733333333,0.04349925666666666,0.035425374999999995,0.050712465000000005,0.028112696333333333,0.05105717166666667,0.02630768766666667,0.04850286000000001,0.04160706333333333,0.03995928966666666,0.019465796333333334,0.043170807666666665
6,0.010500673333333332,0.03302486433333333,0.013769273333333333,0.010229673,0.015871723333333334,0.011056957666666667,3.973642999999999e-09,0.011801504999999999,0.016665423,0.011488632333333334,0.011993797666666667,0.016638114333333332,0.016572586666666667,0.016307212666666668,0.017944592333333335,0.011291502,0.02037124233333333,0.012206446999999999,0.01901533,0.02868608033333333,0.030439366666666665,0.011028379,0.028029342666666665,0.017278592,0.023902984333333332,0.011988477,0.015081788666666667,0.018575068666666663,0.013634803,0.017070851666666668,0.025021928000000002,0.029473861,0.014876240333333334,0.024221869333333333,0.022420849333333333,0.021058555333333333,0.027190063333333337,0.013467395333333333,0.03889138833333334,0.05083447333333333,0.04972750666666667,0.051629763333333335,0.05097922,0.048075874666666664,0.052518079,0.045902785,0.049753483333333334,0.04906483266666666,0.043885471,0.02203016666666667,0.04178750333333334,0.04959320666666667,0.04900871466666667,0.053209316666666666,0.049632941,0.04452689333333334,0.048435008333333335,0.03865525,0.03884121966666667,0.04170934666666667,0.03889138833333334,0.010500673333333332,0.04202493633333334,0.05083447333333333,0.04972750666666667,0.04893010666666667,0.02868608033333333,0.051629763333333335,0.030439366666666665,0.011028379,0.05097922,0.03302486433333333,0.05033820866666667,0.03946375766666666,0.013769273333333333,0.010229673,0.048075874666666664,0.028029342666666665,0.040694064,0.015871723333333334,0.011056957666666667,3.973642999999999e-09,0.017278592,0.03633394,0.011801504999999999,0.04780031666666667,0.047696419999999996,0.016665423,0.052518079,0.023902984333333332,0.0370243,0.052939775333333335,0.011488632333333334,0.045902785,0.03302051566666667,0.049753483333333334,0.011988477,0.04906483266666666,0.043885471,0.011993797666666667,0.016638114333333332,0.02203016666666667,0.053224648,0.026669470333333334,0.016572586666666667,0.015081788666666667,0.052632944333333334,0.018575068666666663,0.04178750333333334,0.013634803,0.045631106666666664,0.016307212666666668,0.017944592333333335,0.04959320666666667,0.04900871466666667,0.011291502,0.017070851666666668,0.02037124233333333,0.025021928000000002,0.029473861,0.012206446999999999,0.053209316666666666,0.04443269000000001,0.018515616666666665,0.01901533,0.014876240333333334,0.024221869333333333,0.049632941,0.04452689333333334,0.022420849333333333,0.021058555333333333,0.027190063333333337,0.04523820333333333,0.048435008333333335,0.013467395333333333,0.03865525,0.03884121966666667,0.04170934666666667,0.04202493633333334,0.04893010666666667,0.05033820866666667,0.03946375766666666,0.040694064,0.03633394,0.04780031666666667,0.047696419999999996,0.0370243,0.052939775333333335,0.03302051566666667,0.053224648,0.026669470333333334,0.052632944333333334,0.045631106666666664,0.04443269000000001,0.018515616666666665,0.04523820333333333
7,0.010546638666666667,0.03415569466666667,0.00820751,0.012919239333333332,0.010309179666666666,0.012345985666666667,0.011801504999999999,0.0,0.014847131666666668,0.01630571266666667,0.009059703499999999,0.017262608,0.017968165666666664,0.016528984333333333,0.014316000666666665,0.009644556,0.014088761666666668,0.009181853333333333,0.013914873000000001,0.026746793666666664,0.01894629,0.017679655666666665,0.025092921666666667,0.013857130333333334,0.018275672333333333,0.013290429333333334,0.011081999666666667,0.017662282666666664,0.019200917333333335,0.020199926666666666,0.02446546366666667,0.025953347999999998,0.014488699333333334,0.020566175333333332,0.019711492333333337,0.020649681333333333,0.023739595999999998,0.012047966333333333,0.03426294133333333,0.04275066166666666,0.042200877666666664,0.04330302666666667,0.042446879,0.043728308,0.04459032533333333,0.03803816333333333,0.04222837833333334,0.04008054366666666,0.03893213266666666,0.021352821333333334,0.03405700733333334,0.04495018533333333,0.039597494000000004,0.04555206133333333,0.042636539999999994,0.037524140000000004,0.03829659233333334,0.03246509833333334,0.03221746066666667,0.033753295333333336,0.03426294133333333,0.010546638666666667,0.03376524,0.04275066166666666,0.042200877666666664,0.04109716333333333,0.026746793666666664,0.04330302666666667,0.01894629,0.017679655666666665,0.042446879,0.03415569466666667,0.04260243566666667,0.03415180666666666,0.00820751,0.012919239333333332,0.043728308,0.025092921666666667,0.031225892,0.010309179666666666,0.012345985666666667,0.011801504999999999,0.013857130333333334,0.028586220000000002,0.0,0.03707849466666667,0.039742850999999996,0.014847131666666668,0.04459032533333333,0.018275672333333333,0.031568729000000004,0.04678870133333333,0.01630571266666667,0.03803816333333333,0.026395754333333337,0.04222837833333334,0.013290429333333334,0.04008054366666666,0.03893213266666666,0.009059703499999999,0.017262608,0.021352821333333334,0.04681935,0.020418983666666665,0.017968165666666664,0.011081999666666667,0.043853123333333334,0.017662282666666664,0.03405700733333334,0.019200917333333335,0.03917700666666666,0.016528984333333333,0.014316000666666665,0.04495018533333333,0.039597494000000004,0.009644556,0.020199926666666666,0.014088761666666668,0.02446546366666667,0.025953347999999998,0.009181853333333333,0.04555206133333333,0.039281238,0.018405894,0.013914873000000001,0.014488699333333334,0.020566175333333332,0.042636539999999994,0.037524140000000004,0.019711492333333337,0.020649681333333333,0.023739595999999998,0.03973915666666666,0.03829659233333334,0.012047966333333333,0.03246509833333334,0.03221746066666667,0.033753295333333336,0.03376524,0.04109716333333333,0.04260243566666667,0.03415180666666666,0.031225892,0.028586220000000002,0.03707849466666667,0.039742850999999996,0.031568729000000004,0.04678870133333333,0.026395754333333337,0.04681935,0.020418983666666665,0.043853123333333334,0.03917700666666666,0.039281238,0.018405894,0.03973915666666666
8,0.012438426333333334,0.028600154333333332,0.01740308,0.017862844666666666,0.009440996,0.012796320333333333,0.016665423,0.014847131666666668,0.0,0.017569945333333333,0.014005313333333332,0.020385229666666664,0.012097237666666668,0.010019084000000001,0.009808232333333333,0.013964645333333333,0.015900075333333333,0.012894555,0.010458777333333332,0.018925138333333334,0.020466067333333334,0.024161925333333334,0.025908468666666667,0.018866322666666664,0.012984496333333335,0.020018321,0.01703804133333333,0.014059283333333334,0.023264360666666668,0.019552914333333334,0.022230700666666665,0.020716349000000002,0.01563356533333333,0.021191242999999995,0.019717894,0.018411682333333335,0.021871056333333336,0.017306711666666662,0.028984843333333333,0.03559949133333333,0.032972342,0.035373171333333335,0.03409400533333333,0.03409697766666667,0.036493289666666665,0.03182322966666666,0.03548299466666667,0.033261791666666665,0.031957885,0.015635411,0.02669140333333334,0.03573982666666667,0.032493768000000006,0.03606718,0.032883995,0.030268377000000003,0.03165262,0.024428239999999997,0.028419251333333333,0.030923754,0.028984843333333333,0.012438426333333334,0.028568221999999997,0.03559949133333333,0.032972342,0.032323163333333335,0.018925138333333334,0.035373171333333335,0.020466067333333334,0.024161925333333334,0.03409400533333333,0.028600154333333332,0.03178138666666667,0.028720241666666667,0.01740308,0.017862844666666666,0.03409697766666667,0.025908468666666667,0.024054255333333333,0.009440996,0.012796320333333333,0.016665423,0.018866322666666664,0.021282096666666663,0.014847131666666668,0.030812685333333333,0.029627035,0.0,0.036493289666666665,0.012984496333333335,0.02261675,0.037939433333333335,0.017569945333333333,0.03182322966666666,0.022748057333333335,0.03548299466666667,0.020018321,0.033261791666666665,0.031957885,0.014005313333333332,0.020385229666666664,0.015635411,0.03788235266666666,0.014315738333333333,0.012097237666666668,0.01703804133333333,0.03674140666666667,0.014059283333333334,0.02669140333333334,0.023264360666666668,0.02898466966666667,0.010019084000000001,0.009808232333333333,0.03573982666666667,0.032493768000000006,0.013964645333333333,0.019552914333333334,0.015900075333333333,0.022230700666666665,0.020716349000000002,0.012894555,0.03606718,0.026636791,0.012577798000000001,0.010458777333333332,0.01563356533333333,0.021191242999999995,0.032883995,0.030268377000000003,0.019717894,0.018411682333333335,0.021871056333333336,0.027768901999999998,0.03165262,0.017306711666666662,0.024428239999999997,0.028419251333333333,0.030923754,0.028568221999999997,0.032323163333333335,0.03178138666666667,0.028720241666666667,0.024054255333333333,0.021282096666666663,0.030812685333333333,0.029627035,0.02261675,0.037939433333333335,0.022748057333333335,0.03788235266666666,0.014315738333333333,0.03674140666666667,0.02898466966666667,0.026636791,0.012577798000000001,0.027768901999999998
9,0.013577745,0.019923862,0.015211103333333333,0.007385262,0.019487013333333334,0.011917130000000001,0.011488632333333334,0.01630571266666667,0.017569945333333333,0.0,0.012623816666666666,0.014110569333333333,0.013389650999999999,0.01655583966666667,0.01970573033333333,0.012543493333333332,0.018764489333333335,0.014755380333333333,0.01980892033333333,0.026056385,0.02879297133333333,0.019926311666666665,0.030747558999999997,0.021328715666666668,0.023414114666666666,0.01857491566666667,0.019051452333333333,0.022062552000000003,0.019403356333333337,0.016525841,0.026396072333333336,0.026567072,0.02063996,0.026654134666666666,0.024341216,0.02247174,0.028034804333333333,0.017632089,0.031119591333333328,0.046745781,0.043214003,0.046523536666666664,0.044593918,0.04113948533333334,0.04655374333333332,0.041991653,0.045340810999999995,0.04083204333333333,0.035940990666666665,0.02092678933333333,0.03195498733333333,0.042274385,0.04312908633333334,0.047994411333333334,0.043794824999999996,0.037316998,0.04306516333333333,0.03602941866666667,0.033217219666666666,0.040552882,0.031119591333333328,0.013577745,0.03807477966666666,0.046745781,0.043214003,0.042345442000000004,0.026056385,0.046523536666666664,0.02879297133333333,0.019926311666666665,0.044593918,0.019923862,0.04433928166666667,0.029627857666666667,0.015211103333333333,0.007385262,0.04113948533333334,0.030747558999999997,0.03761298266666667,0.019487013333333334,0.011917130000000001,0.011488632333333334,0.021328715666666668,0.029646217666666665,0.01630571266666667,0.04113960333333333,0.041942932333333335,0.017569945333333333,0.04655374333333332,0.023414114666666666,0.03471580666666666,0.046950231333333335,0.0,0.041991653,0.03257258933333333,0.045340810999999995,0.01857491566666667,0.04083204333333333,0.035940990666666665,0.012623816666666666,0.014110569333333333,0.02092678933333333,0.045755580000000004,0.027161961999999998,0.013389650999999999,0.019051452333333333,0.04581799833333333,0.022062552000000003,0.03195498733333333,0.019403356333333337,0.039750492333333325,0.01655583966666667,0.01970573033333333,0.042274385,0.04312908633333334,0.012543493333333332,0.016525841,0.018764489333333335,0.026396072333333336,0.026567072,0.014755380333333333,0.047994411333333334,0.03952690166666666,0.020662395,0.01980892033333333,0.02063996,0.026654134666666666,0.043794824999999996,0.037316998,0.024341216,0.02247174,0.028034804333333333,0.039042055000000006,0.04306516333333333,0.017632089,0.03602941866666667,0.033217219666666666,0.040552882,0.03807477966666666,0.042345442000000004,0.04433928166666667,0.029627857666666667,0.03761298266666667,0.029646217666666665,0.04113960333333333,0.041942932333333335,0.03471580666666666,0.046950231333333335,0.03257258933333333,0.045755580000000004,0.027161961999999998,0.04581799833333333,0.039750492333333325,0.03952690166666666,0.020662395,0.039042055000000006
10,0.011616494333333335,0.026524074666666668,0.011293985333333334,0.013636875,0.014432132666666668,0.007069347333333333,0.011993797666666667,0.009059703499999999,0.014005313333333332,0.012623816666666666,3.973642999999999e-09,0.014748652666666667,0.015975324666666665,0.015374080333333333,0.018573437333333335,0.008833533499999999,0.017406064333333335,0.013541368666666666,0.019230334,0.02155381033333333,0.023399051,0.016508527666666665,0.025220696333333334,0.014161251000000001,0.01743287,0.013298976666666667,0.013036620333333334,0.01655257766666667,0.015941348,0.015271409333333335,0.019380641,0.024580758333333334,0.015910749,0.021642941333333332,0.01785415,0.015555413333333334,0.021558431333333333,0.016485269666666667,0.03255505133333333,0.042972871333333336,0.041052448,0.043815484999999994,0.044053840999999996,0.04067808,0.04558875166666666,0.03570795833333333,0.044244756,0.039953606666666676,0.03556599566666666,0.019098681333333332,0.033177646,0.04178470666666667,0.039897426,0.04577803466666666,0.04289574633333334,0.036480760666666674,0.041096432999999995,0.032614174,0.034500713333333335,0.036417358999999996,0.03255505133333333,0.011616494333333335,0.035729323333333333,0.042972871333333336,0.041052448,0.042277074,0.02155381033333333,0.043815484999999994,0.023399051,0.016508527666666665,0.044053840999999996,0.026524074666666668,0.045051225333333327,0.03279199533333334,0.011293985333333334,0.013636875,0.04067808,0.025220696333333334,0.033133423333333335,0.014432132666666668,0.007069347333333333,0.011993797666666667,0.014161251000000001,0.030260238333333335,0.009059703499999999,0.040010088333333325,0.041099250000000004,0.014005313333333332,0.04558875166666666,0.01743287,0.034414352999999995,0.048155369999999996,0.012623816666666666,0.03570795833333333,0.02847566,0.044244756,0.013298976666666667,0.039953606666666676,0.03556599566666666,3.973642999999999e-09,0.014748652666666667,0.019098681333333332,0.04814899666666667,0.026104980666666666,0.015975324666666665,0.013036620333333334,0.04528670133333333,0.01655257766666667,0.033177646,0.015941348,0.039701693333333336,0.015374080333333333,0.018573437333333335,0.04178470666666667,0.039897426,0.008833533499999999,0.015271409333333335,0.017406064333333335,0.019380641,0.024580758333333334,0.013541368666666666,0.04577803466666666,0.04036012666666667,0.01971210266666667,0.019230334,0.015910749,0.021642941333333332,0.04289574633333334,0.036480760666666674,0.01785415,0.015555413333333334,0.021558431333333333,0.042111454666666666,0.041096432999999995,0.016485269666666667,0.032614174,0.034500713333333335,0.036417358999999996,0.035729323333333333,0.042277074,0.045051225333333327,0.03279199533333334,0.033133423333333335,0.030260238333333335,0.040010088333333325,0.041099250000000004,0.034414352999999995,0.048155369999999996,0.02847566,0.04814899666666667,0.026104980666666666,0.04528670133333333,0.039701693333333336,0.04036012666666667,0.01971210266666667,0.042111454666666666
11,0.018682396333333334,0.024599715,0.019521118999999997,0.017652513666666664,0.023713612333333335,0.010809801,0.016638114333333332,0.017262608,0.020385229666666664,0.014110569333333333,0.014748652666666667,1.9868214999999996e-09,0.017576114333333333,0.02273644,0.025365819666666668,0.015763916333333333,0.023205310333333333,0.020083894333333335,0.024817740999999997,0.023664039333333334,0.03418037333333333,0.018039822666666667,0.028631478333333335,0.020426718333333333,0.026769184999999997,0.021569639666666664,0.012641159666666667,0.018701654666666668,0.016644458,0.017718249666666668,0.01958928133333333,0.029892389999999998,0.017372308000000003,0.019138056,0.019809062666666665,0.022886639333333333,0.021161735333333334,0.027420641333333332,0.041195472,0.04846478466666667,0.04558127333333333,0.050013772666666664,0.050481462000000005,0.04281406,0.050718541333333325,0.041844363333333336,0.051898392,0.044419493333333344,0.040955040666666664,0.020293349333333332,0.038829638666666666,0.044336643333333335,0.04710153133333333,0.05089424333333333,0.04724435800000001,0.041756821000000006,0.04793907,0.04040210166666667,0.038639165999999996,0.04393528666666667,0.041195472,0.018682396333333334,0.04367659333333333,0.04846478466666667,0.04558127333333333,0.047570836666666665,0.023664039333333334,0.050013772666666664,0.03418037333333333,0.018039822666666667,0.050481462000000005,0.024599715,0.05075981833333333,0.04065815933333334,0.019521118999999997,0.017652513666666664,0.04281406,0.028631478333333335,0.04024530233333333,0.023713612333333335,0.010809801,0.016638114333333332,0.020426718333333333,0.03644065,0.017262608,0.04746379333333333,0.047250565333333334,0.020385229666666664,0.050718541333333325,0.026769184999999997,0.04087076766666667,0.052491329999999996,0.014110569333333333,0.041844363333333336,0.03323497233333334,0.051898392,0.021569639666666664,0.044419493333333344,0.040955040666666664,0.014748652666666667,1.9868214999999996e-09,0.020293349333333332,0.0520631,0.031839931333333335,0.017576114333333333,0.012641159666666667,0.05003726866666667,0.018701654666666668,0.038829638666666666,0.016644458,0.04543156,0.02273644,0.025365819666666668,0.044336643333333335,0.04710153133333333,0.015763916333333333,0.017718249666666668,0.023205310333333333,0.01958928133333333,0.029892389999999998,0.020083894333333335,0.05089424333333333,0.043400470000000003,0.026975532333333333,0.024817740999999997,0.017372308000000003,0.019138056,0.04724435800000001,0.041756821000000006,0.019809062666666665,0.022886639333333333,0.021161735333333334,0.04591079133333333,0.04793907,0.027420641333333332,0.04040210166666667,0.038639165999999996,0.04393528666666667,0.04367659333333333,0.047570836666666665,0.05075981833333333,0.04065815933333334,0.04024530233333333,0.03644065,0.04746379333333333,0.047250565333333334,0.04087076766666667,0.052491329999999996,0.03323497233333334,0.0520631,0.031839931333333335,0.05003726866666667,0.04543156,0.043400470000000003,0.026975532333333333,0.04591079133333333
