,omer_02.jpg,tal_05.jpg,omer_07.jpg,tal_06.jpg,omer_06.jpg,omer_08.jpg,tal_01.jpg,omer_03.jpg,tal_07.jpg,tal_03.jpg,omer_04.jpg,omer_10.jpg,tal_09.jpg,tal_02.jpg,tal_08.jpg,omer_09.jpg,tal_10.jpg,omer_05.jpg,tal_04.jpg,matt_04.jpg,dom_10.jpg,dom_05.jpg,matt_08.jpg,dom_04.jpg,matt_02.jpg,matt_07.jpg,matt_06.jpg,matt_05.jpg,dom_07.jpg,dom_03.jpg,matt_03.jpg,matt_01.jpg,dom_06.jpg,matt_10.jpg,dom_01.jpg,dom_09.jpg,matt_09.jpg,dom_02.jpg,tess_03.jpg,taz_06.jpg,taz_04.jpg,taz_03.jpg,tess_01.jpg,tess_07.jpg,tess_05.jpg,taz_05.jpg,tess_02.jpg,tess_09.jpg,tess_06.jpg,taz_07.jpg,taz_02.jpg,tess_04.jpg,taz_09.jpg,tess_08.jpg,taz_08.jpg,taz_01.jpg,tess_10.jpg,taz_10.jpg,marina_07.jpg,tamar_04.jpg,tess_03.jpg.1,omer_02.jpg.1,marina_04.jpg,taz_06.jpg.1,taz_04.jpg.1,marina_01.jpg,matt_04.jpg.1,taz_03.jpg.1,dom_10.jpg.1,dom_05.jpg.1,tess_01.jpg.1,tal_05.jpg.1,marina_06.jpg,tamar_09.jpg,omer_07.jpg.1,tal_06.jpg.1,tess_07.jpg.1,matt_08.jpg.1,marina_08.jpg,omer_06.jpg.1,omer_08.jpg.1,tal_01.jpg.1,dom_04.jpg.1,tamar_10.jpg,omer_03.jpg.1,tamar_02.jpg,tamar_05.jpg,tal_07.jpg.1,tess_05.jpg.1,matt_02.jpg.1,tamar_07.jpg,tamar_03.jpg,tal_03.jpg.1,taz_05.jpg.1,marina_09.jpg,tess_02.jpg.1,matt_07.jpg.1,tess_09.jpg.1,tess_06.jpg.1,omer_04.jpg.1,omer_10.jpg.1,taz_07.jpg.1,tamar_01.jpg,marina_10.jpg,tal_09.jpg.1,matt_06.jpg.1,tamar_06.jpg,matt_05.jpg.1,taz_02.jpg.1,dom_07.jpg.1,marina_05.jpg,tal_02.jpg.1,tal_08.jpg.1,tess_04.jpg.1,taz_09.jpg.1,omer_09.jpg.1,dom_03.jpg.1,tal_10.jpg.1,matt_03.jpg.1,matt_01.jpg.1,omer_05.jpg.1,tess_08.jpg.1,marina_02.jpg,marina_03.jpg,tal_04.jpg.1,dom_06.jpg.1,matt_10.jpg.1,taz_08.jpg.1,taz_01.jpg.1,dom_01.jpg.1,dom_09.jpg.1,matt_09.jpg.1,tamar_08.jpg,tess_10.jpg.1,dom_02.jpg.1,taz_10.jpg.1,marina_07.jpg.1,tamar_04.jpg.1,marina_04.jpg.1,marina_01.jpg.1,marina_06.jpg.1,tamar_09.jpg.1,marina_08.jpg.1,tamar_10.jpg.1,tamar_02.jpg.1,tamar_05.jpg.1,tamar_07.jpg.1,tamar_03.jpg.1,marina_09.jpg.1,tamar_01.jpg.1,marina_10.jpg.1,tamar_06.jpg.1,marina_05.jpg.1,marina_02.jpg.1,marina_03.jpg.1,tamar_08.jpg.1
0,1.9868214999999996e-09,0.023426975333333332,0.020711807333333332,0.03517781666666666,0.006514801466666667,0.006382123666666667,0.009545089666666668,0.011626458000000001,0.003980207533333333,0.015755941333333336,0.005539401333333333,0.023738152999999998,0.014753753000000003,0.003950029533333333,0.0064380010000000005,0.01077352,0.023876464333333333,0.014652828333333335,0.010907369666666666,0.0063622694666666665,0.030204065333333332,0.0067284146666666675,0.005081351666666667,0.013824906,0.0069089672,0.011350061666666666,0.0066774768,0.0054575304666666675,0.005380606666666667,0.007271879833333333,0.006122023000000001,0.008199884666666666,0.005093787,0.006361168666666667,0.006581836800000001,0.0060586729,0.005656302,0.014311267999999999,0.014121657666666667,0.012816973666666667,0.0061510265,0.017121507666666664,0.014597531,0.009723335666666666,0.019950387999999996,0.008595651333333332,0.022060845,0.010735039,0.011444028333333333,0.011946185333333333,0.016835870333333332,0.0066563586666666666,0.020195927333333332,0.011592666333333335,0.020729293333333332,0.01727123666666667,0.027981251000000002,0.008102566,0.041840362,0.03543742466666667,0.014121657666666667,1.9868214999999996e-09,0.038101705,0.012816973666666667,0.0061510265,0.04363734133333333,0.0063622694666666665,0.017121507666666664,0.030204065333333332,0.0067284146666666675,0.014597531,0.023426975333333332,0.024293937666666664,0.013333533000000002,0.020711807333333332,0.03517781666666666,0.009723335666666666,0.005081351666666667,0.03105644,0.006514801466666667,0.006382123666666667,0.009545089666666668,0.013824906,0.03601573333333333,0.011626458000000001,0.034864527,0.025261664333333333,0.003980207533333333,0.019950387999999996,0.0069089672,0.03823860866666667,0.03633550666666666,0.015755941333333336,0.008595651333333332,0.017522579333333333,0.022060845,0.011350061666666666,0.010735039,0.011444028333333333,0.005539401333333333,0.023738152999999998,0.011946185333333333,0.03191567866666667,0.017542678333333332,0.014753753000000003,0.0066774768,0.03735399166666666,0.0054575304666666675,0.016835870333333332,0.005380606666666667,0.03497890033333333,0.003950029533333333,0.0064380010000000005,0.0066563586666666666,0.020195927333333332,0.01077352,0.007271879833333333,0.023876464333333333,0.006122023000000001,0.008199884666666666,0.014652828333333335,0.011592666333333335,0.014394410333333333,0.013105322666666667,0.010907369666666666,0.005093787,0.006361168666666667,0.020729293333333332,0.01727123666666667,0.006581836800000001,0.0060586729,0.005656302,0.03555814833333334,0.027981251000000002,0.014311267999999999,0.008102566,0.041840362,0.03543742466666667,0.038101705,0.04363734133333333,0.024293937666666664,0.013333533000000002,0.03105644,0.03601573333333333,0.034864527,0.025261664333333333,0.03823860866666667,0.03633550666666666,0.017522579333333333,0.03191567866666667,0.017542678333333332,0.03735399166666666,0.03497890033333333,0.014394410333333333,0.013105322666666667,0.03555814833333334
1,0.023426975333333332,1.9868214999999996e-09,0.020091231666666664,0.021400839,0.02504483266666667,0.030506948666666665,0.026507608000000002,0.024495506333333337,0.027952395,0.016258295666666665,0.025592359000000002,0.013577284333333333,0.015123715000000001,0.023662996000000002,0.027433363333333335,0.023545360999999997,0.017951335333333332,0.024763642,0.015048569666666668,0.02048464,0.016284988333333337,0.03301317533333333,0.02540324133333333,0.010580098666666668,0.024167104666666668,0.026708676333333334,0.029908577666666665,0.028854117999999998,0.031044698666666665,0.029653275333333336,0.030372276,0.031188813333333336,0.029987353333333334,0.03348921133333334,0.017310349,0.023339375,0.025062924666666663,0.02399235366666667,0.023745431666666664,0.018310203,0.01878715766666667,0.013401154666666667,0.017842018666666667,0.027177746999999995,0.012954056333333333,0.02574268966666667,0.013706455333333334,0.024215291000000003,0.016769125,0.022587859666666665,0.01492035,0.026637081333333333,0.017194018666666665,0.023087855666666667,0.020053211666666668,0.020585069999999997,0.023159301333333333,0.022756209000000003,0.02200741,0.01803993166666667,0.023745431666666664,0.023426975333333332,0.02121134566666667,0.018310203,0.01878715766666667,0.023054291666666667,0.02048464,0.013401154666666667,0.016284988333333337,0.03301317533333333,0.017842018666666667,1.9868214999999996e-09,0.016683648,0.01744927166666667,0.020091231666666664,0.021400839,0.027177746999999995,0.02540324133333333,0.018139231,0.02504483266666667,0.030506948666666665,0.026507608000000002,0.010580098666666668,0.020952284333333335,0.024495506333333337,0.016970000333333332,0.01609393933333333,0.027952395,0.012954056333333333,0.024167104666666668,0.02078308066666667,0.017722278666666667,0.016258295666666665,0.02574268966666667,0.024817998666666667,0.013706455333333334,0.026708676333333334,0.024215291000000003,0.016769125,0.025592359000000002,0.013577284333333333,0.022587859666666665,0.016358624,0.017286588666666665,0.015123715000000001,0.029908577666666665,0.022675257666666667,0.028854117999999998,0.01492035,0.031044698666666665,0.018127263,0.023662996000000002,0.027433363333333335,0.026637081333333333,0.017194018666666665,0.023545360999999997,0.029653275333333336,0.017951335333333332,0.030372276,0.031188813333333336,0.024763642,0.023087855666666667,0.015309041666666665,0.024555238666666666,0.015048569666666668,0.029987353333333334,0.03348921133333334,0.020053211666666668,0.020585069999999997,0.017310349,0.023339375,0.025062924666666663,0.015502192666666666,0.023159301333333333,0.02399235366666667,0.022756209000000003,0.02200741,0.01803993166666667,0.02121134566666667,0.023054291666666667,0.016683648,0.01744927166666667,0.018139231,0.020952284333333335,0.016970000333333332,0.01609393933333333,0.02078308066666667,0.017722278666666667,0.024817998666666667,0.016358624,0.017286588666666665,0.022675257666666667,0.018127263,0.015309041666666665,0.024555238666666666,0.015502192666666666
2,0.020711807333333332,0.020091231666666664,0.0,0.015717971333333334,0.014550763333333333,0.018187157333333332,0.014450478666666666,0.009885525666666667,0.01844471866666667,0.008874863666666667,0.015086052800000001,0.014559141666666667,0.012705346,0.019250131,0.020178717333333332,0.012823879666666668,0.017895342999999998,0.009576757666666665,0.0143037,0.015085484333333333,0.020522391666666664,0.021631443333333333,0.019507259333333336,0.019711234,0.013309826333333333,0.02272549666666667,0.01890954566666667,0.018175222333333334,0.02084988966666667,0.016484401333333332,0.018816572333333333,0.019868668333333336,0.01763126246666667,0.023200512,0.014719373333333334,0.016218760999999998,0.017735833333333333,0.010727687666666668,0.018304332,0.009004908666666667,0.015017954333333333,0.012498307333333332,0.01118266,0.0184137385,0.011576716333333332,0.012219107066666669,0.01902344233333333,0.01684219446666667,0.012440818666666667,0.01898368,0.011848711999999999,0.017761776666666666,0.011621978,0.014162973333333332,0.011688355666666667,0.011733136666666666,0.011187164133333335,0.015156302666666666,0.019683394666666666,0.021244007333333332,0.018304332,0.020711807333333332,0.018184809,0.009004908666666667,0.015017954333333333,0.025444899,0.015085484333333333,0.012498307333333332,0.020522391666666664,0.021631443333333333,0.01118266,0.020091231666666664,0.009858997666666668,0.015440625000000001,0.0,0.015717971333333334,0.0184137385,0.019507259333333336,0.017194123999999998,0.014550763333333333,0.018187157333333332,0.014450478666666666,0.019711234,0.01792517113333333,0.009885525666666667,0.020801933666666664,0.010342729133333334,0.01844471866666667,0.011576716333333332,0.013309826333333333,0.018856096333333336,0.018303168,0.008874863666666667,0.012219107066666669,0.015836795333333334,0.01902344233333333,0.02272549666666667,0.01684219446666667,0.012440818666666667,0.015086052800000001,0.014559141666666667,0.01898368,0.014852096666666667,0.017847677333333332,0.012705346,0.01890954566666667,0.016342793,0.018175222333333334,0.011848711999999999,0.02084988966666667,0.017716333999999997,0.019250131,0.020178717333333332,0.017761776666666666,0.011621978,0.012823879666666668,0.016484401333333332,0.017895342999999998,0.018816572333333333,0.019868668333333336,0.009576757666666665,0.014162973333333332,0.009154902,0.010041932333333333,0.0143037,0.01763126246666667,0.023200512,0.011688355666666667,0.011733136666666666,0.014719373333333334,0.016218760999999998,0.017735833333333333,0.01986564,0.011187164133333335,0.010727687666666668,0.015156302666666666,0.019683394666666666,0.021244007333333332,0.018184809,0.025444899,0.009858997666666668,0.015440625000000001,0.017194123999999998,0.01792517113333333,0.020801933666666664,0.010342729133333334,0.018856096333333336,0.018303168,0.015836795333333334,0.014852096666666667,0.017847677333333332,0.016342793,0.017716333999999997,0.009154902,0.010041932333333333,0.01986564
3,0.03517781666666666,0.021400839,0.015717971333333334,0.0,0.029264565333333332,0.036653964,0.028038646999999996,0.023335663333333333,0.03532382,0.018006501666666667,0.03386763733333333,0.02339341633333333,0.02410533,0.03358649666666667,0.032974081,0.027260339333333335,0.017061023,0.022362428666666666,0.022230202,0.029284344666666667,0.01681910533333333,0.040092386666666674,0.03641942333333333,0.025380484,0.030073519,0.036301514333333326,0.036144644,0.03492185333333333,0.03937563333333333,0.034375315000000004,0.03699035066666667,0.035758677333333336,0.03627699533333333,0.04052703666666666,0.026253402333333332,0.03135346566666666,0.033939636,0.020944517666666666,0.025066691666666665,0.01861634066666667,0.029219645333333332,0.017276918666666665,0.019994276666666665,0.03220132,0.013900430999999998,0.029033792333333332,0.019959875,0.028047744666666662,0.022882564333333334,0.026394061000000003,0.01741480833333333,0.03601649,0.016452974,0.027021367999999997,0.017308823333333334,0.017511433333333333,0.005852945666666666,0.028527345333333336,0.007600222333333334,0.014371576,0.025066691666666665,0.03517781666666666,0.006120399666666667,0.01861634066666667,0.029219645333333332,0.013420559666666667,0.029284344666666667,0.017276918666666665,0.01681910533333333,0.040092386666666674,0.019994276666666665,0.021400839,0.014954052333333334,0.019440623,0.015717971333333334,0.0,0.03220132,0.03641942333333333,0.015467027666666666,0.029264565333333332,0.036653964,0.028038646999999996,0.025380484,0.006160797666666666,0.023335663333333333,0.013813293,0.011799262333333334,0.03532382,0.013900430999999998,0.030073519,0.008179299000000001,0.01022048,0.018006501666666667,0.029033792333333332,0.022002464666666666,0.019959875,0.036301514333333326,0.028047744666666662,0.022882564333333334,0.03386763733333333,0.02339341633333333,0.026394061000000003,0.006783129666666667,0.022509664333333335,0.02410533,0.036144644,0.006610145,0.03492185333333333,0.01741480833333333,0.03937563333333333,0.010864710666666666,0.03358649666666667,0.032974081,0.03601649,0.016452974,0.027260339333333335,0.034375315000000004,0.017061023,0.03699035066666667,0.035758677333333336,0.022362428666666666,0.027021367999999997,0.022428313999999998,0.021372769333333333,0.022230202,0.03627699533333333,0.04052703666666666,0.017308823333333334,0.017511433333333333,0.026253402333333332,0.03135346566666666,0.033939636,0.012003821,0.005852945666666666,0.020944517666666666,0.028527345333333336,0.007600222333333334,0.014371576,0.006120399666666667,0.013420559666666667,0.014954052333333334,0.019440623,0.015467027666666666,0.006160797666666666,0.013813293,0.011799262333333334,0.008179299000000001,0.01022048,0.022002464666666666,0.006783129666666667,0.022509664333333335,0.006610145,0.010864710666666666,0.022428313999999998,0.021372769333333333,0.012003821
4,0.006514801466666667,0.02504483266666667,0.014550763333333333,0.029264565333333332,1.9868214999999996e-09,0.005517749,0.006730167,0.009369482533333333,0.0046369572,0.010802113866666666,0.005518110533333333,0.025289808333333334,0.015624310666666667,0.0060660183333333334,0.0038319269999999997,0.008683641666666667,0.020701327,0.012847054,0.008994265333333333,0.009494388333333333,0.027162094999999997,0.007680139933333333,0.008270518333333332,0.017536983666666665,0.006357461166666667,0.015062077666666668,0.0057805417999999996,0.00659767,0.007369595666666668,0.006750462333333334,0.006556236666666667,0.009031514333333332,0.0050512572333333335,0.006652124666666666,0.009778825666666666,0.009871491,0.008069434,0.012789176000000001,0.008828328,0.008946977,0.006463462,0.013649735666666666,0.011533540666666666,0.0065865278,0.015602652666666668,0.005450165333333334,0.021068819333333332,0.006124510333333333,0.009563909,0.008250012,0.013403427666666667,0.007693815333333334,0.015289008666666666,0.007722653866666666,0.015455079000000002,0.011096388333333334,0.022229548,0.005450262666666666,0.03630311666666667,0.031626478,0.008828328,0.006514801466666667,0.033110199,0.008946977,0.006463462,0.04035529833333333,0.009494388333333333,0.013649735666666666,0.027162094999999997,0.007680139933333333,0.011533540666666666,0.02504483266666667,0.022461804,0.009315101333333334,0.014550763333333333,0.029264565333333332,0.0065865278,0.008270518333333332,0.028405543333333335,1.9868214999999996e-09,0.005517749,0.006730167,0.017536983666666665,0.030965746666666672,0.009369482533333333,0.032461708,0.022128617666666666,0.0046369572,0.015602652666666668,0.006357461166666667,0.03343236033333333,0.032477658666666666,0.010802113866666666,0.005450165333333334,0.015787053,0.021068819333333332,0.015062077666666668,0.006124510333333333,0.009563909,0.005518110533333333,0.025289808333333334,0.008250012,0.027756984999999998,0.018835560333333334,0.015624310666666667,0.0057805417999999996,0.03176308833333333,0.00659767,0.013403427666666667,0.007369595666666668,0.031314832,0.0060660183333333334,0.0038319269999999997,0.007693815333333334,0.015289008666666666,0.008683641666666667,0.006750462333333334,0.020701327,0.006556236666666667,0.009031514333333332,0.012847054,0.007722653866666666,0.014460087,0.008417825,0.008994265333333333,0.0050512572333333335,0.006652124666666666,0.015455079000000002,0.011096388333333334,0.009778825666666666,0.009871491,0.008069434,0.032766201333333335,0.022229548,0.012789176000000001,0.005450262666666666,0.03630311666666667,0.031626478,0.033110199,0.04035529833333333,0.022461804,0.009315101333333334,0.028405543333333335,0.030965746666666672,0.032461708,0.022128617666666666,0.03343236033333333,0.032477658666666666,0.015787053,0.027756984999999998,0.018835560333333334,0.03176308833333333,0.031314832,0.014460087,0.008417825,0.032766201333333335
5,0.006382123666666667,0.030506948666666665,0.018187157333333332,0.036653964,0.005517749,0.0,0.0051218808333333326,0.0077742198,0.0037231207,0.015685469,0.0032878716666666667,0.02566733566666667,0.015828202333333333,0.007147987666666667,0.006513764433333334,0.0083198468,0.02522766,0.012118220333333334,0.016449592333333332,0.0104749042,0.035417656,0.002913693566666667,0.004691644666666666,0.020917870666666668,0.005241904766666666,0.009120770133333334,0.003381602,0.004521000333333333,0.0027029037333333333,0.0020718852333333334,0.003249263666666667,0.0041161478333333335,0.0021715481999999998,0.004085058,0.013072852666666667,0.010266637866666668,0.007120376666666667,0.012825745,0.013851282666666666,0.013212557666666668,0.008688128,0.022011588000000002,0.016616712,0.008019183166666666,0.024149131666666664,0.005028462466666666,0.029429002666666666,0.009792538666666666,0.013575710999999999,0.0133179825,0.018819209,0.0041256288,0.021610983333333333,0.011736079333333335,0.02289821533333333,0.017100262333333335,0.027490498,0.008018569333333333,0.04384921966666667,0.041069781666666666,0.013851282666666666,0.006382123666666667,0.041154931,0.013212557666666668,0.008688128,0.04637253333333333,0.0104749042,0.022011588000000002,0.035417656,0.002913693566666667,0.016616712,0.030506948666666665,0.026613168333333336,0.015251821333333334,0.018187157333333332,0.036653964,0.008019183166666666,0.004691644666666666,0.033817005,0.005517749,0.0,0.0051218808333333326,0.020917870666666668,0.03807078333333333,0.0077742198,0.03987276333333334,0.02729655333333333,0.0037231207,0.024149131666666664,0.005241904766666666,0.04199033333333334,0.040396073333333324,0.015685469,0.005028462466666666,0.015100900333333334,0.029429002666666666,0.009120770133333334,0.009792538666666666,0.013575710999999999,0.0032878716666666667,0.02566733566666667,0.0133179825,0.03596244133333334,0.02205868733333333,0.015828202333333333,0.003381602,0.038464322,0.004521000333333333,0.018819209,0.0027029037333333333,0.038812715000000005,0.007147987666666667,0.006513764433333334,0.0041256288,0.021610983333333333,0.0083198468,0.0020718852333333334,0.02522766,0.003249263666666667,0.0041161478333333335,0.012118220333333334,0.011736079333333335,0.015719441666666667,0.010447905333333334,0.016449592333333332,0.0021715481999999998,0.004085058,0.02289821533333333,0.017100262333333335,0.013072852666666667,0.010266637866666668,0.007120376666666667,0.04102422000000001,0.027490498,0.012825745,0.008018569333333333,0.04384921966666667,0.041069781666666666,0.041154931,0.04637253333333333,0.026613168333333336,0.015251821333333334,0.033817005,0.03807078333333333,0.03987276333333334,0.02729655333333333,0.04199033333333334,0.040396073333333324,0.015100900333333334,0.03596244133333334,0.02205868733333333,0.038464322,0.038812715000000005,0.015719441666666667,0.010447905333333334,0.04102422000000001
6,0.009545089666666668,0.026507608000000002,0.014450478666666666,0.028038646999999996,0.006730167,0.0051218808333333326,1.9868214999999996e-09,0.004639643333333334,0.007459384133333333,0.010049053,0.007215623133333334,0.022477038666666668,0.013126724999999999,0.008658421,0.0074710666666666665,0.006920337666666667,0.01905301,0.010246306666666668,0.015225567333333334,0.011468698333333333,0.031176215666666666,0.006040990333333333,0.006671589666666667,0.019571467000000002,0.005010968333333333,0.008345184766666668,0.004906374333333334,0.006201084333333332,0.006328898666666667,0.004197091,0.007346232666666667,0.004016242433333333,0.005041348833333334,0.007980239533333332,0.013258073666666667,0.012271954666666666,0.00959271,0.008660799,0.011559331333333332,0.008567071,0.009412421866666666,0.01863620666666667,0.014578384,0.008475625333333332,0.018929618666666665,0.005006436666666667,0.02748234266666667,0.008765166999999999,0.011195313666666666,0.012740039666666666,0.014046047333333334,0.006083285800000001,0.017723611666666663,0.012494516333333334,0.020197389666666666,0.012565966666666666,0.020721093666666666,0.009080219333333334,0.03623136333333333,0.037135607333333334,0.011559331333333332,0.009545089666666668,0.034623311999999996,0.008567071,0.009412421866666666,0.041173745666666664,0.011468698333333333,0.01863620666666667,0.031176215666666666,0.006040990333333333,0.014578384,0.026507608000000002,0.022803016333333332,0.009851336533333333,0.014450478666666666,0.028038646999999996,0.008475625333333332,0.006671589666666667,0.028997097666666662,0.006730167,0.0051218808333333326,1.9868214999999996e-09,0.019571467000000002,0.03105144333333333,0.004639643333333334,0.035206373333333325,0.02130581133333333,0.007459384133333333,0.018929618666666665,0.005010968333333333,0.035917708,0.034833789000000004,0.010049053,0.005006436666666667,0.010530789666666667,0.02748234266666667,0.008345184766666668,0.008765166999999999,0.011195313666666666,0.007215623133333334,0.022477038666666668,0.012740039666666666,0.029522397333333335,0.018622199999999995,0.013126724999999999,0.004906374333333334,0.03187511133333333,0.006201084333333332,0.014046047333333334,0.006328898666666667,0.03327800933333333,0.008658421,0.0074710666666666665,0.006083285800000001,0.017723611666666663,0.006920337666666667,0.004197091,0.01905301,0.007346232666666667,0.004016242433333333,0.010246306666666668,0.012494516333333334,0.013834122666666667,0.006536148000000001,0.015225567333333334,0.005041348833333334,0.007980239533333332,0.020197389666666666,0.012565966666666666,0.013258073666666667,0.012271954666666666,0.00959271,0.03575282333333333,0.020721093666666666,0.008660799,0.009080219333333334,0.03623136333333333,0.037135607333333334,0.034623311999999996,0.041173745666666664,0.022803016333333332,0.009851336533333333,0.028997097666666662,0.03105144333333333,0.035206373333333325,0.02130581133333333,0.035917708,0.034833789000000004,0.010530789666666667,0.029522397333333335,0.018622199999999995,0.03187511133333333,0.03327800933333333,0.013834122666666667,0.006536148000000001,0.03575282333333333
7,0.011626458000000001,0.024495506333333337,0.009885525666666667,0.023335663333333333,0.009369482533333333,0.0077742198,0.004639643333333334,3.973642999999999e-09,0.009834140666666664,0.008871902999999999,0.007508355466666667,0.018072704866666664,0.010011271666666667,0.011181146000000001,0.012572318333333332,0.0048124353333333335,0.015353463000000001,0.005890864199999999,0.014401932666666666,0.010034885,0.026324287999999998,0.010117964333333333,0.008996928,0.017035549666666663,0.005161499966666666,0.008837441666666666,0.008910467333333333,0.008276526166666666,0.009516235333333335,0.006024523466666667,0.008741192000000002,0.006507710666666666,0.007770935666666667,0.012834968,0.011804872666666666,0.011345023000000001,0.009820972,0.005434767333333332,0.0141605158,0.006685320333333333,0.009605135666666665,0.015656342,0.012089375666666667,0.012026103333333335,0.015755262,0.005255133,0.024165904666666668,0.011356242333333332,0.009611111666666667,0.015156712000000001,0.010420169333333333,0.008009898666666666,0.013641337333333333,0.013238533333333333,0.017488338666666665,0.011780639666666667,0.015674841333333335,0.009843762833333332,0.030657758666666667,0.032293155,0.0141605158,0.011626458000000001,0.028720750333333333,0.006685320333333333,0.009605135666666665,0.035681567666666664,0.010034885,0.015656342,0.026324287999999998,0.010117964333333333,0.012089375666666667,0.024495506333333337,0.016821674499999998,0.010859882866666667,0.009885525666666667,0.023335663333333333,0.012026103333333335,0.008996928,0.023197859666666668,0.009369482533333333,0.0077742198,0.004639643333333334,0.017035549666666663,0.024931780333333334,3.973642999999999e-09,0.029927100666666664,0.014954755666666668,0.009834140666666664,0.015755262,0.005161499966666666,0.030862355999999997,0.029926103333333336,0.008871902999999999,0.005255133,0.007984086,0.024165904666666668,0.008837441666666666,0.011356242333333332,0.009611111666666667,0.007508355466666667,0.018072704866666664,0.015156712000000001,0.024068886,0.014759761333333335,0.010011271666666667,0.008910467333333333,0.025610878,0.008276526166666666,0.010420169333333333,0.009516235333333335,0.027549678,0.011181146000000001,0.012572318333333332,0.008009898666666666,0.013641337333333333,0.0048124353333333335,0.006024523466666667,0.015353463000000001,0.008741192000000002,0.006507710666666666,0.005890864199999999,0.013238533333333333,0.009078617666666667,0.006112045066666666,0.014401932666666666,0.007770935666666667,0.012834968,0.017488338666666665,0.011780639666666667,0.011804872666666666,0.011345023000000001,0.009820972,0.030938582333333336,0.015674841333333335,0.005434767333333332,0.009843762833333332,0.030657758666666667,0.032293155,0.028720750333333333,0.035681567666666664,0.016821674499999998,0.010859882866666667,0.023197859666666668,0.024931780333333334,0.029927100666666664,0.014954755666666668,0.030862355999999997,0.029926103333333336,0.007984086,0.024068886,0.014759761333333335,0.025610878,0.027549678,0.009078617666666667,0.006112045066666666,0.030938582333333336
8,0.003980207533333333,0.027952395,0.01844471866666667,0.03532382,0.0046369572,0.0037231207,0.007459384133333333,0.009834140666666664,0.0,0.016416561666666666,0.005451190333333333,0.022834601000000003,0.0131049,0.0031937917,0.006005750000000001,0.008146862133333333,0.023910194333333332,0.0110143502,0.011944465,0.0069584370000000005,0.031549843333333334,0.004363648100000001,0.005596899933333333,0.017316575999999997,0.004559860566666667,0.009982895666666667,0.0046770871666666665,0.0022046864,0.0036866466000000002,0.004944471433333333,0.0030634482666666665,0.005211237999999999,0.002800838233333333,0.004807273533333333,0.008996454666666666,0.006131851666666668,0.0046908438666666665,0.010876341666666667,0.01659657566666667,0.013066975,0.008663588833333334,0.019396881333333334,0.01636994066666667,0.010682789666666666,0.021096696666666668,0.007218549666666667,0.025857146666666667,0.012291131333333333,0.013620078666666667,0.014185760666666665,0.018399584,0.006202093833333333,0.019832491666666667,0.012542400666666667,0.022156813333333334,0.01830052,0.027278023999999998,0.009099966333333332,0.04211529533333334,0.037349673,0.01659657566666667,0.003980207533333333,0.038643199,0.013066975,0.008663588833333334,0.04432732533333333,0.0069584370000000005,0.019396881333333334,0.031549843333333334,0.004363648100000001,0.01636994066666667,0.027952395,0.023453420333333332,0.015451175000000001,0.01844471866666667,0.03532382,0.010682789666666666,0.005596899933333333,0.030327850666666666,0.0046369572,0.0037231207,0.007459384133333333,0.017316575999999997,0.036202048,0.009834140666666664,0.03670194333333333,0.024272394333333332,0.0,0.021096696666666668,0.004559860566666667,0.039354961,0.03825579666666667,0.016416561666666666,0.007218549666666667,0.016136348000000002,0.025857146666666667,0.009982895666666667,0.012291131333333333,0.013620078666666667,0.005451190333333333,0.022834601000000003,0.014185760666666665,0.03328949466666666,0.017635844,0.0131049,0.0046770871666666665,0.03795764766666667,0.0022046864,0.018399584,0.0036866466000000002,0.036042039000000005,0.0031937917,0.006005750000000001,0.006202093833333333,0.019832491666666667,0.008146862133333333,0.004944471433333333,0.023910194333333332,0.0030634482666666665,0.005211237999999999,0.0110143502,0.012542400666666667,0.014347495533333332,0.009978489,0.011944465,0.002800838233333333,0.004807273533333333,0.022156813333333334,0.01830052,0.008996454666666666,0.006131851666666668,0.0046908438666666665,0.03743954133333333,0.027278023999999998,0.010876341666666667,0.009099966333333332,0.04211529533333334,0.037349673,0.038643199,0.04432732533333333,0.023453420333333332,0.015451175000000001,0.030327850666666666,0.036202048,0.03670194333333333,0.024272394333333332,0.039354961,0.03825579666666667,0.016136348000000002,0.03328949466666666,0.017635844,0.03795764766666667,0.036042039000000005,0.014347495533333332,0.009978489,0.03743954133333333
9,0.015755941333333336,0.016258295666666665,0.008874863666666667,0.018006501666666667,0.010802113866666666,0.015685469,0.010049053,0.008871902999999999,0.016416561666666666,3.973642999999999e-09,0.011608255000000001,0.019976699333333334,0.012423964333333334,0.015196144666666666,0.013715690499999999,0.011352195333333334,0.013497211333333333,0.014229375333333334,0.009698679,0.014593660666666668,0.02085590366666667,0.018434131333333333,0.013752337333333333,0.014879188666666666,0.011418851,0.017449977000000002,0.015558582666666664,0.016464259333333335,0.016857502666666666,0.013600468333333334,0.017498481666666666,0.016632042333333333,0.014713835666666668,0.020015001333333334,0.012356100333333333,0.016204105,0.016339324,0.013021896333333335,0.008797888,0.00428074,0.007874765,0.007188439333333334,0.006394314666666667,0.011261195000000002,0.0077710292,0.008636476666666667,0.016285336,0.008368430466666667,0.004784882,0.010485867666666667,0.004481862,0.012931734333333333,0.009619108833333334,0.009401077,0.010630579666666666,0.0051176388333333345,0.014601373666666667,0.0084494392,0.023994155333333333,0.02362338066666667,0.008797888,0.015755941333333336,0.022159693999999997,0.00428074,0.007874765,0.030275988333333333,0.014593660666666668,0.007188439333333334,0.02085590366666667,0.018434131333333333,0.006394314666666667,0.016258295666666665,0.016600455666666666,0.005447058,0.008874863666666667,0.018006501666666667,0.011261195000000002,0.013752337333333333,0.021068756,0.010802113866666666,0.015685469,0.010049053,0.014879188666666666,0.019959511333333336,0.008871902999999999,0.023355730333333335,0.013659731666666668,0.016416561666666666,0.0077710292,0.011418851,0.022844108,0.020850458000000002,3.973642999999999e-09,0.008636476666666667,0.0129057228,0.016285336,0.017449977000000002,0.008368430466666667,0.004784882,0.011608255000000001,0.019976699333333334,0.010485867666666667,0.016520407,0.016951748000000003,0.012423964333333334,0.015558582666666664,0.019992812333333335,0.016464259333333335,0.004481862,0.016857502666666666,0.020611327666666665,0.015196144666666666,0.013715690499999999,0.012931734333333333,0.009619108833333334,0.011352195333333334,0.013600468333333334,0.013497211333333333,0.017498481666666666,0.016632042333333333,0.014229375333333334,0.009401077,0.009101325333333334,0.009341683,0.009698679,0.014713835666666668,0.020015001333333334,0.010630579666666666,0.0051176388333333345,0.012356100333333333,0.016204105,0.016339324,0.022764635,0.014601373666666667,0.013021896333333335,0.0084494392,0.023994155333333333,0.02362338066666667,0.022159693999999997,0.030275988333333333,0.016600455666666666,0.005447058,0.021068756,0.019959511333333336,0.023355730333333335,0.013659731666666668,0.022844108,0.020850458000000002,0.0129057228,0.016520407,0.016951748000000003,0.019992812333333335,0.020611327666666665,0.009101325333333334,0.009341683,0.022764635
10,0.005539401333333333,0.025592359000000002,0.015086052800000001,0.03386763733333333,0.005518110533333333,0.0032878716666666667,0.007215623133333334,0.007508355466666667,0.005451190333333333,0.011608255000000001,5.960464499999999e-09,0.023622729666666665,0.014002879666666667,0.008282474666666668,0.007637816666666667,0.008005172,0.023114168333333338,0.012583961,0.013146033000000001,0.009175461466666668,0.031275598333333335,0.005742128766666666,0.0044758619,0.016888871000000003,0.005573447666666667,0.011116957666666668,0.006359990333333333,0.007099541,0.003949314433333333,0.004520044666666666,0.0055821874999999995,0.007856967,0.003715519066666666,0.006483866666666667,0.010092421333333332,0.009360722666666665,0.007347582,0.014214730333333333,0.010877551666666667,0.009476580333333333,0.004170181333333333,0.016261170333333335,0.010661840333333334,0.006293060333333334,0.01985008,0.0038136998666666666,0.023341781000000002,0.007030914333333333,0.008397587166666666,0.009924602566666666,0.013594983333333335,0.0034127989999999998,0.017422999666666668,0.007306251666666667,0.016926481333333333,0.012453845833333333,0.02467421666666667,0.004519303633333333,0.03989102,0.03585815833333333,0.010877551666666667,0.005539401333333333,0.03671684666666667,0.009476580333333333,0.004170181333333333,0.04253314166666667,0.009175461466666668,0.016261170333333335,0.031275598333333335,0.005742128766666666,0.010661840333333334,0.025592359000000002,0.022676277,0.012391114666666668,0.015086052800000001,0.03386763733333333,0.006293060333333334,0.0044758619,0.030562346,0.005518110533333333,0.0032878716666666667,0.007215623133333334,0.016888871000000003,0.034079451999999996,0.007508355466666667,0.034937473000000004,0.024011485333333336,0.005451190333333333,0.01985008,0.005573447666666667,0.037139626333333335,0.03497369333333333,0.011608255000000001,0.0038136998666666666,0.015072939666666667,0.023341781000000002,0.011116957666666668,0.007030914333333333,0.008397587166666666,5.960464499999999e-09,0.023622729666666665,0.009924602566666666,0.030849897999999997,0.020336494666666663,0.014002879666666667,0.006359990333333333,0.034112270666666666,0.007099541,0.013594983333333335,0.003949314433333333,0.033818880999999995,0.008282474666666668,0.007637816666666667,0.0034127989999999998,0.017422999666666668,0.008005172,0.004520044666666666,0.023114168333333338,0.0055821874999999995,0.007856967,0.012583961,0.007306251666666667,0.011075377666666667,0.011189490666666668,0.013146033000000001,0.003715519066666666,0.006483866666666667,0.016926481333333333,0.012453845833333333,0.010092421333333332,0.009360722666666665,0.007347582,0.03621505466666666,0.02467421666666667,0.014214730333333333,0.004519303633333333,0.03989102,0.03585815833333333,0.03671684666666667,0.04253314166666667,0.022676277,0.012391114666666668,0.030562346,0.034079451999999996,0.034937473000000004,0.024011485333333336,0.037139626333333335,0.03497369333333333,0.015072939666666667,0.030849897999999997,0.020336494666666663,0.034112270666666666,0.033818880999999995,0.011075377666666667,0.011189490666666668,0.03621505466666666
11,0.023738152999999998,0.013577284333333333,0.014559141666666667,0.02339341633333333,0.025289808333333334,0.02566733566666667,0.022477038666666668,0.018072704866666664,0.022834601000000003,0.019976699333333334,0.023622729666666665,1.9868214999999996e-09,0.008198432333333333,0.021805099666666668,0.029891028,0.017397128,0.018036266,0.014245748666666667,0.019919783,0.016766443000000002,0.018711869,0.027940860333333335,0.023810363666666667,0.015712439999999998,0.01762775013333333,0.019083144133333334,0.025433036,0.021881809,0.02651632333333333,0.023974082,0.023851585666666668,0.023549062,0.025188751333333332,0.030011412999999997,0.017002068,0.018290751666666664,0.021447881466666666,0.013726488666666667,0.03267452733333333,0.01957691866666667,0.023122136,0.02050102933333333,0.02330768533333333,0.031159911000000002,0.016827768000000003,0.023524286333333335,0.024441128333333333,0.030173922,0.022061842666666664,0.031741278000000005,0.019038015666666668,0.02409214133333333,0.018522383666666666,0.02845165566666667,0.026016461666666667,0.026865323666666666,0.022191624000000004,0.026574955666666667,0.023392719,0.023716861333333332,0.03267452733333333,0.023738152999999998,0.023095204333333334,0.01957691866666667,0.023122136,0.024730042666666667,0.016766443000000002,0.02050102933333333,0.018711869,0.027940860333333335,0.02330768533333333,0.013577284333333333,0.010122287333333334,0.023965249333333334,0.014559141666666667,0.02339341633333333,0.031159911000000002,0.023810363666666667,0.013106135333333333,0.025289808333333334,0.02566733566666667,0.022477038666666668,0.015712439999999998,0.022168364000000003,0.018072704866666664,0.021332838333333333,0.009902117666666667,0.022834601000000003,0.016827768000000003,0.01762775013333333,0.024322079,0.02371141333333333,0.019976699333333334,0.023524286333333335,0.019573551666666668,0.024441128333333333,0.019083144133333334,0.030173922,0.022061842666666664,0.023622729666666665,1.9868214999999996e-09,0.031741278000000005,0.020039467,0.013112231,0.008198432333333333,0.025433036,0.025192604666666667,0.021881809,0.019038015666666668,0.02651632333333333,0.020435621333333334,0.021805099666666668,0.029891028,0.02409214133333333,0.018522383666666666,0.017397128,0.023974082,0.018036266,0.023851585666666668,0.023549062,0.014245748666666667,0.02845165566666667,0.012147418666666666,0.01983469733333333,0.019919783,0.025188751333333332,0.030011412999999997,0.026016461666666667,0.026865323666666666,0.017002068,0.018290751666666664,0.021447881466666666,0.019765029333333333,0.022191624000000004,0.013726488666666667,0.026574955666666667,0.023392719,0.023716861333333332,0.023095204333333334,0.024730042666666667,0.010122287333333334,0.023965249333333334,0.013106135333333333,0.022168364000000003,0.021332838333333333,0.009902117666666667,0.024322079,0.02371141333333333,0.019573551666666668,0.020039467,0.013112231,0.025192604666666667,0.020435621333333334,0.012147418666666666,0.01983469733333333,0.019765029333333333
