,omer_02.jpg,tal_05.jpg,omer_07.jpg,tal_06.jpg,omer_06.jpg,omer_08.jpg,tal_01.jpg,omer_03.jpg,tal_07.jpg,tal_03.jpg,omer_04.jpg,omer_10.jpg,tal_09.jpg,tal_02.jpg,tal_08.jpg,omer_09.jpg,tal_10.jpg,omer_05.jpg,tal_04.jpg,matt_04.jpg,dom_10.jpg,dom_05.jpg,matt_08.jpg,dom_04.jpg,matt_02.jpg,matt_07.jpg,matt_06.jpg,matt_05.jpg,dom_07.jpg,dom_03.jpg,matt_03.jpg,matt_01.jpg,dom_06.jpg,matt_10.jpg,dom_01.jpg,dom_09.jpg,matt_09.jpg,dom_02.jpg,tess_03.jpg,taz_06.jpg,taz_04.jpg,taz_03.jpg,tess_01.jpg,tess_07.jpg,tess_05.jpg,taz_05.jpg,tess_02.jpg,tess_09.jpg,tess_06.jpg,taz_07.jpg,taz_02.jpg,tess_04.jpg,taz_09.jpg,tess_08.jpg,taz_08.jpg,taz_01.jpg,tess_10.jpg,taz_10.jpg,marina_07.jpg,tamar_04.jpg,tess_03.jpg.1,omer_02.jpg.1,marina_04.jpg,taz_06.jpg.1,taz_04.jpg.1,marina_01.jpg,matt_04.jpg.1,taz_03.jpg.1,dom_10.jpg.1,dom_05.jpg.1,tess_01.jpg.1,tal_05.jpg.1,marina_06.jpg,tamar_09.jpg,omer_07.jpg.1,tal_06.jpg.1,tess_07.jpg.1,matt_08.jpg.1,marina_08.jpg,omer_06.jpg.1,omer_08.jpg.1,tal_01.jpg.1,dom_04.jpg.1,tamar_10.jpg,omer_03.jpg.1,tamar_02.jpg,tamar_05.jpg,tal_07.jpg.1,tess_05.jpg.1,matt_02.jpg.1,tamar_07.jpg,tamar_03.jpg,tal_03.jpg.1,taz_05.jpg.1,marina_09.jpg,tess_02.jpg.1,matt_07.jpg.1,tess_09.jpg.1,tess_06.jpg.1,omer_04.jpg.1,omer_10.jpg.1,taz_07.jpg.1,tamar_01.jpg,marina_10.jpg,tal_09.jpg.1,matt_06.jpg.1,tamar_06.jpg,matt_05.jpg.1,taz_02.jpg.1,dom_07.jpg.1,marina_05.jpg,tal_02.jpg.1,tal_08.jpg.1,tess_04.jpg.1,taz_09.jpg.1,omer_09.jpg.1,dom_03.jpg.1,tal_10.jpg.1,matt_03.jpg.1,matt_01.jpg.1,omer_05.jpg.1,tess_08.jpg.1,marina_02.jpg,marina_03.jpg,tal_04.jpg.1,dom_06.jpg.1,matt_10.jpg.1,taz_08.jpg.1,taz_01.jpg.1,dom_01.jpg.1,dom_09.jpg.1,matt_09.jpg.1,tamar_08.jpg,tess_10.jpg.1,dom_02.jpg.1,taz_10.jpg.1,marina_07.jpg.1,tamar_04.jpg.1,marina_04.jpg.1,marina_01.jpg.1,marina_06.jpg.1,tamar_09.jpg.1,marina_08.jpg.1,tamar_10.jpg.1,tamar_02.jpg.1,tamar_05.jpg.1,tamar_07.jpg.1,tamar_03.jpg.1,marina_09.jpg.1,tamar_01.jpg.1,marina_10.jpg.1,tamar_06.jpg.1,marina_05.jpg.1,marina_02.jpg.1,marina_03.jpg.1,tamar_08.jpg.1
0,0.0,0.006922692133333334,0.016663621,0.015260406666666667,0.013533427333333332,0.007663911466666668,0.013422507333333333,0.011178146,0.0033860047666666665,0.013171939333333334,0.004883178,0.0074914694,0.007530019666666667,0.006215236533333333,0.014715210333333333,0.012654870666666667,0.017296362,0.018992442000000002,0.012622823333333333,0.0041016956333333335,0.026216581333333332,0.008220428333333333,0.005647317533333333,0.009219485333333333,0.013641941666666666,0.010119193666666667,0.013094162999999999,0.006389331999999999,0.007022462199999999,0.009359457166666666,0.008462673333333334,0.010360666,0.0058201312,0.009027435666666667,0.006433999533333333,0.007912393266666666,0.0075149376666666665,0.021920796000000003,0.014103534,0.013957637333333332,0.010910648,0.014204774333333333,0.010803797,0.013943682,0.013705714666666667,0.014258108333333333,0.013682508333333333,0.013922663333333333,0.011385589666666666,0.015058785333333333,0.013963079333333331,0.009709030333333334,0.017071521333333332,0.011649010666666666,0.01704049666666667,0.014072050666666667,0.01877542566666667,0.012050189666666666,0.022878817333333332,0.019342889666666665,0.014103534,0.0,0.024790584666666667,0.013957637333333332,0.010910648,0.028040323333333332,0.0041016956333333335,0.014204774333333333,0.026216581333333332,0.008220428333333333,0.010803797,0.006922692133333334,0.01716856933333333,0.013191010333333333,0.016663621,0.015260406666666667,0.013943682,0.005647317533333333,0.024479274333333332,0.013533427333333332,0.007663911466666668,0.013422507333333333,0.009219485333333333,0.018492464333333333,0.011178146,0.018631873333333337,0.015584957666666666,0.0033860047666666665,0.013705714666666667,0.013641941666666666,0.024429838333333335,0.015488166000000001,0.013171939333333334,0.014258108333333333,0.019289285,0.013682508333333333,0.010119193666666667,0.013922663333333333,0.011385589666666666,0.004883178,0.0074914694,0.015058785333333333,0.014359766333333333,0.021101685333333335,0.007530019666666667,0.013094162999999999,0.016703369333333332,0.006389331999999999,0.013963079333333331,0.007022462199999999,0.025835025666666667,0.006215236533333333,0.014715210333333333,0.009709030333333334,0.017071521333333332,0.012654870666666667,0.009359457166666666,0.017296362,0.008462673333333334,0.010360666,0.018992442000000002,0.011649010666666666,0.007942182,0.018806407666666667,0.012622823333333333,0.0058201312,0.009027435666666667,0.01704049666666667,0.014072050666666667,0.006433999533333333,0.007912393266666666,0.0075149376666666665,0.015359330333333332,0.01877542566666667,0.021920796000000003,0.012050189666666666,0.022878817333333332,0.019342889666666665,0.024790584666666667,0.028040323333333332,0.01716856933333333,0.013191010333333333,0.024479274333333332,0.018492464333333333,0.018631873333333337,0.015584957666666666,0.024429838333333335,0.015488166000000001,0.019289285,0.014359766333333333,0.021101685333333335,0.016703369333333332,0.025835025666666667,0.007942182,0.018806407666666667,0.015359330333333332
1,0.006922692133333334,3.973642999999999e-09,0.011960690999999999,0.00806186,0.005512702499999999,0.009824194333333335,0.006485819866666667,0.008804368833333333,0.007400683666666667,0.004352253666666667,0.0058223744,0.006610782999999999,0.0077373424666666675,0.0035441794666666664,0.006515693666666667,0.0063951592,0.007567908333333334,0.02148676733333333,0.004712355133333333,0.004735768,0.021047965999999998,0.012223597333333334,0.012053072133333335,0.008500480666666668,0.009507566666666667,0.015329567666666665,0.006118484333333333,0.010937802200000001,0.013728020466666666,0.008304256333333334,0.015738636333333333,0.012797256333333333,0.007742134666666667,0.007884099,0.0037748654333333337,0.014933832666666666,0.013466630333333333,0.020907876666666665,0.005939744,0.006028344166666666,0.005054044833333334,0.005956105466666667,0.006112813999999999,0.00602868,0.005007976333333333,0.010009763666666668,0.010966843333333335,0.0059969168,0.004349027166666667,0.006287999833333334,0.005887889833333334,0.004031370066666666,0.009244462,0.005003412666666666,0.011229870666666666,0.005681151133333334,0.014258782333333334,0.004748026666666666,0.014404301,0.013344552133333333,0.005939744,0.006922692133333334,0.019322796333333333,0.006028344166666666,0.005054044833333334,0.023988290000000002,0.004735768,0.005956105466666667,0.021047965999999998,0.012223597333333334,0.006112813999999999,3.973642999999999e-09,0.015963743,0.004770485466666667,0.011960690999999999,0.00806186,0.00602868,0.012053072133333335,0.018440602000000004,0.005512702499999999,0.009824194333333335,0.006485819866666667,0.008500480666666668,0.010844374,0.008804368833333333,0.013898267333333332,0.009355016333333332,0.007400683666666667,0.005007976333333333,0.009507566666666667,0.020538904000000004,0.009942974666666667,0.004352253666666667,0.010009763666666668,0.014708695666666665,0.010966843333333335,0.015329567666666665,0.0059969168,0.004349027166666667,0.0058223744,0.006610782999999999,0.006287999833333334,0.008425390666666666,0.017758548,0.0077373424666666675,0.006118484333333333,0.010207009333333333,0.010937802200000001,0.005887889833333334,0.013728020466666666,0.022098809333333334,0.0035441794666666664,0.006515693666666667,0.004031370066666666,0.009244462,0.0063951592,0.008304256333333334,0.007567908333333334,0.015738636333333333,0.012797256333333333,0.02148676733333333,0.005003412666666666,0.0056975345,0.012142908333333332,0.004712355133333333,0.007742134666666667,0.007884099,0.011229870666666666,0.005681151133333334,0.0037748654333333337,0.014933832666666666,0.013466630333333333,0.0096798858,0.014258782333333334,0.020907876666666665,0.004748026666666666,0.014404301,0.013344552133333333,0.019322796333333333,0.023988290000000002,0.015963743,0.004770485466666667,0.018440602000000004,0.010844374,0.013898267333333332,0.009355016333333332,0.020538904000000004,0.009942974666666667,0.014708695666666665,0.008425390666666666,0.017758548,0.010207009333333333,0.022098809333333334,0.0056975345,0.012142908333333332,0.0096798858
2,0.016663621,0.011960690999999999,0.0,0.006851446666666667,0.009975989666666666,0.015582356999999998,0.009048519466666667,0.0083179552,0.014912690333333334,0.0099647602,0.014230153999999998,0.011926481999999999,0.013454727333333333,0.013615390000000002,0.011217542666666667,0.008903153666666667,0.00989871,0.014053509666666667,0.0101044318,0.013666873999999999,0.0165886562,0.016206675666666667,0.020670632666666668,0.014867268,0.00953148,0.021543900666666668,0.010266574433333333,0.015658754,0.022323294666666667,0.010858714666666667,0.01881358,0.013920396666666668,0.013526624666666669,0.0131893832,0.012101562666666666,0.018155052666666668,0.017834981333333333,0.012348496999999998,0.010832460666666665,0.007837361166666666,0.010165129200000001,0.010289436666666667,0.008430465,0.010726034666666667,0.010040350666666666,0.0046480914,0.01299901,0.010494204533333332,0.009708698666666666,0.011466539000000001,0.008712401,0.010038481333333333,0.008744909333333332,0.010568807333333334,0.007967801733333333,0.010012142,0.005401285666666667,0.010505275,0.008440758666666666,0.010801962666666666,0.010832460666666665,0.016663621,0.009154117333333333,0.007837361166666666,0.010165129200000001,0.015055666333333332,0.013666873999999999,0.010289436666666667,0.0165886562,0.016206675666666667,0.008430465,0.011960690999999999,0.010506844333333333,0.010079449466666668,0.0,0.006851446666666667,0.010726034666666667,0.020670632666666668,0.014156680999999999,0.009975989666666666,0.015582356999999998,0.009048519466666667,0.014867268,0.007589332199999999,0.0083179552,0.011869241666666667,0.007684157333333333,0.014912690333333334,0.010040350666666666,0.00953148,0.010663145833333334,0.008072722,0.0099647602,0.0046480914,0.008467424,0.01299901,0.021543900666666668,0.010494204533333332,0.009708698666666666,0.014230153999999998,0.011926481999999999,0.011466539000000001,0.007010539333333333,0.016390367333333333,0.013454727333333333,0.010266574433333333,0.006765184866666666,0.015658754,0.008712401,0.022323294666666667,0.014572702,0.013615390000000002,0.011217542666666667,0.010038481333333333,0.008744909333333332,0.008903153666666667,0.010858714666666667,0.00989871,0.01881358,0.013920396666666668,0.014053509666666667,0.010568807333333334,0.009876644333333332,0.006747855666666666,0.0101044318,0.013526624666666669,0.0131893832,0.007967801733333333,0.010012142,0.012101562666666666,0.018155052666666668,0.017834981333333333,0.010584082,0.005401285666666667,0.012348496999999998,0.010505275,0.008440758666666666,0.010801962666666666,0.009154117333333333,0.015055666333333332,0.010506844333333333,0.010079449466666668,0.014156680999999999,0.007589332199999999,0.011869241666666667,0.007684157333333333,0.010663145833333334,0.008072722,0.008467424,0.007010539333333333,0.016390367333333333,0.006765184866666666,0.014572702,0.009876644333333332,0.006747855666666666,0.010584082
3,0.015260406666666667,0.00806186,0.006851446666666667,1.9868214999999996e-09,0.005441926000000001,0.012332260666666667,0.002497224033333333,0.0046615144666666665,0.014297288666666666,0.005087457000000001,0.011507143666666667,0.007762114,0.009372186666666667,0.009512233666666666,0.007494022466666667,0.004576615533333333,0.005722405466666667,0.01831218,0.0063780646666666664,0.010587438000000001,0.017595058666666667,0.018059584,0.020076423999999995,0.012003244666666666,0.0068849819999999996,0.019050121333333333,0.005248926166666667,0.015200078666666669,0.021908907666666665,0.007119147333333333,0.021444009,0.012160913,0.012575304666666667,0.011406501000000001,0.008619111666666669,0.020475612333333334,0.019749206666666665,0.014514303166666668,0.005466105666666667,0.0033835967333333333,0.007042310666666667,0.005723512133333334,0.0074691773333333345,0.006595490333333333,0.004847749166666667,0.005978844499999999,0.012868394333333333,0.006218850666666666,0.006226913133333334,0.0075608135,0.004065014833333333,0.006791687,0.005507620166666667,0.007273892466666667,0.010365953,0.004756254,0.004905935133333333,0.007381443333333334,0.007195144866666667,0.010947589,0.005466105666666667,0.015260406666666667,0.010159993233333333,0.0033835967333333333,0.007042310666666667,0.017148441333333334,0.010587438000000001,0.005723512133333334,0.017595058666666667,0.018059584,0.0074691773333333345,0.00806186,0.01135485,0.004540793166666667,0.006851446666666667,1.9868214999999996e-09,0.006595490333333333,0.020076423999999995,0.013090364133333334,0.005441926000000001,0.012332260666666667,0.002497224033333333,0.012003244666666666,0.0029533644666666662,0.0046615144666666665,0.011139939333333333,0.0032622000000000003,0.014297288666666666,0.004847749166666667,0.0068849819999999996,0.014369278666666667,0.0067273398,0.005087457000000001,0.005978844499999999,0.007114869333333333,0.012868394333333333,0.019050121333333333,0.006218850666666666,0.006226913133333334,0.011507143666666667,0.007762114,0.0075608135,0.0031313915999999996,0.015279310999999999,0.009372186666666667,0.005248926166666667,0.0033729017,0.015200078666666669,0.004065014833333333,0.021908907666666665,0.016628444200000002,0.009512233666666666,0.007494022466666667,0.006791687,0.005507620166666667,0.004576615533333333,0.007119147333333333,0.005722405466666667,0.021444009,0.012160913,0.01831218,0.007273892466666667,0.007480581666666667,0.005227041266666666,0.0063780646666666664,0.012575304666666667,0.011406501000000001,0.010365953,0.004756254,0.008619111666666669,0.020475612333333334,0.019749206666666665,0.007656653833333334,0.004905935133333333,0.014514303166666668,0.007381443333333334,0.007195144866666667,0.010947589,0.010159993233333333,0.017148441333333334,0.01135485,0.004540793166666667,0.013090364133333334,0.0029533644666666662,0.011139939333333333,0.0032622000000000003,0.014369278666666667,0.0067273398,0.007114869333333333,0.0031313915999999996,0.015279310999999999,0.0033729017,0.016628444200000002,0.007480581666666667,0.005227041266666666,0.007656653833333334
4,0.013533427333333332,0.005512702499999999,0.009975989666666666,0.005441926000000001,0.0,0.013005672,0.0034259021333333333,0.009555403333333332,0.011979895666666665,0.00104158322,0.009267773466666665,0.011723237999999999,0.013480087333333335,0.006775112999999999,0.0015556235999999999,0.005591950733333334,0.0038548310000000004,0.025635746666666667,0.0021303474999999996,0.009180849666666666,0.019691865,0.016473480333333332,0.019554342666666665,0.013840490333333334,0.008424605833333333,0.022988703,0.001222678,0.01570178666666667,0.02052735866666667,0.008909020666666666,0.023089070666666666,0.016209045666666665,0.010981555666666669,0.007077861,0.005977833166666667,0.02234146766666667,0.021296415333333332,0.022879243,0.0006520648866666667,0.0018120765666666669,0.0023876150666666666,0.0012506524666666666,0.0050088585,0.0014325102333333335,0.0009865144666666669,0.006942454866666666,0.012208759666666668,0.00077643198,0.0032424589000000005,0.0015127758000000001,0.0016464451666666666,0.002374416566666667,0.0057497282333333335,0.0020050883333333335,0.008013542333333333,0.0008505523333333335,0.013111349,0.0019235551666666668,0.010582894,0.010914331533333332,0.0006520648866666667,0.013533427333333332,0.017046815333333333,0.0018120765666666669,0.0023876150666666666,0.024501582333333334,0.009180849666666666,0.0012506524666666666,0.019691865,0.016473480333333332,0.0050088585,0.005512702499999999,0.017998397333333336,0.0008850077666666667,0.009975989666666666,0.005441926000000001,0.0014325102333333335,0.019554342666666665,0.017421450666666668,0.0,0.013005672,0.0034259021333333333,0.013840490333333334,0.007553281333333333,0.009555403333333332,0.014549666666666667,0.008004971466666667,0.011979895666666665,0.0009865144666666669,0.008424605833333333,0.019923321333333334,0.010099569833333332,0.00104158322,0.006942454866666666,0.014230003333333333,0.012208759666666668,0.022988703,0.00077643198,0.0032424589000000005,0.009267773466666665,0.011723237999999999,0.0015127758000000001,0.006973473466666667,0.019458284,0.013480087333333335,0.001222678,0.0089590352,0.01570178666666667,0.0016464451666666666,0.02052735866666667,0.022427751666666666,0.006775112999999999,0.0015556235999999999,0.002374416566666667,0.0057497282333333335,0.005591950733333334,0.008909020666666666,0.0038548310000000004,0.023089070666666666,0.016209045666666665,0.025635746666666667,0.0020050883333333335,0.008672021,0.007615109166666667,0.0021303474999999996,0.010981555666666669,0.007077861,0.008013542333333333,0.0008505523333333335,0.005977833166666667,0.02234146766666667,0.021296415333333332,0.009248777333333331,0.013111349,0.022879243,0.0019235551666666668,0.010582894,0.010914331533333332,0.017046815333333333,0.024501582333333334,0.017998397333333336,0.0008850077666666667,0.017421450666666668,0.007553281333333333,0.014549666666666667,0.008004971466666667,0.019923321333333334,0.010099569833333332,0.014230003333333333,0.006973473466666667,0.019458284,0.0089590352,0.022427751666666666,0.008672021,0.007615109166666667,0.009248777333333331
5,0.007663911466666668,0.009824194333333335,0.015582356999999998,0.012332260666666667,0.013005672,1.9868214999999996e-09,0.010275427666666666,0.005632821666666667,0.005847237333333334,0.0121479212,0.003608707666666667,0.007650631666666667,0.008777447666666665,0.011008374,0.014932511333333332,0.012004051666666666,0.018123005,0.016986411866666665,0.015603687333333333,0.010471938133333334,0.030157877666666666,0.0062559169,0.006017965133333333,0.01736925233333333,0.013804342333333334,0.008529386833333335,0.011064253333333333,0.005421354333333334,0.005749267333333334,0.0029229521666666665,0.0094843128,0.004589303433333333,0.004743510666666667,0.006736183000000001,0.012604876333333332,0.016223883333333335,0.014834865000000001,0.021104606,0.012635994000000001,0.012807194666666667,0.014051083666666665,0.015516593,0.012253149333333333,0.013029577333333335,0.013856823999999998,0.013113192666666666,0.02241271933333333,0.013055348333333333,0.014007638,0.015440289666666666,0.014349665666666667,0.008667097333333334,0.018317997666666665,0.011221929333333332,0.020075456333333335,0.012832047333333334,0.016669613333333333,0.013162831666666668,0.02412254,0.024543120000000005,0.012635994000000001,0.007663911466666668,0.027112402333333334,0.012807194666666667,0.014051083666666665,0.03285611866666667,0.010471938133333334,0.015516593,0.030157877666666666,0.0062559169,0.012253149333333333,0.009824194333333335,0.021288721,0.011854287,0.015582356999999998,0.012332260666666667,0.013029577333333335,0.006017965133333333,0.027972076666666665,0.013005672,1.9868214999999996e-09,0.010275427666666666,0.01736925233333333,0.018607733666666668,0.005632821666666667,0.025187891666666667,0.016564701,0.005847237333333334,0.013856823999999998,0.013804342333333334,0.028842193999999998,0.019211578666666666,0.0121479212,0.013113192666666666,0.01804021,0.02241271933333333,0.008529386833333335,0.013055348333333333,0.014007638,0.003608707666666667,0.007650631666666667,0.015440289666666666,0.015575410999999999,0.027162796333333333,0.008777447666666665,0.011064253333333333,0.016343541666666666,0.005421354333333334,0.014349665666666667,0.005749267333333334,0.03163322,0.011008374,0.014932511333333332,0.008667097333333334,0.018317997666666665,0.012004051666666666,0.0029229521666666665,0.018123005,0.0094843128,0.004589303433333333,0.016986411866666665,0.011221929333333332,0.011778207333333334,0.01774195633333333,0.015603687333333333,0.004743510666666667,0.006736183000000001,0.020075456333333335,0.012832047333333334,0.012604876333333332,0.016223883333333335,0.014834865000000001,0.020690868000000005,0.016669613333333333,0.021104606,0.013162831666666668,0.02412254,0.024543120000000005,0.027112402333333334,0.03285611866666667,0.021288721,0.011854287,0.027972076666666665,0.018607733666666668,0.025187891666666667,0.016564701,0.028842193999999998,0.019211578666666666,0.01804021,0.015575410999999999,0.027162796333333333,0.016343541666666666,0.03163322,0.011778207333333334,0.01774195633333333,0.020690868000000005
6,0.013422507333333333,0.006485819866666667,0.009048519466666667,0.002497224033333333,0.0034259021333333333,0.010275427666666666,1.9868214999999996e-09,0.0061676839,0.011933285,0.0027310113,0.009802945333333334,0.008009769466666667,0.009432397333333335,0.007052636133333334,0.005183563666666667,0.0038500070666666665,0.0049582542,0.02129845266666667,0.004977901833333334,0.008747393,0.01865039066666667,0.015700248666666666,0.018441384999999998,0.012080542333333333,0.005699859066666666,0.017987921,0.002734700833333333,0.013626352999999999,0.019765474466666665,0.0053059161,0.020494371666666667,0.011944939666666666,0.009375926000000001,0.009174285499999999,0.007436259466666667,0.020396034,0.019852274666666666,0.018227815666666664,0.0034062525,0.002608323066666667,0.0054535965,0.003986917,0.006983393333333334,0.0041559597,0.0029037892333333335,0.006002042766666666,0.013686338999999999,0.0037486771,0.004431834,0.005339328333333333,0.0029908636666666666,0.0041457375,0.005327938133333334,0.004899372533333333,0.011148101133333334,0.0027556101666666665,0.009418274866666666,0.005285084333333333,0.009613700766666667,0.013258520666666666,0.0034062525,0.013422507333333333,0.015310635333333333,0.002608323066666667,0.0054535965,0.02197490733333333,0.008747393,0.003986917,0.01865039066666667,0.015700248666666666,0.006983393333333334,0.006485819866666667,0.015366675333333333,0.002400571066666667,0.009048519466666667,0.002497224033333333,0.0041559597,0.018441384999999998,0.014849949000000001,0.0034259021333333333,0.010275427666666666,1.9868214999999996e-09,0.012080542333333333,0.0053366225,0.0061676839,0.013599261,0.0054036618333333335,0.011933285,0.0029037892333333335,0.005699859066666666,0.019730532000000002,0.009791632333333333,0.0027310113,0.006002042766666666,0.008943895666666667,0.013686338999999999,0.017987921,0.0037486771,0.004431834,0.009802945333333334,0.008009769466666667,0.005339328333333333,0.005829997799999999,0.016602834,0.009432397333333335,0.002734700833333333,0.006361216333333333,0.013626352999999999,0.0029908636666666666,0.019765474466666665,0.020720293,0.007052636133333334,0.005183563666666667,0.0041457375,0.005327938133333334,0.0038500070666666665,0.0053059161,0.0049582542,0.020494371666666667,0.011944939666666666,0.02129845266666667,0.004899372533333333,0.007630360000000001,0.005603693000000001,0.004977901833333334,0.009375926000000001,0.009174285499999999,0.011148101133333334,0.0027556101666666665,0.007436259466666667,0.020396034,0.019852274666666666,0.009412429666666666,0.009418274866666666,0.018227815666666664,0.005285084333333333,0.009613700766666667,0.013258520666666666,0.015310635333333333,0.02197490733333333,0.015366675333333333,0.002400571066666667,0.014849949000000001,0.0053366225,0.013599261,0.0054036618333333335,0.019730532000000002,0.009791632333333333,0.008943895666666667,0.005829997799999999,0.016602834,0.006361216333333333,0.020720293,0.007630360000000001,0.005603693000000001,0.009412429666666666
7,0.011178146,0.008804368833333333,0.0083179552,0.0046615144666666665,0.009555403333333332,0.005632821666666667,0.0061676839,0.0,0.009324934166666667,0.008891006333333335,0.006710328666666667,0.004892496333333333,0.006168594,0.010634400466666668,0.012235492666666665,0.005830047733333334,0.010925221666666667,0.011767147,0.011071105666666668,0.010033792000000001,0.021313746666666668,0.011330952333333333,0.012365933333333332,0.013077072333333332,0.008154302666666667,0.010546467666666667,0.008838148833333333,0.008084464,0.012927988999999999,0.0036020239,0.012860719333333333,0.004063675866666667,0.008255726166666666,0.0088099598,0.010960867000000001,0.016309754333333332,0.015130372666666666,0.012361312000000001,0.009908731799999999,0.007898738,0.011243396999999999,0.011129138866666666,0.010098433666666665,0.010799286666666666,0.009598143666666666,0.008164513166666667,0.017085407333333334,0.010493407666666666,0.010300223,0.012459049666666666,0.009038673,0.007981977666666668,0.010057741333333333,0.010253707666666667,0.014358939666666666,0.009283812666666667,0.006776511666666667,0.010886432666666668,0.012786789666666668,0.015610997,0.009908731799999999,0.011178146,0.015012413,0.007898738,0.011243396999999999,0.021490385,0.010033792000000001,0.011129138866666666,0.021313746666666668,0.011330952333333333,0.010098433666666665,0.008804368833333333,0.012622311,0.008709917533333333,0.0083179552,0.0046615144666666665,0.010799286666666666,0.012365933333333332,0.017582127999999995,0.009555403333333332,0.005632821666666667,0.0061676839,0.013077072333333332,0.008303282666666667,0.0,0.015792302333333334,0.007192178433333333,0.009324934166666667,0.009598143666666666,0.008154302666666667,0.018182404666666666,0.011533462999999999,0.008891006333333335,0.008164513166666667,0.009063768333333333,0.017085407333333334,0.010546467666666667,0.010493407666666666,0.010300223,0.006710328666666667,0.004892496333333333,0.012459049666666666,0.0076670286666666665,0.018782468666666666,0.006168594,0.008838148833333333,0.0065539279,0.008084464,0.009038673,0.012927988999999999,0.021151453333333334,0.010634400466666668,0.012235492666666665,0.007981977666666668,0.010057741333333333,0.005830047733333334,0.0036020239,0.010925221666666667,0.012860719333333333,0.004063675866666667,0.011767147,0.010253707666666667,0.008237725533333334,0.009388973333333333,0.011071105666666668,0.008255726166666666,0.0088099598,0.014358939666666666,0.009283812666666667,0.010960867000000001,0.016309754333333332,0.015130372666666666,0.012799841,0.006776511666666667,0.012361312000000001,0.010886432666666668,0.012786789666666668,0.015610997,0.015012413,0.021490385,0.012622311,0.008709917533333333,0.017582127999999995,0.008303282666666667,0.015792302333333334,0.007192178433333333,0.018182404666666666,0.011533462999999999,0.009063768333333333,0.0076670286666666665,0.018782468666666666,0.0065539279,0.021151453333333334,0.008237725533333334,0.009388973333333333,0.012799841
8,0.0033860047666666665,0.007400683666666667,0.014912690333333334,0.014297288666666666,0.011979895666666665,0.005847237333333334,0.011933285,0.009324934166666667,3.973642999999999e-09,0.011489959333333332,0.003951670733333333,0.007683724,0.0066305658333333335,0.0065200288333333335,0.013156050333333332,0.011384793,0.015314018666666667,0.016827766333333334,0.011706781333333334,0.005770456866666667,0.026237397333333336,0.0056924185,0.0055673599999999995,0.011629885333333334,0.011725203,0.009016839666666667,0.011785765666666666,0.0037788113333333336,0.005824716999999999,0.006945991666666666,0.0081352948,0.007472558666666666,0.003402260933333333,0.0071974176666666665,0.007704373333333333,0.0104147752,0.009582122333333333,0.019999682999999997,0.012900781666666666,0.012365760333333335,0.010260874,0.013022808333333335,0.009695291666666666,0.012395894333333334,0.012369781666666666,0.01136536,0.015517691666666666,0.012366791333333333,0.010476694533333334,0.013594132666666666,0.012766139133333333,0.007901469999999999,0.015484816000000002,0.009823348,0.015544921,0.012590233666666667,0.016966859999999997,0.010658778666666667,0.021080990666666667,0.018616640666666667,0.012900781666666666,0.0033860047666666665,0.023866887666666666,0.012365760333333335,0.010260874,0.028237895333333332,0.005770456866666667,0.013022808333333335,0.026237397333333336,0.0056924185,0.009695291666666666,0.007400683666666667,0.016848721,0.011856824,0.014912690333333334,0.014297288666666666,0.012395894333333334,0.0055673599999999995,0.023742215,0.011979895666666665,0.005847237333333334,0.011933285,0.011629885333333334,0.01723610133333333,0.009324934166666667,0.019112016666666665,0.014718139333333333,3.973642999999999e-09,0.012369781666666666,0.011725203,0.024127509333333335,0.015709634666666666,0.011489959333333332,0.01136536,0.017634509333333333,0.015517691666666666,0.009016839666666667,0.012366791333333333,0.010476694533333334,0.003951670733333333,0.007683724,0.013594132666666666,0.014352053333333333,0.021870724666666667,0.0066305658333333335,0.011785765666666666,0.016035102000000002,0.0037788113333333336,0.012766139133333333,0.005824716999999999,0.026265203333333334,0.0065200288333333335,0.013156050333333332,0.007901469999999999,0.015484816000000002,0.011384793,0.006945991666666666,0.015314018666666667,0.0081352948,0.007472558666666666,0.016827766333333334,0.009823348,0.007367807666666667,0.01632558933333333,0.011706781333333334,0.003402260933333333,0.0071974176666666665,0.015544921,0.012590233666666667,0.007704373333333333,0.0104147752,0.009582122333333333,0.015425908666666667,0.016966859999999997,0.019999682999999997,0.010658778666666667,0.021080990666666667,0.018616640666666667,0.023866887666666666,0.028237895333333332,0.016848721,0.011856824,0.023742215,0.01723610133333333,0.019112016666666665,0.014718139333333333,0.024127509333333335,0.015709634666666666,0.017634509333333333,0.014352053333333333,0.021870724666666667,0.016035102000000002,0.026265203333333334,0.007367807666666667,0.01632558933333333,0.015425908666666667
9,0.013171939333333334,0.004352253666666667,0.0099647602,0.005087457000000001,0.00104158322,0.0121479212,0.0027310113,0.008891006333333335,0.011489959333333332,0.0,0.008883414666666667,0.010099097199999999,0.012267061000000001,0.005645084466666667,0.0023934443666666664,0.004921074733333333,0.0036890388000000002,0.024760344,0.0023678819,0.008292712866666666,0.019380466333333336,0.016190288333333334,0.018289762333333334,0.013144143333333332,0.0076615372000000004,0.020991140333333335,0.0017966231333333333,0.014551900000000001,0.019481797999999998,0.008092715333333333,0.021837905666666664,0.015288464333333333,0.01000786,0.007811742833333333,0.0059638798666666664,0.021604335666666665,0.020498248,0.022072213333333333,0.0010576943566666666,0.001723665,0.0031645755,0.001589324066666667,0.005469161333333333,0.0015052874333333333,0.0006665190000000001,0.0072297333333333335,0.012773472000000001,0.0013126036,0.002471019833333333,0.0018148362666666666,0.0017094055666666665,0.0020475645666666667,0.0057879151,0.002377571666666667,0.009069522233333332,0.0009573956333333334,0.012973280666666667,0.0020062645333333335,0.0106568018,0.011772936333333334,0.0010576943566666666,0.013171939333333334,0.017569806333333333,0.001723665,0.0031645755,0.02460482666666667,0.008292712866666666,0.001589324066666667,0.019380466333333336,0.016190288333333334,0.005469161333333333,0.004352253666666667,0.018172762999999998,0.0006448328333333334,0.0099647602,0.005087457000000001,0.0015052874333333333,0.018289762333333334,0.017013802333333335,0.00104158322,0.0121479212,0.0027310113,0.013144143333333332,0.007806140166666666,0.008891006333333335,0.014783183666666666,0.007756575,0.011489959333333332,0.0006665190000000001,0.0076615372000000004,0.02075837266666667,0.010410217666666666,0.0,0.0072297333333333335,0.013446174,0.012773472000000001,0.020991140333333335,0.0013126036,0.002471019833333333,0.008883414666666667,0.010099097199999999,0.0018148362666666666,0.007315594,0.018889075333333335,0.012267061000000001,0.0017966231333333333,0.008744671,0.014551900000000001,0.0017094055666666665,0.019481797999999998,0.022630206666666666,0.005645084466666667,0.0023934443666666664,0.0020475645666666667,0.0057879151,0.004921074733333333,0.008092715333333333,0.0036890388000000002,0.021837905666666664,0.015288464333333333,0.024760344,0.002377571666666667,0.008100811833333334,0.008267172166666666,0.0023678819,0.01000786,0.007811742833333333,0.009069522233333332,0.0009573956333333334,0.0059638798666666664,0.021604335666666665,0.020498248,0.009716664000000002,0.012973280666666667,0.022072213333333333,0.0020062645333333335,0.0106568018,0.011772936333333334,0.017569806333333333,0.02460482666666667,0.018172762999999998,0.0006448328333333334,0.017013802333333335,0.007806140166666666,0.014783183666666666,0.007756575,0.02075837266666667,0.010410217666666666,0.013446174,0.007315594,0.018889075333333335,0.008744671,0.022630206666666666,0.008100811833333334,0.008267172166666666,0.009716664000000002
10,0.004883178,0.0058223744,0.014230153999999998,0.011507143666666667,0.009267773466666665,0.003608707666666667,0.009802945333333334,0.006710328666666667,0.003951670733333333,0.008883414666666667,3.973642999999999e-09,0.0061984499999999994,0.0077820319999999995,0.0077710569,0.010866642000000001,0.009788249,0.014128954999999999,0.019628864,0.010528542666666666,0.007162030666666667,0.02800271433333333,0.006571187466666667,0.006398908333333333,0.013841945,0.012614089333333333,0.011581138666666668,0.008515338,0.005571564,0.0055930296666666665,0.0059734820666666666,0.011058177333333334,0.007508496533333334,0.004863558199999999,0.003973655,0.007427565333333334,0.014952780666666665,0.013324461333333334,0.022425186666666666,0.009449981,0.009530371333333334,0.009030860666666666,0.011055759666666666,0.008070282,0.009473856333333334,0.010120465333333332,0.011662974,0.017085902,0.009364907,0.009525589133333335,0.010816399499999999,0.010487961733333332,0.0054550806666666665,0.01505723,0.0073556145,0.014870371333333332,0.009330226833333333,0.016769027333333335,0.008197438666666666,0.020642127666666666,0.018886552666666667,0.009449981,0.004883178,0.024398773999999998,0.009530371333333334,0.009030860666666666,0.030502928333333335,0.007162030666666667,0.011055759666666666,0.02800271433333333,0.006571187466666667,0.008070282,0.0058223744,0.019073798333333333,0.008899712666666667,0.014230153999999998,0.011507143666666667,0.009473856333333334,0.006398908333333333,0.025679882666666664,0.009267773466666665,0.003608707666666667,0.009802945333333334,0.013841945,0.015952487666666668,0.006710328666666667,0.020592906,0.013914980666666667,0.003951670733333333,0.010120465333333332,0.012614089333333333,0.02491501,0.014764994333333333,0.008883414666666667,0.011662974,0.018875473666666663,0.017085902,0.011581138666666668,0.009364907,0.009525589133333335,3.973642999999999e-09,0.0061984499999999994,0.010816399499999999,0.012151595,0.025157507333333332,0.0077820319999999995,0.008515338,0.014217953333333333,0.005571564,0.010487961733333332,0.0055930296666666665,0.028588269999999995,0.0077710569,0.010866642000000001,0.0054550806666666665,0.01505723,0.009788249,0.0059734820666666666,0.014128954999999999,0.011058177333333334,0.007508496533333334,0.019628864,0.0073556145,0.008273955333333333,0.016396695,0.010528542666666666,0.004863558199999999,0.003973655,0.014870371333333332,0.009330226833333333,0.007427565333333334,0.014952780666666665,0.013324461333333334,0.01569021933333333,0.016769027333333335,0.022425186666666666,0.008197438666666666,0.020642127666666666,0.018886552666666667,0.024398773999999998,0.030502928333333335,0.019073798333333333,0.008899712666666667,0.025679882666666664,0.015952487666666668,0.020592906,0.013914980666666667,0.02491501,0.014764994333333333,0.018875473666666663,0.012151595,0.025157507333333332,0.014217953333333333,0.028588269999999995,0.008273955333333333,0.016396695,0.01569021933333333
11,0.0074914694,0.006610782999999999,0.011926481999999999,0.007762114,0.011723237999999999,0.007650631666666667,0.008009769466666667,0.004892496333333333,0.007683724,0.010099097199999999,0.0061984499999999994,3.973642999999999e-09,0.003387481,0.007179883999999999,0.014058767,0.006218906133333333,0.012129950333333334,0.012916477333333334,0.011029058666666668,0.005975451133333334,0.020467527666666666,0.011728453666666668,0.010587437866666667,0.008415693,0.008083242166666667,0.008158407666666668,0.011271794333333333,0.007071741533333333,0.011549810333333332,0.006694873333333333,0.01083073,0.006660946166666667,0.007616662999999999,0.0107031585,0.008123884666666668,0.012301886,0.011146680333333332,0.013666391333333335,0.012250918,0.010171711666666668,0.011095025333333335,0.011961966666666666,0.011120526,0.012685674333333334,0.010480346133333334,0.011428213,0.014436054,0.012540684333333333,0.008780082,0.013808338,0.010405013866666667,0.008890893,0.011005924333333332,0.011599191,0.015977418333333333,0.011298165666666667,0.010767006666666667,0.011148653333333333,0.014259529,0.015542900333333333,0.012250918,0.0074914694,0.016556427666666665,0.010171711666666668,0.011095025333333335,0.020435985333333333,0.005975451133333334,0.011961966666666666,0.020467527666666666,0.011728453666666668,0.011120526,0.006610782999999999,0.011303214333333334,0.010552589333333333,0.011926481999999999,0.007762114,0.012685674333333334,0.010587437866666667,0.016613461666666666,0.011723237999999999,0.007650631666666667,0.008009769466666667,0.008415693,0.010566602,0.004892496333333333,0.013738030333333333,0.00801907,0.007683724,0.010480346133333334,0.008083242166666667,0.018633234333333335,0.010961884,0.010099097199999999,0.011428213,0.010776670666666665,0.014436054,0.008158407666666668,0.012540684333333333,0.008780082,0.0061984499999999994,3.973642999999999e-09,0.013808338,0.008755906333333334,0.015782050333333335,0.003387481,0.011271794333333333,0.008554951333333333,0.007071741533333333,0.010405013866666667,0.011549810333333332,0.019592172,0.007179883999999999,0.014058767,0.008890893,0.011005924333333332,0.006218906133333333,0.006694873333333333,0.012129950333333334,0.01083073,0.006660946166666667,0.012916477333333334,0.011599191,0.006015221166666667,0.012901932000000001,0.011029058666666668,0.007616662999999999,0.0107031585,0.015977418333333333,0.011298165666666667,0.008123884666666668,0.012301886,0.011146680333333332,0.011555201,0.010767006666666667,0.013666391333333335,0.011148653333333333,0.014259529,0.015542900333333333,0.016556427666666665,0.020435985333333333,0.011303214333333334,0.010552589333333333,0.016613461666666666,0.010566602,0.013738030333333333,0.00801907,0.018633234333333335,0.010961884,0.010776670666666665,0.008755906333333334,0.015782050333333335,0.008554951333333333,0.019592172,0.006015221166666667,0.012901932000000001,0.011555201
