,omer_02.jpg,tal_05.jpg,omer_07.jpg,tal_06.jpg,omer_06.jpg,omer_08.jpg,tal_01.jpg,omer_03.jpg,tal_07.jpg,tal_03.jpg,omer_04.jpg,omer_10.jpg,tal_09.jpg,tal_02.jpg,tal_08.jpg,omer_09.jpg,tal_10.jpg,omer_05.jpg,tal_04.jpg,matt_04.jpg,dom_10.jpg,dom_05.jpg,matt_08.jpg,dom_04.jpg,matt_02.jpg,matt_07.jpg,matt_06.jpg,matt_05.jpg,dom_07.jpg,dom_03.jpg,matt_03.jpg,matt_01.jpg,dom_06.jpg,matt_10.jpg,dom_01.jpg,dom_09.jpg,matt_09.jpg,dom_02.jpg,tess_03.jpg,taz_06.jpg,taz_04.jpg,taz_03.jpg,tess_01.jpg,tess_07.jpg,tess_05.jpg,taz_05.jpg,tess_02.jpg,tess_09.jpg,tess_06.jpg,taz_07.jpg,taz_02.jpg,tess_04.jpg,taz_09.jpg,tess_08.jpg,taz_08.jpg,taz_01.jpg,tess_10.jpg,taz_10.jpg,marina_07.jpg,tamar_04.jpg,tess_03.jpg.1,omer_02.jpg.1,marina_04.jpg,taz_06.jpg.1,taz_04.jpg.1,marina_01.jpg,matt_04.jpg.1,taz_03.jpg.1,dom_10.jpg.1,dom_05.jpg.1,tess_01.jpg.1,tal_05.jpg.1,marina_06.jpg,tamar_09.jpg,omer_07.jpg.1,tal_06.jpg.1,tess_07.jpg.1,matt_08.jpg.1,marina_08.jpg,omer_06.jpg.1,omer_08.jpg.1,tal_01.jpg.1,dom_04.jpg.1,tamar_10.jpg,omer_03.jpg.1,tamar_02.jpg,tamar_05.jpg,tal_07.jpg.1,tess_05.jpg.1,matt_02.jpg.1,tamar_07.jpg,tamar_03.jpg,tal_03.jpg.1,taz_05.jpg.1,marina_09.jpg,tess_02.jpg.1,matt_07.jpg.1,tess_09.jpg.1,tess_06.jpg.1,omer_04.jpg.1,omer_10.jpg.1,taz_07.jpg.1,tamar_01.jpg,marina_10.jpg,tal_09.jpg.1,matt_06.jpg.1,tamar_06.jpg,matt_05.jpg.1,taz_02.jpg.1,dom_07.jpg.1,marina_05.jpg,tal_02.jpg.1,tal_08.jpg.1,tess_04.jpg.1,taz_09.jpg.1,omer_09.jpg.1,dom_03.jpg.1,tal_10.jpg.1,matt_03.jpg.1,matt_01.jpg.1,omer_05.jpg.1,tess_08.jpg.1,marina_02.jpg,marina_03.jpg,tal_04.jpg.1,dom_06.jpg.1,matt_10.jpg.1,taz_08.jpg.1,taz_01.jpg.1,dom_01.jpg.1,dom_09.jpg.1,matt_09.jpg.1,tamar_08.jpg,tess_10.jpg.1,dom_02.jpg.1,taz_10.jpg.1,marina_07.jpg.1,tamar_04.jpg.1,marina_04.jpg.1,marina_01.jpg.1,marina_06.jpg.1,tamar_09.jpg.1,marina_08.jpg.1,tamar_10.jpg.1,tamar_02.jpg.1,tamar_05.jpg.1,tamar_07.jpg.1,tamar_03.jpg.1,marina_09.jpg.1,tamar_01.jpg.1,marina_10.jpg.1,tamar_06.jpg.1,marina_05.jpg.1,marina_02.jpg.1,marina_03.jpg.1,tamar_08.jpg.1
0,0.0,0.0020344317,0.006319900466666667,0.005594148333333334,0.0030148088999999998,0.005512048833333333,0.0041364172,0.005550316933333333,0.0011607865333333332,0.004038882333333333,0.0016162077666666665,0.003216189033333333,0.012352760666666665,0.0011193891333333332,0.0024270534333333334,0.0039641459666666665,0.005338909133333333,0.016367393666666667,0.0019342382666666666,0.0007619917333333334,0.0045148552,0.004107387866666667,0.0025076647999999996,0.004386015666666667,0.004650493666666667,0.025648176666666668,0.0034843067333333337,0.0020172377666666666,0.0039142509333333336,0.004059296833333333,0.002083526033333333,0.006695868666666666,0.002773674333333333,0.0037785868333333333,0.0011403183333333336,0.0031395593333333333,0.0066747068,0.0063682695,0.004367385333333333,0.0032439311333333333,0.002530789333333333,0.0029585241666666663,0.0025956591,0.0030839006333333334,0.003439555533333333,0.004586104566666666,0.0028089742333333332,0.003163009866666666,0.0023270090333333336,0.0033583163999999998,0.0037011702333333333,0.011957673333333333,0.004918162133333333,0.0027791838,0.002523795766666667,0.004148324333333333,0.009745627733333333,0.0017733276,0.0057517131999999995,0.002985201266666667,0.004367385333333333,0.0,0.007566386333333334,0.0032439311333333333,0.002530789333333333,0.015532543333333334,0.0007619917333333334,0.0029585241666666663,0.0045148552,0.004107387866666667,0.0025956591,0.0020344317,0.012222995333333335,0.003437513166666667,0.006319900466666667,0.005594148333333334,0.0030839006333333334,0.0025076647999999996,0.008490657666666667,0.0030148088999999998,0.005512048833333333,0.0041364172,0.004386015666666667,0.006224520999999999,0.005550316933333333,0.004867396666666666,0.0044324279,0.0011607865333333332,0.003439555533333333,0.004650493666666667,0.0035062631333333334,0.003281754233333334,0.004038882333333333,0.004586104566666666,0.02260792633333333,0.0028089742333333332,0.025648176666666668,0.003163009866666666,0.0023270090333333336,0.0016162077666666665,0.003216189033333333,0.0033583163999999998,0.004373302133333334,0.012070934066666667,0.012352760666666665,0.0034843067333333337,0.005875114666666666,0.0020172377666666666,0.0037011702333333333,0.0039142509333333336,0.0085339505,0.0011193891333333332,0.0024270534333333334,0.011957673333333333,0.004918162133333333,0.0039641459666666665,0.004059296833333333,0.005338909133333333,0.002083526033333333,0.006695868666666666,0.016367393666666667,0.0027791838,0.010801325333333334,0.006858909233333333,0.0019342382666666666,0.002773674333333333,0.0037785868333333333,0.002523795766666667,0.004148324333333333,0.0011403183333333336,0.0031395593333333333,0.0066747068,0.002833835266666667,0.009745627733333333,0.0063682695,0.0017733276,0.0057517131999999995,0.002985201266666667,0.007566386333333334,0.015532543333333334,0.012222995333333335,0.003437513166666667,0.008490657666666667,0.006224520999999999,0.004867396666666666,0.0044324279,0.0035062631333333334,0.003281754233333334,0.02260792633333333,0.004373302133333334,0.012070934066666667,0.005875114666666666,0.0085339505,0.010801325333333334,0.006858909233333333,0.002833835266666667
1,0.0020344317,5.960464499999999e-09,0.008775977166666667,0.005953743,0.004246636233333333,0.007102870999999999,0.005304336666666667,0.007349743333333334,0.0029180009999999995,0.0051830411,0.0038743774666666667,0.003817745,0.011499583666666667,0.0014607766999999998,0.003234257333333333,0.004561382566666666,0.005294454200000001,0.017081878333333335,0.0026849608,0.0024616122,0.004429797433333333,0.006945578166666667,0.003802077,0.003020207033333333,0.006451815333333333,0.024125746666666666,0.0049218138,0.005423535833333332,0.006919890666666667,0.005966047533333334,0.003970782,0.008449045666666667,0.0056543012000000005,0.006675151999999999,0.0021894991333333337,0.0034061034333333334,0.0069731175,0.007114346999999999,0.005226087666666666,0.004594316066666667,0.0030930161333333336,0.0037925223666666666,0.0037368516666666666,0.004403424266666667,0.003943278433333333,0.0059820870000000005,0.0020320097333333333,0.0041870138,0.002951941866666667,0.0040775259,0.0045354645333333336,0.014218099666666668,0.004657445333333333,0.0037959178333333335,0.003691677266666666,0.004861070666666667,0.009417738666666668,0.003518575566666667,0.005580171,0.0030350725,0.005226087666666666,0.0020344317,0.006449707333333334,0.004594316066666667,0.0030930161333333336,0.012464533333333333,0.0024616122,0.0037925223666666666,0.004429797433333333,0.006945578166666667,0.0037368516666666666,5.960464499999999e-09,0.012051258666666669,0.004240858566666667,0.008775977166666667,0.005953743,0.004403424266666667,0.003802077,0.007843536133333334,0.004246636233333333,0.007102870999999999,0.005304336666666667,0.003020207033333333,0.0055672685333333334,0.007349743333333334,0.0034475921666666663,0.0049151280666666665,0.0029180009999999995,0.003943278433333333,0.006451815333333333,0.0036757726666666666,0.003771551466666667,0.0051830411,0.0059820870000000005,0.020962588,0.0020320097333333333,0.024125746666666666,0.0041870138,0.002951941866666667,0.0038743774666666667,0.003817745,0.0040775259,0.004594614,0.010342951666666666,0.011499583666666667,0.0049218138,0.005692517833333333,0.005423535833333332,0.0045354645333333336,0.006919890666666667,0.007559617333333333,0.0014607766999999998,0.003234257333333333,0.014218099666666668,0.004657445333333333,0.004561382566666666,0.005966047533333334,0.005294454200000001,0.003970782,0.008449045666666667,0.017081878333333335,0.0037959178333333335,0.010359315000000001,0.0069959779,0.0026849608,0.0056543012000000005,0.006675151999999999,0.003691677266666666,0.004861070666666667,0.0021894991333333337,0.0034061034333333334,0.0069731175,0.0027396222000000002,0.009417738666666668,0.007114346999999999,0.003518575566666667,0.005580171,0.0030350725,0.006449707333333334,0.012464533333333333,0.012051258666666669,0.004240858566666667,0.007843536133333334,0.0055672685333333334,0.0034475921666666663,0.0049151280666666665,0.0036757726666666666,0.003771551466666667,0.020962588,0.004594614,0.010342951666666666,0.005692517833333333,0.007559617333333333,0.010359315000000001,0.0069959779,0.0027396222000000002
2,0.006319900466666667,0.008775977166666667,3.973642999999999e-09,0.008862656333333333,0.008037968333333334,0.0074873367666666675,0.007777331233333335,0.005863696333333333,0.004813957333333333,0.010107547166666666,0.006085469333333333,0.006897654066666667,0.013029100333333333,0.009095164133333333,0.007537341166666667,0.006970685666666667,0.007245985666666666,0.009677398166666665,0.007406403666666667,0.0070252755,0.007838988333333333,0.0052469948999999995,0.004981291200000001,0.009567878666666666,0.004259083666666667,0.016908503,0.0054858108,0.0044984021999999995,0.009489129,0.0056884368,0.006351119166666667,0.006435752,0.006149049433333334,0.0035228769,0.008444647,0.010173894666666667,0.010654773333333334,0.0076189281,0.010012626666666666,0.008358091233333333,0.009184445866666667,0.009874105333333334,0.008494548133333333,0.0082339962,0.009431704066666666,0.0063625773333333335,0.009872659166666665,0.008724463,0.006586551666666667,0.010205300666666667,0.0091968476,0.0051036,0.009287097,0.008978253533333333,0.007846375333333332,0.010149784866666667,0.009722602333333333,0.007014171333333334,0.007097544333333333,0.007744221,0.010012626666666666,0.006319900466666667,0.009818859833333334,0.008358091233333333,0.009184445866666667,0.014587144,0.0070252755,0.009874105333333334,0.007838988333333333,0.0052469948999999995,0.008494548133333333,0.008775977166666667,0.010414316000000002,0.009477391,3.973642999999999e-09,0.008862656333333333,0.0082339962,0.004981291200000001,0.008048109199999999,0.008037968333333334,0.0074873367666666675,0.007777331233333335,0.009567878666666666,0.008707899,0.005863696333333333,0.009356121333333333,0.007983944666666668,0.004813957333333333,0.009431704066666666,0.004259083666666667,0.007961634666666667,0.008956180099999999,0.010107547166666666,0.0063625773333333335,0.014520655200000001,0.009872659166666665,0.016908503,0.008724463,0.006586551666666667,0.006085469333333333,0.006897654066666667,0.010205300666666667,0.0090886234,0.011859266,0.013029100333333333,0.0054858108,0.0073964417999999995,0.0044984021999999995,0.0091968476,0.009489129,0.009030421666666667,0.009095164133333333,0.007537341166666667,0.0051036,0.009287097,0.006970685666666667,0.0056884368,0.007245985666666666,0.006351119166666667,0.006435752,0.009677398166666665,0.008978253533333333,0.008868501833333335,0.006931636666666667,0.007406403666666667,0.006149049433333334,0.0035228769,0.007846375333333332,0.010149784866666667,0.008444647,0.010173894666666667,0.010654773333333334,0.009395372866666666,0.009722602333333333,0.0076189281,0.007014171333333334,0.007097544333333333,0.007744221,0.009818859833333334,0.014587144,0.010414316000000002,0.009477391,0.008048109199999999,0.008707899,0.009356121333333333,0.007983944666666668,0.007961634666666667,0.008956180099999999,0.014520655200000001,0.0090886234,0.011859266,0.0073964417999999995,0.009030421666666667,0.008868501833333335,0.006931636666666667,0.009395372866666666
3,0.005594148333333334,0.005953743,0.008862656333333333,3.973642999999999e-09,0.0027411659666666663,0.0017552276666666668,0.0009864529000000002,0.0020809332666666667,0.004970574333333333,0.0019746005333333336,0.003795212466666667,0.003065965533333333,0.012041463666666667,0.0052140772,0.004602029,0.002632760966666667,0.0037394006999999997,0.016876333333333333,0.0037064692666666666,0.005157087133333333,0.004221638,0.005849337466666668,0.009174986666666666,0.008431762666666667,0.006145541,0.027221560666666665,0.0044468701,0.005679921333333334,0.007144419333333333,0.0018322805666666664,0.006431265666666667,0.004022179033333333,0.0032368024000000006,0.006946007533333334,0.003888527533333333,0.007026453766666666,0.0111731192,0.0028758208,0.0021266778333333333,0.0016313831,0.0032688716,0.0027534643666666664,0.0024571816,0.0027622224,0.002368585266666667,0.0010130326,0.005083592733333334,0.0026932080666666664,0.003898487466666667,0.0028541167666666666,0.0016944527666666667,0.015611306833333335,0.0021802822666666666,0.0029647886666666666,0.003046751,0.002037435833333333,0.004353592766666667,0.0032561162999999995,0.0034866015333333334,0.0032586833,0.0021266778333333333,0.005594148333333334,0.0029108364333333336,0.0016313831,0.0032688716,0.012689171333333334,0.005157087133333333,0.0027534643666666664,0.004221638,0.005849337466666668,0.0024571816,0.005953743,0.012958566333333334,0.001892821,0.008862656333333333,3.973642999999999e-09,0.0027622224,0.009174986666666666,0.008016815,0.0027411659666666663,0.0017552276666666668,0.0009864529000000002,0.008431762666666667,0.0013361513333333334,0.0020809332666666667,0.004455280333333334,0.0010269641666666668,0.004970574333333333,0.002368585266666667,0.006145541,0.0014169494333333332,0.0021866520333333334,0.0019746005333333336,0.0010130326,0.021320337,0.005083592733333334,0.027221560666666665,0.0026932080666666664,0.003898487466666667,0.003795212466666667,0.003065965533333333,0.0028541167666666666,0.0016514321333333333,0.014318730333333333,0.012041463666666667,0.0044468701,0.0014122406666666665,0.005679921333333334,0.0016944527666666667,0.007144419333333333,0.008128054833333334,0.0052140772,0.004602029,0.015611306833333335,0.0021802822666666666,0.002632760966666667,0.0018322805666666664,0.0037394006999999997,0.006431265666666667,0.004022179033333333,0.016876333333333333,0.0029647886666666666,0.013896870666666667,0.0025672396,0.0037064692666666666,0.0032368024000000006,0.006946007533333334,0.003046751,0.002037435833333333,0.003888527533333333,0.007026453766666666,0.0111731192,0.0023783047666666667,0.004353592766666667,0.0028758208,0.0032561162999999995,0.0034866015333333334,0.0032586833,0.0029108364333333336,0.012689171333333334,0.012958566333333334,0.001892821,0.008016815,0.0013361513333333334,0.004455280333333334,0.0010269641666666668,0.0014169494333333332,0.0021866520333333334,0.021320337,0.0016514321333333333,0.014318730333333333,0.0014122406666666665,0.008128054833333334,0.013896870666666667,0.0025672396,0.0023783047666666667
4,0.0030148088999999998,0.004246636233333333,0.008037968333333334,0.0027411659666666663,0.0,0.004322693733333333,0.0015584985666666667,0.0048178931,0.0025490145333333333,0.0008440852166666667,0.0024933517,0.004665792,0.01649352533333333,0.0035924952,0.0011286914333333332,0.002410692,0.002771868266666667,0.021523620666666667,0.0008368512133333333,0.0036383370333333332,0.0038318394666666668,0.0051780601666666665,0.006764946333333333,0.008178524166666666,0.007317747666666667,0.030370509,0.0011371195266666667,0.0033669213666666664,0.0070547582,0.0029358346,0.005811139000000001,0.007601239333333333,0.0030886173333333333,0.004026329466666667,0.002261847333333333,0.007773935833333334,0.012649297999999998,0.007066536,0.0005772868866666667,0.0012705941999999997,0.0032409747666666665,0.0007795055666666667,0.0018877545666666667,0.0002812961733333333,0.0006719927000000001,0.002173815166666667,0.005248641833333333,0.0004540483333333333,0.0032584468666666667,0.00053634247,0.0015560090666666667,0.013785940833333333,0.0018842875999999999,0.00034977793333333337,0.0007270813233333334,0.0006410320666666667,0.009900832166666667,0.0005254646133333333,0.0032107630999999998,0.001358002433333333,0.0005772868866666667,0.0030148088999999998,0.007327105533333334,0.0012705941999999997,0.0032409747666666665,0.017164516333333334,0.0036383370333333332,0.0007795055666666667,0.0038318394666666668,0.0051780601666666665,0.0018877545666666667,0.004246636233333333,0.017549985666666667,0.0005235612333333333,0.008037968333333334,0.0027411659666666663,0.0002812961733333333,0.006764946333333333,0.009510074,0.0,0.004322693733333333,0.0015584985666666667,0.008178524166666666,0.0040931324,0.0048178931,0.005962264633333334,0.0032482346,0.0025490145333333333,0.0006719927000000001,0.007317747666666667,0.002503301733333333,0.0021151721333333333,0.0008440852166666667,0.002173815166666667,0.024828765666666665,0.005248641833333333,0.030370509,0.0004540483333333333,0.0032584468666666667,0.0024933517,0.004665792,0.00053634247,0.0039598922,0.0165076932,0.01649352533333333,0.0011371195266666667,0.0040461442,0.0033669213666666664,0.0015560090666666667,0.0070547582,0.011537156333333331,0.0035924952,0.0011286914333333332,0.013785940833333333,0.0018842875999999999,0.002410692,0.0029358346,0.002771868266666667,0.005811139000000001,0.007601239333333333,0.021523620666666667,0.00034977793333333337,0.016325708333333334,0.003827092933333333,0.0008368512133333333,0.0030886173333333333,0.004026329466666667,0.0007270813233333334,0.0006410320666666667,0.002261847333333333,0.007773935833333334,0.012649297999999998,0.0018453578666666668,0.009900832166666667,0.007066536,0.0005254646133333333,0.0032107630999999998,0.001358002433333333,0.007327105533333334,0.017164516333333334,0.017549985666666667,0.0005235612333333333,0.009510074,0.0040931324,0.005962264633333334,0.0032482346,0.002503301733333333,0.0021151721333333333,0.024828765666666665,0.0039598922,0.0165076932,0.0040461442,0.011537156333333331,0.016325708333333334,0.003827092933333333,0.0018453578666666668
5,0.005512048833333333,0.007102870999999999,0.0074873367666666675,0.0017552276666666668,0.004322693733333333,3.973642999999999e-09,0.0019181907333333333,0.00083462,0.004861211666666667,0.003480835833333333,0.0028725028,0.0029966394,0.0114022295,0.005809752166666667,0.006073691500000001,0.004166537666666667,0.006382274633333333,0.014225560333333333,0.005237843666666667,0.004825393333333333,0.006727318,0.003406324,0.008482446333333334,0.009698021333333334,0.005152217533333333,0.02707905366666667,0.005784167800000001,0.004329446999999999,0.0043372174,0.0012773990666666666,0.004592714666666666,0.0016669630999999999,0.001964241266666667,0.005816851166666666,0.004418903666666667,0.006415430733333334,0.009190267166666665,0.002316317966666667,0.004081839233333333,0.0024895966,0.0039757271,0.004437790333333333,0.002988817333333333,0.0040811757333333335,0.004515981666666667,0.001379964733333333,0.005798602133333333,0.004276263666666667,0.004873959166666666,0.004705397266666666,0.0031861265,0.014944219333333333,0.0050835808,0.004455176966666667,0.004416710199999999,0.0039353689,0.004723447533333333,0.004077992833333334,0.006251118666666666,0.005737217333333333,0.004081839233333333,0.005512048833333333,0.004655955200000001,0.0024895966,0.0039757271,0.015046234666666665,0.004825393333333333,0.004437790333333333,0.006727318,0.003406324,0.002988817333333333,0.007102870999999999,0.011701405,0.0036506136333333333,0.0074873367666666675,0.0017552276666666668,0.0040811757333333335,0.008482446333333334,0.010022878666666667,0.004322693733333333,3.973642999999999e-09,0.0019181907333333333,0.009698021333333334,0.0036286293333333336,0.00083462,0.006372479666666667,0.0020536482,0.004861211666666667,0.004515981666666667,0.005152217533333333,0.002876361166666667,0.0033942600666666666,0.003480835833333333,0.001379964733333333,0.022620696,0.005798602133333333,0.02707905366666667,0.004276263666666667,0.004873959166666666,0.0028725028,0.0029966394,0.004705397266666666,0.0022518873333333333,0.015559715,0.0114022295,0.005784167800000001,0.0031185427666666665,0.004329446999999999,0.0031861265,0.0043372174,0.008937764166666667,0.005809752166666667,0.006073691500000001,0.014944219333333333,0.0050835808,0.004166537666666667,0.0012773990666666666,0.006382274633333333,0.004592714666666666,0.0016669630999999999,0.014225560333333333,0.004455176966666667,0.012885107666666666,0.004469666999999999,0.005237843666666667,0.001964241266666667,0.005816851166666666,0.004416710199999999,0.0039353689,0.004418903666666667,0.006415430733333334,0.009190267166666665,0.004212182766666667,0.004723447533333333,0.002316317966666667,0.004077992833333334,0.006251118666666666,0.005737217333333333,0.004655955200000001,0.015046234666666665,0.011701405,0.0036506136333333333,0.010022878666666667,0.0036286293333333336,0.006372479666666667,0.0020536482,0.002876361166666667,0.0033942600666666666,0.022620696,0.0022518873333333333,0.015559715,0.0031185427666666665,0.008937764166666667,0.012885107666666666,0.004469666999999999,0.004212182766666667
6,0.0041364172,0.005304336666666667,0.007777331233333335,0.0009864529000000002,0.0015584985666666667,0.0019181907333333333,1.9868214999999996e-09,0.002339826066666667,0.003502255666666667,0.0012892584,0.0025696834000000003,0.0032190342666666666,0.012994138533333333,0.00432478,0.0032683928666666666,0.002167580566666667,0.0034129162333333333,0.017694219,0.0025526066666666665,0.003915292066666667,0.004079262333333333,0.004163617,0.007625869800000001,0.008281097999999999,0.0052318830000000005,0.02757833166666667,0.0027998825000000002,0.0037418445333333326,0.005847581333333333,0.0013123790333333335,0.005277474766666667,0.004249692,0.002119332533333333,0.005117486,0.0028862515666666665,0.0065879882666666665,0.010727150999999999,0.0037535746666666667,0.0014190931999999998,0.0010117908333333334,0.002772378933333333,0.0018636326,0.0018512646666666666,0.0016790390166666668,0.0016438961000000002,0.00080267985,0.0048137566,0.0016937752333333334,0.0033214688,0.001957247666666667,0.0014048417333333335,0.013887608,0.0020988544000000004,0.0018955826999999998,0.0019871155333333335,0.001359089233333333,0.006320776466666666,0.0019377112333333335,0.0032476584333333337,0.0027438243333333333,0.0014190931999999998,0.0041364172,0.0046525140333333334,0.0010117908333333334,0.002772378933333333,0.014625942666666666,0.003915292066666667,0.0018636326,0.004079262333333333,0.004163617,0.0018512646666666666,0.005304336666666667,0.013801839000000002,0.0011668205333333335,0.007777331233333335,0.0009864529000000002,0.0016790390166666668,0.007625869800000001,0.008283035,0.0015584985666666667,0.0019181907333333333,1.9868214999999996e-09,0.008281097999999999,0.0023970464999999996,0.002339826066666667,0.005033614333333334,0.0015137414333333335,0.003502255666666667,0.0016438961000000002,0.0052318830000000005,0.0018469452666666664,0.0020874361,0.0012892584,0.00080267985,0.02225345,0.0048137566,0.02757833166666667,0.0016937752333333334,0.0033214688,0.0025696834000000003,0.0032190342666666666,0.001957247666666667,0.0023711165,0.01472107553333333,0.012994138533333333,0.0027998825000000002,0.0025600056,0.0037418445333333326,0.0014048417333333335,0.005847581333333333,0.0090205392,0.00432478,0.0032683928666666666,0.013887608,0.0020988544000000004,0.002167580566666667,0.0013123790333333335,0.0034129162333333333,0.005277474766666667,0.004249692,0.017694219,0.0018955826999999998,0.013818228333333333,0.0025834202666666665,0.0025526066666666665,0.002119332533333333,0.005117486,0.0019871155333333335,0.001359089233333333,0.0028862515666666665,0.0065879882666666665,0.010727150999999999,0.0021622181,0.006320776466666666,0.0037535746666666667,0.0019377112333333335,0.0032476584333333337,0.0027438243333333333,0.0046525140333333334,0.014625942666666666,0.013801839000000002,0.0011668205333333335,0.008283035,0.0023970464999999996,0.005033614333333334,0.0015137414333333335,0.0018469452666666664,0.0020874361,0.02225345,0.0023711165,0.01472107553333333,0.0025600056,0.0090205392,0.013818228333333333,0.0025834202666666665,0.0021622181
7,0.005550316933333333,0.007349743333333334,0.005863696333333333,0.0020809332666666667,0.0048178931,0.00083462,0.002339826066666667,1.9868214999999996e-09,0.004568282666666667,0.004281163166666667,0.0029578109333333333,0.0025095661333333335,0.0094449799,0.006200500333333333,0.006684988833333333,0.0032490630000000004,0.005331687333333333,0.011639181666666665,0.005625117,0.004828472933333333,0.005612740866666666,0.003679281466666667,0.008021940833333333,0.008740929666666668,0.003987809,0.02394650766666667,0.005531456133333333,0.004135910766666666,0.005134689733333334,0.0016137937666666667,0.004486306533333333,0.0013275722666666666,0.002498718166666666,0.005450270500000001,0.005064600733333333,0.006369108,0.0085154176,0.0017923672999999999,0.004979816999999999,0.0031195839333333334,0.0044778147999999995,0.005332022833333333,0.003798602,0.0048025568,0.005101732333333333,0.0014946063333333333,0.006110831133333333,0.004882848166666666,0.004584831100000001,0.005715600633333334,0.0034645915,0.013003780333333333,0.004905237666666668,0.005361300666666667,0.004858642733333333,0.004794788333333333,0.0038768787999999997,0.0044173181666666665,0.005311966,0.005619259666666667,0.004979816999999999,0.005550316933333333,0.004098924,0.0031195839333333334,0.0044778147999999995,0.013206332999999999,0.004828472933333333,0.005332022833333333,0.005612740866666666,0.003679281466666667,0.003798602,0.007349743333333334,0.0097843368,0.004346126333333334,0.005863696333333333,0.0020809332666666667,0.0048025568,0.008021940833333333,0.0077328683333333335,0.0048178931,0.00083462,0.002339826066666667,0.008740929666666668,0.0031275192666666662,1.9868214999999996e-09,0.005778590833333334,0.0018799702333333332,0.004568282666666667,0.005101732333333333,0.003987809,0.0031223495666666667,0.0042276145,0.004281163166666667,0.0014946063333333333,0.019497940666666665,0.006110831133333333,0.02394650766666667,0.004882848166666666,0.004584831100000001,0.0029578109333333333,0.0025095661333333335,0.005715600633333334,0.0029213348666666666,0.013341593333333335,0.0094449799,0.005531456133333333,0.002346917,0.004135910766666666,0.0034645915,0.005134689733333334,0.007356155,0.006200500333333333,0.006684988833333333,0.013003780333333333,0.004905237666666668,0.0032490630000000004,0.0016137937666666667,0.005331687333333333,0.004486306533333333,0.0013275722666666666,0.011639181666666665,0.005361300666666667,0.010757142333333332,0.0036607344666666672,0.005625117,0.002498718166666666,0.005450270500000001,0.004858642733333333,0.004794788333333333,0.005064600733333333,0.006369108,0.0085154176,0.004822208333333333,0.0038768787999999997,0.0017923672999999999,0.0044173181666666665,0.005311966,0.005619259666666667,0.004098924,0.013206332999999999,0.0097843368,0.004346126333333334,0.0077328683333333335,0.0031275192666666662,0.005778590833333334,0.0018799702333333332,0.0031223495666666667,0.0042276145,0.019497940666666665,0.0029213348666666666,0.013341593333333335,0.002346917,0.007356155,0.010757142333333332,0.0036607344666666672,0.004822208333333333
8,0.0011607865333333332,0.0029180009999999995,0.004813957333333333,0.004970574333333333,0.0025490145333333333,0.004861211666666667,0.003502255666666667,0.004568282666666667,0.0,0.0038795709666666666,0.0016038656333333332,0.0034886360000000003,0.0114833116,0.0024140795333333336,0.0022884905333333335,0.002716881033333333,0.0036474584333333337,0.015043123333333333,0.0018107771999999998,0.0017768581666666667,0.0035685777,0.003793482,0.0031749764333333336,0.004862135633333333,0.0038973610000000002,0.023541534,0.0021961888333333333,0.0017529924666666666,0.005434830866666666,0.0032828053000000007,0.0028826157666666666,0.005975101333333333,0.0026893179,0.0027165452666666665,0.001981508733333333,0.004510184166666667,0.007930914466666666,0.0060232540000000005,0.004072030333333333,0.003214095,0.0032787065666666664,0.003203938433333333,0.0029490708666666666,0.0028406699,0.0032175461,0.0035915752666666667,0.003940188866666667,0.0030403077666666667,0.0023409605,0.0035317997666666667,0.0035877188,0.009947252133333332,0.003973613,0.0027432243,0.0023874183333333337,0.0039069254,0.008762248500000002,0.0016691963333333333,0.004273533766666667,0.0023322701333333335,0.004072030333333333,0.0011607865333333332,0.007022697,0.003214095,0.0032787065666666664,0.01418616,0.0017768581666666667,0.003203938433333333,0.0035685777,0.003793482,0.0029490708666666666,0.0029180009999999995,0.011795942,0.0031179347999999996,0.004813957333333333,0.004970574333333333,0.0028406699,0.0031749764333333336,0.006609587,0.0025490145333333333,0.004861211666666667,0.003502255666666667,0.004862135633333333,0.005054078533333333,0.004568282666666667,0.004424818433333333,0.0038118938666666666,0.0,0.0032175461,0.0038973610000000002,0.003337357433333333,0.0036438882,0.0038795709666666666,0.0035915752666666667,0.019867114333333335,0.003940188866666667,0.023541534,0.0030403077666666667,0.0023409605,0.0016038656333333332,0.0034886360000000003,0.0035317997666666667,0.0046542128,0.011315119099999998,0.0114833116,0.0021961888333333333,0.004762109,0.0017529924666666666,0.0035877188,0.005434830866666666,0.007913563666666667,0.0024140795333333336,0.0022884905333333335,0.009947252133333332,0.003973613,0.002716881033333333,0.0032828053000000007,0.0036474584333333337,0.0028826157666666666,0.005975101333333333,0.015043123333333333,0.0027432243,0.00998797,0.004698703666666667,0.0018107771999999998,0.0026893179,0.0027165452666666665,0.0023874183333333337,0.0039069254,0.001981508733333333,0.004510184166666667,0.007930914466666666,0.0028409461999999996,0.008762248500000002,0.0060232540000000005,0.0016691963333333333,0.004273533766666667,0.0023322701333333335,0.007022697,0.01418616,0.011795942,0.0031179347999999996,0.006609587,0.005054078533333333,0.004424818433333333,0.0038118938666666666,0.003337357433333333,0.0036438882,0.019867114333333335,0.0046542128,0.011315119099999998,0.004762109,0.007913563666666667,0.00998797,0.004698703666666667,0.0028409461999999996
9,0.004038882333333333,0.0051830411,0.010107547166666666,0.0019746005333333336,0.0008440852166666667,0.003480835833333333,0.0012892584,0.004281163166666667,0.0038795709666666666,1.9868214999999996e-09,0.0025952378666666666,0.0045360326999999995,0.015819235666666667,0.003929599166666667,0.0025691211333333333,0.0024534126,0.003658044333333333,0.02205008466666667,0.0019167960000000003,0.00383509,0.004122378433333333,0.005790017,0.008865386333333333,0.008977908,0.007372450666666667,0.03225600766666667,0.0029205481333333333,0.0045121728666666664,0.006554194333333333,0.0031166076666666667,0.006150519833333334,0.007233816333333334,0.0029614845333333336,0.0060370008,0.0022977471333333332,0.007438864133333333,0.012533702333333334,0.0060401199999999995,0.00035023490666666665,0.0007368981833333334,0.0021945874,0.0005525728133333334,0.0012453914000000001,0.0008940478,0.000475957,0.001995172066666667,0.0049376805,0.0005580683533333333,0.0031189938,0.0005663355233333333,0.0005926946666666668,0.015532322666666666,0.0015602271,0.0009363889666666667,0.00103118618,0.00027397871,0.009263553466666666,0.0012249291,0.0036334832333333334,0.0020548105333333335,0.00035023490666666665,0.004038882333333333,0.006333821899999999,0.0007368981833333334,0.0021945874,0.017185195333333333,0.00383509,0.0005525728133333334,0.004122378433333333,0.005790017,0.0012453914000000001,0.0051830411,0.017409443666666666,0.0005781432,0.010107547166666666,0.0019746005333333336,0.0008940478,0.008865386333333333,0.010215884666666668,0.0008440852166666667,0.003480835833333333,0.0012892584,0.008977908,0.0036720634000000003,0.004281163166666667,0.0057225110000000004,0.0023850063666666665,0.0038795709666666666,0.000475957,0.007372450666666667,0.0020110865333333333,0.00161793625,1.9868214999999996e-09,0.001995172066666667,0.02677034333333333,0.0049376805,0.03225600766666667,0.0005580683533333333,0.0031189938,0.0025952378666666666,0.0045360326999999995,0.0005663355233333333,0.0029610157000000002,0.017355247,0.015819235666666667,0.0029205481333333333,0.0036970794,0.0045121728666666664,0.0005926946666666668,0.006554194333333333,0.011219732000000001,0.003929599166666667,0.0025691211333333333,0.015532322666666666,0.0015602271,0.0024534126,0.0031166076666666667,0.003658044333333333,0.006150519833333334,0.007233816333333334,0.02205008466666667,0.0009363889666666667,0.016833055,0.0041540146666666665,0.0019167960000000003,0.0029614845333333336,0.0060370008,0.00103118618,0.00027397871,0.0022977471333333332,0.007438864133333333,0.012533702333333334,0.0015420278000000001,0.009263553466666666,0.0060401199999999995,0.0012249291,0.0036334832333333334,0.0020548105333333335,0.006333821899999999,0.017185195333333333,0.017409443666666666,0.0005781432,0.010215884666666668,0.0036720634000000003,0.0057225110000000004,0.0023850063666666665,0.0020110865333333333,0.00161793625,0.02677034333333333,0.0029610157000000002,0.017355247,0.0036970794,0.011219732000000001,0.016833055,0.0041540146666666665,0.0015420278000000001
10,0.0016162077666666665,0.0038743774666666667,0.006085469333333333,0.003795212466666667,0.0024933517,0.0028725028,0.0025696834000000003,0.0029578109333333333,0.0016038656333333332,0.0025952378666666666,0.0,0.0022438963333333336,0.011928709466666668,0.0028548439,0.0031084895333333335,0.0027572989333333334,0.005076350666666666,0.015951832,0.0025244494000000004,0.0013202707000000001,0.004864982666666667,0.0024463851999999998,0.004809896333333333,0.006850745333333334,0.003649393766666667,0.027437551999999997,0.0033450702666666665,0.0015048166000000002,0.0030690789,0.002767398,0.0022874196666666665,0.004586341,0.0011521180333333334,0.0028892775666666667,0.0014416356666666667,0.0044617792333333335,0.007740102,0.004593942566666667,0.0032897631,0.0016852577666666667,0.0020323058,0.002497909466666667,0.0014001449,0.0025434453333333332,0.0028205335,0.002535653133333333,0.003890160666666666,0.0023750523666666665,0.002157851,0.002941405866666667,0.002311495933333333,0.011484573333333333,0.004145761333333334,0.002544760766666667,0.0019167184666666669,0.0029396852,0.008479970766666668,0.0014408012333333334,0.005019853466666667,0.003328073,0.0032897631,0.0016162077666666665,0.006668851833333334,0.0016852577666666667,0.0020323058,0.016266431333333334,0.0013202707000000001,0.002497909466666667,0.004864982666666667,0.0024463851999999998,0.0014001449,0.0038743774666666667,0.012278792666666668,0.002696776433333333,0.006085469333333333,0.003795212466666667,0.0025434453333333332,0.004809896333333333,0.008942933999999998,0.0024933517,0.0028725028,0.0025696834000000003,0.006850745333333334,0.005074848733333333,0.0029578109333333333,0.0052705188,0.002867297333333333,0.0016038656333333332,0.0028205335,0.003649393766666667,0.002376924,0.0021737277,0.0025952378666666666,0.002535653133333333,0.023895736666666667,0.003890160666666666,0.027437551999999997,0.0023750523666666665,0.002157851,0.0,0.0022438963333333336,0.002941405866666667,0.0030008515,0.014261676666666667,0.011928709466666668,0.0033450702666666665,0.004377446666666667,0.0015048166000000002,0.002311495933333333,0.0030690789,0.008676099666666666,0.0028548439,0.0031084895333333335,0.011484573333333333,0.004145761333333334,0.0027572989333333334,0.002767398,0.005076350666666666,0.0022874196666666665,0.004586341,0.015951832,0.002544760766666667,0.011349751666666666,0.005536353466666667,0.0025244494000000004,0.0011521180333333334,0.0028892775666666667,0.0019167184666666669,0.0029396852,0.0014416356666666667,0.0044617792333333335,0.007740102,0.0025466263333333333,0.008479970766666668,0.004593942566666667,0.0014408012333333334,0.005019853466666667,0.003328073,0.006668851833333334,0.016266431333333334,0.012278792666666668,0.002696776433333333,0.008942933999999998,0.005074848733333333,0.0052705188,0.002867297333333333,0.002376924,0.0021737277,0.023895736666666667,0.0030008515,0.014261676666666667,0.004377446666666667,0.008676099666666666,0.011349751666666666,0.005536353466666667,0.0025466263333333333
11,0.003216189033333333,0.003817745,0.006897654066666667,0.003065965533333333,0.004665792,0.0029966394,0.0032190342666666666,0.0025095661333333335,0.0034886360000000003,0.0045360326999999995,0.0022438963333333336,1.9868214999999996e-09,0.008264114666666666,0.0033865312666666665,0.005630139666666667,0.003003201866666667,0.005130871166666667,0.0124403,0.004447358833333333,0.0026139676666666668,0.0044405639,0.004751994133333334,0.0054720640000000004,0.005146334666666667,0.003689915,0.023328411,0.005526886333333333,0.004024048666666667,0.004721975233333333,0.0032571593333333335,0.003356399266666666,0.0035163402000000002,0.0031095186666666667,0.005737255,0.0031234701666666667,0.0036969762,0.006425255666666667,0.0028339465666666667,0.005297037000000001,0.0032273132333333334,0.0028420488333333336,0.004449721133333333,0.0030789315666666663,0.004718097133333333,0.004483922333333334,0.0032121936666666667,0.0036232451,0.0044540504666666664,0.002927752333333333,0.004987808,0.0033318538333333334,0.013535511333333333,0.0045271278,0.004612608766666667,0.00407119,0.004697608933333333,0.005027272233333334,0.0037632623333333334,0.005204701333333334,0.004369074133333333,0.005297037000000001,0.003216189033333333,0.0037708639999999996,0.0032273132333333334,0.0028420488333333336,0.011603713,0.0026139676666666668,0.004449721133333333,0.0044405639,0.004751994133333334,0.0030789315666666663,0.003817745,0.0086418252,0.004053558933333334,0.006897654066666667,0.003065965533333333,0.004718097133333333,0.0054720640000000004,0.006809977666666666,0.004665792,0.0029966394,0.0032190342666666666,0.005146334666666667,0.00327155,0.0025095661333333335,0.0037140747333333337,0.0022729834,0.0034886360000000003,0.004483922333333334,0.003689915,0.0024159213333333337,0.0033090710666666668,0.0045360326999999995,0.0032121936666666667,0.019535656666666668,0.0036232451,0.023328411,0.0044540504666666664,0.002927752333333333,0.0022438963333333336,1.9868214999999996e-09,0.004987808,0.0026253501333333333,0.010783682333333332,0.008264114666666666,0.005526886333333333,0.0027687648333333333,0.004024048666666667,0.0033318538333333334,0.004721975233333333,0.005830911666666666,0.0033865312666666665,0.005630139666666667,0.013535511333333333,0.0045271278,0.003003201866666667,0.0032571593333333335,0.005130871166666667,0.003356399266666666,0.0035163402000000002,0.0124403,0.004612608766666667,0.009279316666666667,0.005194260666666667,0.004447358833333333,0.0031095186666666667,0.005737255,0.00407119,0.004697608933333333,0.0031234701666666667,0.0036969762,0.006425255666666667,0.003468392266666667,0.005027272233333334,0.0028339465666666667,0.0037632623333333334,0.005204701333333334,0.004369074133333333,0.0037708639999999996,0.011603713,0.0086418252,0.004053558933333334,0.006809977666666666,0.00327155,0.0037140747333333337,0.0022729834,0.0024159213333333337,0.0033090710666666668,0.019535656666666668,0.0026253501333333333,0.010783682333333332,0.0027687648333333333,0.005830911666666666,0.009279316666666667,0.005194260666666667,0.003468392266666667
