,omer_02.jpg,tal_05.jpg,omer_07.jpg,tal_06.jpg,omer_06.jpg,omer_08.jpg,tal_01.jpg,omer_03.jpg,tal_07.jpg,tal_03.jpg,omer_04.jpg,omer_10.jpg,tal_09.jpg,tal_02.jpg,tal_08.jpg,omer_09.jpg,tal_10.jpg,omer_05.jpg,tal_04.jpg,matt_04.jpg,dom_10.jpg,dom_05.jpg,matt_08.jpg,dom_04.jpg,matt_02.jpg,matt_07.jpg,matt_06.jpg,matt_05.jpg,dom_07.jpg,dom_03.jpg,matt_03.jpg,matt_01.jpg,dom_06.jpg,matt_10.jpg,dom_01.jpg,dom_09.jpg,matt_09.jpg,dom_02.jpg,tess_03.jpg,taz_06.jpg,taz_04.jpg,taz_03.jpg,tess_01.jpg,tess_07.jpg,tess_05.jpg,taz_05.jpg,tess_02.jpg,tess_09.jpg,tess_06.jpg,taz_07.jpg,taz_02.jpg,tess_04.jpg,taz_09.jpg,tess_08.jpg,taz_08.jpg,taz_01.jpg,tess_10.jpg,taz_10.jpg,marina_07.jpg,tamar_04.jpg,tess_03.jpg.1,omer_02.jpg.1,marina_04.jpg,taz_06.jpg.1,taz_04.jpg.1,marina_01.jpg,matt_04.jpg.1,taz_03.jpg.1,dom_10.jpg.1,dom_05.jpg.1,tess_01.jpg.1,tal_05.jpg.1,marina_06.jpg,tamar_09.jpg,omer_07.jpg.1,tal_06.jpg.1,tess_07.jpg.1,matt_08.jpg.1,marina_08.jpg,omer_06.jpg.1,omer_08.jpg.1,tal_01.jpg.1,dom_04.jpg.1,tamar_10.jpg,omer_03.jpg.1,tamar_02.jpg,tamar_05.jpg,tal_07.jpg.1,tess_05.jpg.1,matt_02.jpg.1,tamar_07.jpg,tamar_03.jpg,tal_03.jpg.1,taz_05.jpg.1,marina_09.jpg,tess_02.jpg.1,matt_07.jpg.1,tess_09.jpg.1,tess_06.jpg.1,omer_04.jpg.1,omer_10.jpg.1,taz_07.jpg.1,tamar_01.jpg,marina_10.jpg,tal_09.jpg.1,matt_06.jpg.1,tamar_06.jpg,matt_05.jpg.1,taz_02.jpg.1,dom_07.jpg.1,marina_05.jpg,tal_02.jpg.1,tal_08.jpg.1,tess_04.jpg.1,taz_09.jpg.1,omer_09.jpg.1,dom_03.jpg.1,tal_10.jpg.1,matt_03.jpg.1,matt_01.jpg.1,omer_05.jpg.1,tess_08.jpg.1,marina_02.jpg,marina_03.jpg,tal_04.jpg.1,dom_06.jpg.1,matt_10.jpg.1,taz_08.jpg.1,taz_01.jpg.1,dom_01.jpg.1,dom_09.jpg.1,matt_09.jpg.1,tamar_08.jpg,tess_10.jpg.1,dom_02.jpg.1,taz_10.jpg.1,marina_07.jpg.1,tamar_04.jpg.1,marina_04.jpg.1,marina_01.jpg.1,marina_06.jpg.1,tamar_09.jpg.1,marina_08.jpg.1,tamar_10.jpg.1,tamar_02.jpg.1,tamar_05.jpg.1,tamar_07.jpg.1,tamar_03.jpg.1,marina_09.jpg.1,tamar_01.jpg.1,marina_10.jpg.1,tamar_06.jpg.1,marina_05.jpg.1,marina_02.jpg.1,marina_03.jpg.1,tamar_08.jpg.1
0,1.9868214999999996e-09,0.019581345666666663,0.021409378333333336,0.022874975,0.017426058,0.01661997633333333,0.019521816333333334,0.02035458266666667,0.016176367,0.020964863,0.010155713666666667,0.017786453333333334,0.02296419566666667,0.011450862666666665,0.021532714,0.019022671333333335,0.022861598333333337,0.020943435,0.016867411,0.013261959999999998,0.018554016,0.021800395000000004,0.016081070666666666,0.014064488666666668,0.019305191333333336,0.025593873,0.019944503,0.017832748000000002,0.01986141,0.01862830733333333,0.01988763,0.023014728333333335,0.015065761333333335,0.020653996999999997,0.010514249333333333,0.010100408333333333,0.018081875666666667,0.019283830666666665,0.019987475666666667,0.024035143999999998,0.021674009,0.022939684000000002,0.023275192666666666,0.018948986,0.023938902333333335,0.025205280333333337,0.020860843333333334,0.022300832,0.018668802666666665,0.021980043333333334,0.023592388666666665,0.024780591,0.021980841999999997,0.021545460000000002,0.022497366,0.020612969333333335,0.022773792333333334,0.01842431066666667,0.027613036666666667,0.019355791666666667,0.019987475666666667,1.9868214999999996e-09,0.02196235466666667,0.024035143999999998,0.021674009,0.030794341333333333,0.013261959999999998,0.022939684000000002,0.018554016,0.021800395000000004,0.023275192666666666,0.019581345666666663,0.024662059333333333,0.01926586066666667,0.021409378333333336,0.022874975,0.018948986,0.016081070666666666,0.024950915333333334,0.017426058,0.01661997633333333,0.019521816333333334,0.014064488666666668,0.023391364,0.02035458266666667,0.021342996666666666,0.024400023666666666,0.016176367,0.023938902333333335,0.019305191333333336,0.024163665,0.027502711333333336,0.020964863,0.025205280333333337,0.026450631999999998,0.020860843333333334,0.025593873,0.022300832,0.018668802666666665,0.010155713666666667,0.017786453333333334,0.021980043333333334,0.025545460000000002,0.017272130333333337,0.02296419566666667,0.019944503,0.025885727000000004,0.017832748000000002,0.023592388666666665,0.01986141,0.022087886,0.011450862666666665,0.021532714,0.024780591,0.021980841999999997,0.019022671333333335,0.01862830733333333,0.022861598333333337,0.01988763,0.023014728333333335,0.020943435,0.021545460000000002,0.023181116666666668,0.022510123333333333,0.016867411,0.015065761333333335,0.020653996999999997,0.022497366,0.020612969333333335,0.010514249333333333,0.010100408333333333,0.018081875666666667,0.024998543333333335,0.022773792333333334,0.019283830666666665,0.01842431066666667,0.027613036666666667,0.019355791666666667,0.02196235466666667,0.030794341333333333,0.024662059333333333,0.01926586066666667,0.024950915333333334,0.023391364,0.021342996666666666,0.024400023666666666,0.024163665,0.027502711333333336,0.026450631999999998,0.025545460000000002,0.017272130333333337,0.025885727000000004,0.022087886,0.023181116666666668,0.022510123333333333,0.024998543333333335
1,0.019581345666666663,3.973642999999999e-09,0.022480271,0.02700776833333333,0.027288678666666667,0.024733960333333336,0.028080789333333335,0.023937799333333332,0.02372297233333333,0.022947144333333332,0.020005585666666666,0.021950074,0.016751396666666665,0.020658377999999998,0.027750709,0.019441133666666666,0.025559083666666666,0.020733335000000002,0.024264626,0.027174808333333335,0.027121289333333336,0.029858708666666667,0.028460659333333336,0.017744461666666666,0.03151565766666667,0.025798626666666664,0.026897248999999998,0.031227670333333332,0.03176865266666667,0.031104831333333336,0.033035536,0.03479372333333333,0.02846424,0.03131050566666667,0.02118111,0.021049342333333335,0.025834520666666663,0.028844188,0.026689169999999998,0.029835262666666664,0.026771782,0.029129356000000002,0.026816393666666667,0.029079166666666666,0.02643389866666667,0.032015102999999996,0.028075488666666662,0.029757537333333337,0.021269394666666663,0.03135851866666666,0.025057180666666668,0.025008320666666663,0.028603956666666666,0.03000416166666666,0.030196526,0.027959446,0.029118269333333332,0.030030477333333336,0.027566977333333336,0.02900542,0.026689169999999998,0.019581345666666663,0.029599778,0.029835262666666664,0.026771782,0.027096057000000003,0.027174808333333335,0.029129356000000002,0.027121289333333336,0.029858708666666667,0.026816393666666667,3.973642999999999e-09,0.023010847666666667,0.029325658666666667,0.022480271,0.02700776833333333,0.029079166666666666,0.028460659333333336,0.02669643533333333,0.027288678666666667,0.024733960333333336,0.028080789333333335,0.017744461666666666,0.026020571,0.023937799333333332,0.023741209333333332,0.027236052666666666,0.02372297233333333,0.02643389866666667,0.03151565766666667,0.028894424666666665,0.027531774666666668,0.022947144333333332,0.032015102999999996,0.030272575666666666,0.028075488666666662,0.025798626666666664,0.029757537333333337,0.021269394666666663,0.020005585666666666,0.021950074,0.03135851866666666,0.027922837,0.021580473333333336,0.016751396666666665,0.026897248999999998,0.027097181333333335,0.031227670333333332,0.025057180666666668,0.03176865266666667,0.023632748666666665,0.020658377999999998,0.027750709,0.025008320666666663,0.028603956666666666,0.019441133666666666,0.031104831333333336,0.025559083666666666,0.033035536,0.03479372333333333,0.020733335000000002,0.03000416166666666,0.020239599333333334,0.027935789333333336,0.024264626,0.02846424,0.03131050566666667,0.030196526,0.027959446,0.02118111,0.021049342333333335,0.025834520666666663,0.027668549666666667,0.029118269333333332,0.028844188,0.030030477333333336,0.027566977333333336,0.02900542,0.029599778,0.027096057000000003,0.023010847666666667,0.029325658666666667,0.02669643533333333,0.026020571,0.023741209333333332,0.027236052666666666,0.028894424666666665,0.027531774666666668,0.030272575666666666,0.027922837,0.021580473333333336,0.027097181333333335,0.023632748666666665,0.020239599333333334,0.027935789333333336,0.027668549666666667
2,0.021409378333333336,0.022480271,3.973642999999999e-09,0.016968918,0.017697600333333334,0.015840562,0.02147997633333333,0.014184194666666669,0.028287951333333332,0.017272577666666667,0.017179131333333333,0.018897209666666668,0.026452479666666664,0.021290074,0.02489724533333333,0.014082545,0.014494228333333333,0.012902847333333332,0.018883377333333333,0.025305896666666668,0.0224727615,0.033556443333333325,0.029075743333333334,0.0250398,0.025739673666666667,0.028924371999999997,0.019007664666666663,0.03283954666666667,0.03707712866666667,0.025686812333333333,0.030409250000000002,0.035543072333333335,0.027815616666666668,0.03244364333333334,0.021048319333333333,0.021339416333333337,0.027596841333333334,0.02296738233333333,0.016545081333333333,0.02365585766666667,0.026701574,0.023604256,0.01942690866666667,0.027147018999999998,0.016695026999999998,0.022985116333333333,0.02555105666666667,0.023369979666666665,0.014728715,0.028038273333333332,0.016969599000000002,0.035078732333333335,0.020485991333333335,0.024797650333333334,0.025896159666666665,0.02269947333333333,0.023071390333333334,0.024938652999999998,0.017703869333333334,0.023758329666666668,0.016545081333333333,0.021409378333333336,0.02467306566666667,0.02365585766666667,0.026701574,0.022399258333333335,0.025305896666666668,0.023604256,0.0224727615,0.033556443333333325,0.01942690866666667,0.022480271,0.025971170666666668,0.023803955333333335,3.973642999999999e-09,0.016968918,0.027147018999999998,0.029075743333333334,0.02063807833333333,0.017697600333333334,0.015840562,0.02147997633333333,0.0250398,0.020361632,0.014184194666666669,0.02047015866666667,0.020513199,0.028287951333333332,0.016695026999999998,0.025739673666666667,0.02336965066666667,0.022518805666666666,0.017272577666666667,0.022985116333333333,0.027974677000000003,0.02555105666666667,0.028924371999999997,0.023369979666666665,0.014728715,0.017179131333333333,0.018897209666666668,0.028038273333333332,0.023656338666666665,0.017401887666666668,0.026452479666666664,0.019007664666666663,0.016297827,0.03283954666666667,0.016969599000000002,0.03707712866666667,0.017521041666666667,0.021290074,0.02489724533333333,0.035078732333333335,0.020485991333333335,0.014082545,0.025686812333333333,0.014494228333333333,0.030409250000000002,0.035543072333333335,0.012902847333333332,0.024797650333333334,0.024089829333333333,0.022207844333333334,0.018883377333333333,0.027815616666666668,0.03244364333333334,0.025896159666666665,0.02269947333333333,0.021048319333333333,0.021339416333333337,0.027596841333333334,0.020612962999999998,0.023071390333333334,0.02296738233333333,0.024938652999999998,0.017703869333333334,0.023758329666666668,0.02467306566666667,0.022399258333333335,0.025971170666666668,0.023803955333333335,0.02063807833333333,0.020361632,0.02047015866666667,0.020513199,0.02336965066666667,0.022518805666666666,0.027974677000000003,0.023656338666666665,0.017401887666666668,0.016297827,0.017521041666666667,0.024089829333333333,0.022207844333333334,0.020612962999999998
3,0.022874975,0.02700776833333333,0.016968918,1.9868214999999996e-09,0.012556964,0.02026548766666667,0.014682549333333333,0.015346133666666666,0.03312193733333333,0.0086825965,0.024614008333333333,0.016372626666666664,0.03300592833333334,0.024421268333333333,0.027756658666666666,0.022361698,0.017681577,0.022122868,0.018380721666666665,0.019038579666666666,0.020888861333333335,0.036090018333333335,0.027959350666666667,0.02427683866666667,0.020831229,0.03513513233333333,0.019564509,0.03243342266666667,0.03630058,0.023959603,0.032219954333333335,0.03164255433333333,0.025293720000000002,0.034659066,0.014779440666666668,0.02401494,0.03258683466666667,0.014610942333333331,0.011773045666666667,0.017135260666666666,0.022772137000000005,0.019644769000000003,0.021366312,0.027098806666666666,0.016308416666666666,0.019399402,0.022236665333333332,0.0187039455,0.013486190666666667,0.020623032333333333,0.015507437666666667,0.04077768666666667,0.016938493666666665,0.023286321,0.02050364766666667,0.013846244666666667,0.012800179,0.022147017666666668,0.017140829333333333,0.019895065,0.011773045666666667,0.022874975,0.0110289871,0.017135260666666666,0.022772137000000005,0.019013466333333333,0.019038579666666666,0.019644769000000003,0.020888861333333335,0.036090018333333335,0.021366312,0.02700776833333333,0.024655884666666666,0.0140767675,0.016968918,1.9868214999999996e-09,0.027098806666666666,0.027959350666666667,0.021348314,0.012556964,0.02026548766666667,0.014682549333333333,0.02427683866666667,0.011644125,0.015346133666666666,0.0195934,0.015925379133333334,0.03312193733333333,0.016308416666666666,0.020831229,0.018268988599999997,0.019378709833333334,0.0086825965,0.019399402,0.025105057666666666,0.022236665333333332,0.03513513233333333,0.0187039455,0.013486190666666667,0.024614008333333333,0.016372626666666664,0.020623032333333333,0.017528649333333333,0.016806159666666667,0.03300592833333334,0.019564509,0.014021767666666666,0.03243342266666667,0.015507437666666667,0.03630058,0.013100588333333335,0.024421268333333333,0.027756658666666666,0.04077768666666667,0.016938493666666665,0.022361698,0.023959603,0.017681577,0.032219954333333335,0.03164255433333333,0.022122868,0.023286321,0.025543318,0.019423592333333333,0.018380721666666665,0.025293720000000002,0.034659066,0.02050364766666667,0.013846244666666667,0.014779440666666668,0.02401494,0.03258683466666667,0.019094355999999996,0.012800179,0.014610942333333331,0.022147017666666668,0.017140829333333333,0.019895065,0.0110289871,0.019013466333333333,0.024655884666666666,0.0140767675,0.021348314,0.011644125,0.0195934,0.015925379133333334,0.018268988599999997,0.019378709833333334,0.025105057666666666,0.017528649333333333,0.016806159666666667,0.014021767666666666,0.013100588333333335,0.025543318,0.019423592333333333,0.019094355999999996
4,0.017426058,0.027288678666666667,0.017697600333333334,0.012556964,3.973642999999999e-09,0.020104994666666667,0.012664405666666666,0.020429054999999998,0.02394612233333333,0.012581855,0.020535749333333336,0.018177414,0.03298865966666667,0.016905194666666668,0.015038089,0.019726836666666667,0.014997162333333335,0.025948508666666665,0.008875413666666667,0.013206321,0.014324300000000002,0.028186857666666666,0.021888214333333333,0.02191757366666667,0.013735836833333332,0.035621541666666666,0.010467237333333332,0.023270843666666666,0.029532931,0.019260476333333335,0.020700401333333337,0.025599024666666668,0.019454644,0.02447343866666667,0.013065775333333333,0.019714629666666667,0.02328758866666667,0.015969654,0.0076538444,0.015345646833333334,0.018166101,0.014291203,0.02015487733333333,0.018068331333333333,0.0143705015,0.01699928433333333,0.015418729999999999,0.010901218666666665,0.01617970466666667,0.011805784666666668,0.015459615000000001,0.03448088233333333,0.012290533333333334,0.015298819466666667,0.013842052333333332,0.011586036466666665,0.01686888333333333,0.012423553,0.017509983,0.01118626,0.0076538444,0.017426058,0.012958562333333333,0.015345646833333334,0.018166101,0.022045191,0.013206321,0.014291203,0.014324300000000002,0.028186857666666666,0.02015487733333333,0.027288678666666667,0.026829902333333332,0.009643745566666667,0.017697600333333334,0.012556964,0.018068331333333333,0.021888214333333333,0.016639832666666667,3.973642999999999e-09,0.020104994666666667,0.012664405666666666,0.02191757366666667,0.014716788333333335,0.020429054999999998,0.01793314433333333,0.016714965999999998,0.02394612233333333,0.0143705015,0.013735836833333332,0.018203487,0.022387164666666667,0.012581855,0.01699928433333333,0.02362819733333333,0.015418729999999999,0.035621541666666666,0.010901218666666665,0.01617970466666667,0.020535749333333336,0.018177414,0.011805784666666668,0.020650389,0.014651084,0.03298865966666667,0.010467237333333332,0.019754775666666665,0.023270843666666666,0.015459615000000001,0.029532931,0.015431415666666667,0.016905194666666668,0.015038089,0.03448088233333333,0.012290533333333334,0.019726836666666667,0.019260476333333335,0.014997162333333335,0.020700401333333337,0.025599024666666668,0.025948508666666665,0.015298819466666667,0.026498715,0.014513242333333336,0.008875413666666667,0.019454644,0.02447343866666667,0.013842052333333332,0.011586036466666665,0.013065775333333333,0.019714629666666667,0.02328758866666667,0.018233048833333335,0.01686888333333333,0.015969654,0.012423553,0.017509983,0.01118626,0.012958562333333333,0.022045191,0.026829902333333332,0.009643745566666667,0.016639832666666667,0.014716788333333335,0.01793314433333333,0.016714965999999998,0.018203487,0.022387164666666667,0.02362819733333333,0.020650389,0.014651084,0.019754775666666665,0.015431415666666667,0.026498715,0.014513242333333336,0.018233048833333335
5,0.01661997633333333,0.024733960333333336,0.015840562,0.02026548766666667,0.020104994666666667,0.0,0.016426178,0.015442578,0.02479342033333333,0.019741738,0.012648493000000002,0.015555654,0.02591154,0.020299931666666667,0.027424871333333333,0.016540946333333334,0.021629005666666666,0.01403554666666667,0.023854750666666667,0.02164513066666667,0.027234292666666667,0.026856734,0.02216709866666667,0.02584907033333333,0.023655076666666667,0.02210295033333333,0.019742113333333332,0.022657791666666666,0.024912500666666667,0.014034872666666667,0.025149035,0.024669359000000002,0.01957716333333333,0.022376191666666666,0.019716096000000002,0.018770758000000002,0.025892752,0.021343431666666666,0.021493472666666666,0.02816488533333333,0.031598353333333336,0.030203098333333334,0.025887716,0.026102780333333332,0.026169461,0.02724884766666667,0.030253467666666665,0.028070161,0.021666477000000003,0.028846716666666668,0.026996376333333332,0.029617110999999998,0.02684632533333333,0.027367884000000002,0.031500691,0.023913397333333333,0.02340228133333333,0.025663181333333333,0.029757306666666664,0.028336696666666664,0.021493472666666666,0.01661997633333333,0.02764609466666667,0.02816488533333333,0.031598353333333336,0.032899318000000004,0.02164513066666667,0.030203098333333334,0.027234292666666667,0.026856734,0.025887716,0.024733960333333336,0.032186391,0.022727063999999998,0.015840562,0.02026548766666667,0.026102780333333332,0.02216709866666667,0.027726650000000002,0.020104994666666667,0.0,0.016426178,0.02584907033333333,0.026858157333333334,0.015442578,0.029916925333333334,0.028687099333333334,0.02479342033333333,0.026169461,0.023655076666666667,0.03222071733333333,0.03256631233333333,0.019741738,0.02724884766666667,0.024348712,0.030253467666666665,0.02210295033333333,0.028070161,0.021666477000000003,0.012648493000000002,0.015555654,0.028846716666666668,0.031525707,0.024581422333333332,0.02591154,0.019742113333333332,0.024862671333333333,0.022657791666666666,0.026996376333333332,0.024912500666666667,0.0276905,0.020299931666666667,0.027424871333333333,0.029617110999999998,0.02684632533333333,0.016540946333333334,0.014034872666666667,0.021629005666666666,0.025149035,0.024669359000000002,0.01403554666666667,0.027367884000000002,0.029823863333333332,0.02461063266666667,0.023854750666666667,0.01957716333333333,0.022376191666666666,0.031500691,0.023913397333333333,0.019716096000000002,0.018770758000000002,0.025892752,0.03095991,0.02340228133333333,0.021343431666666666,0.025663181333333333,0.029757306666666664,0.028336696666666664,0.02764609466666667,0.032899318000000004,0.032186391,0.022727063999999998,0.027726650000000002,0.026858157333333334,0.029916925333333334,0.028687099333333334,0.03222071733333333,0.03256631233333333,0.024348712,0.031525707,0.024581422333333332,0.024862671333333333,0.0276905,0.029823863333333332,0.02461063266666667,0.03095991
6,0.019521816333333334,0.028080789333333335,0.02147997633333333,0.014682549333333333,0.012664405666666666,0.016426178,3.973642999999999e-09,0.017717281999999997,0.025494806,0.014222365333333332,0.019994261,0.015378296333333335,0.030787950999999997,0.019092271666666664,0.021481691,0.018747051333333334,0.019330775666666668,0.022845844666666667,0.019156166,0.014482082666666667,0.01971721,0.021300868000000004,0.020053482,0.023756166333333335,0.013542648,0.027729300666666668,0.016572114000000002,0.017984467666666667,0.021324286999999997,0.014846662666666668,0.01892491,0.01687146633333333,0.017270966333333335,0.022891656333333336,0.016303573333333335,0.018782431,0.021556413333333337,0.009894513999999998,0.016506405666666668,0.021708951333333334,0.025218270333333334,0.023653274999999998,0.026536059999999997,0.022013660333333334,0.024073197333333334,0.02296525333333333,0.02178827933333333,0.02043305033333333,0.021215895666666665,0.018618738666666666,0.023659849,0.03213030066666667,0.02016619433333333,0.021931250666666666,0.022823774666666668,0.01535815033333333,0.019076770666666666,0.018432207666666665,0.026144761,0.018870542333333334,0.016506405666666668,0.019521816333333334,0.017153227333333333,0.021708951333333334,0.025218270333333334,0.028467820333333334,0.014482082666666667,0.023653274999999998,0.01971721,0.021300868000000004,0.026536059999999997,0.028080789333333335,0.03156685433333333,0.012113406,0.02147997633333333,0.014682549333333333,0.022013660333333334,0.020053482,0.02124703333333333,0.012664405666666666,0.016426178,3.973642999999999e-09,0.023756166333333335,0.020499465333333335,0.017717281999999997,0.026609504333333332,0.022847408333333333,0.025494806,0.024073197333333334,0.013542648,0.026656996666666665,0.030970963000000004,0.014222365333333332,0.02296525333333333,0.02155606333333333,0.02178827933333333,0.027729300666666668,0.02043305033333333,0.021215895666666665,0.019994261,0.015378296333333335,0.018618738666666666,0.02737318,0.02016931166666667,0.030787950999999997,0.016572114000000002,0.024992555000000003,0.017984467666666667,0.023659849,0.021324286999999997,0.02144433466666667,0.019092271666666664,0.021481691,0.03213030066666667,0.02016619433333333,0.018747051333333334,0.014846662666666668,0.019330775666666668,0.01892491,0.01687146633333333,0.022845844666666667,0.021931250666666666,0.030191496666666665,0.018004979666666667,0.019156166,0.017270966333333335,0.022891656333333336,0.022823774666666668,0.01535815033333333,0.016303573333333335,0.018782431,0.021556413333333337,0.028174590333333336,0.019076770666666666,0.009894513999999998,0.018432207666666665,0.026144761,0.018870542333333334,0.017153227333333333,0.028467820333333334,0.03156685433333333,0.012113406,0.02124703333333333,0.020499465333333335,0.026609504333333332,0.022847408333333333,0.026656996666666665,0.030970963000000004,0.02155606333333333,0.02737318,0.02016931166666667,0.024992555000000003,0.02144433466666667,0.030191496666666665,0.018004979666666667,0.028174590333333336
7,0.02035458266666667,0.023937799333333332,0.014184194666666669,0.015346133666666666,0.020429054999999998,0.015442578,0.017717281999999997,1.9868214999999996e-09,0.029863728666666665,0.016365383333333334,0.013769366333333333,0.015503084666666667,0.022645386,0.024465676,0.03342157566666667,0.012355826333333335,0.021985413666666665,0.012004236333333333,0.024295501333333334,0.024767053333333334,0.028011232666666667,0.029829501333333334,0.028549359333333336,0.026672847999999996,0.02648769233333333,0.021413061666666667,0.025907552333333337,0.028564638666666666,0.027512152999999998,0.025115295666666666,0.029462978666666664,0.025533769666666664,0.02582999066666667,0.033156236666666665,0.020208521333333333,0.021864721666666663,0.028954368999999997,0.017038804,0.023502582666666664,0.029863727666666666,0.03264729,0.03202185166666667,0.03018024866666667,0.030814341000000002,0.027831754666666667,0.03150127133333334,0.032656363333333334,0.03112517166666667,0.021281695333333336,0.032642540000000005,0.024581928666666666,0.033322325666666666,0.028325255333333337,0.033369056333333334,0.033337069999999996,0.026453465333333332,0.025565646,0.029416345666666666,0.02777923666666666,0.028665852333333335,0.023502582666666664,0.02035458266666667,0.024336598333333334,0.029863727666666666,0.03264729,0.030909891000000002,0.024767053333333334,0.03202185166666667,0.028011232666666667,0.029829501333333334,0.03018024866666667,0.023937799333333332,0.02651074733333333,0.025969755666666667,0.014184194666666669,0.015346133666666666,0.030814341000000002,0.028549359333333336,0.025982854666666666,0.020429054999999998,0.015442578,0.017717281999999997,0.026672847999999996,0.02099373566666667,1.9868214999999996e-09,0.02829049233333333,0.025302362666666665,0.029863728666666665,0.027831754666666667,0.02648769233333333,0.02982194666666667,0.03166122433333333,0.016365383333333334,0.03150127133333334,0.02688798133333333,0.032656363333333334,0.021413061666666667,0.03112517166666667,0.021281695333333336,0.013769366333333333,0.015503084666666667,0.032642540000000005,0.029270093333333334,0.02273000066666667,0.022645386,0.025907552333333337,0.022970362666666667,0.028564638666666666,0.024581928666666666,0.027512152999999998,0.020727950333333335,0.024465676,0.03342157566666667,0.033322325666666666,0.028325255333333337,0.012355826333333335,0.025115295666666666,0.021985413666666665,0.029462978666666664,0.025533769666666664,0.012004236333333333,0.033369056333333334,0.02757905166666667,0.026436052333333335,0.024295501333333334,0.02582999066666667,0.033156236666666665,0.033337069999999996,0.026453465333333332,0.020208521333333333,0.021864721666666663,0.028954368999999997,0.029915362,0.025565646,0.017038804,0.029416345666666666,0.02777923666666666,0.028665852333333335,0.024336598333333334,0.030909891000000002,0.02651074733333333,0.025969755666666667,0.025982854666666666,0.02099373566666667,0.02829049233333333,0.025302362666666665,0.02982194666666667,0.03166122433333333,0.02688798133333333,0.029270093333333334,0.02273000066666667,0.022970362666666667,0.020727950333333335,0.02757905166666667,0.026436052333333335,0.029915362
8,0.016176367,0.02372297233333333,0.028287951333333332,0.03312193733333333,0.02394612233333333,0.02479342033333333,0.025494806,0.029863728666666665,3.973642999999999e-09,0.030465328666666666,0.018672037,0.028276811333333332,0.023297222666666666,0.014389884333333332,0.014681826,0.023311744000000002,0.023034860666666667,0.025702101666666668,0.016819139333333333,0.021531413,0.015943605,0.012927218666666665,0.024411256666666666,0.020227229666666666,0.020184511000000002,0.03367736166666667,0.019499995333333332,0.015268689333333333,0.019730288,0.020594577333333332,0.016179834,0.022205851333333335,0.012366819333333334,0.014292262,0.021177669333333333,0.013581643333333334,0.01436763,0.021132638,0.024463132666666665,0.024629756333333332,0.019516925,0.022276878333333337,0.024533083,0.012894052,0.027070739,0.02407151466666667,0.019392597666666667,0.020703423,0.027554335,0.020263751333333337,0.027846058333333333,0.014259520999999999,0.021244329,0.018196696000000002,0.017846777333333334,0.022490646666666666,0.022057181666666665,0.015768271666666667,0.026306718333333333,0.017250440666666665,0.024463132666666665,0.016176367,0.022753190666666662,0.024629756333333332,0.019516925,0.02982346266666667,0.021531413,0.022276878333333337,0.015943605,0.012927218666666665,0.024533083,0.02372297233333333,0.021982383666666667,0.021652176000000002,0.028287951333333332,0.03312193733333333,0.012894052,0.024411256666666666,0.02156740666666667,0.02394612233333333,0.02479342033333333,0.025494806,0.020227229666666666,0.024804856666666666,0.029863728666666665,0.020545705,0.02468025266666667,3.973642999999999e-09,0.027070739,0.020184511000000002,0.02221753933333333,0.02853549733333333,0.030465328666666666,0.02407151466666667,0.024841831666666668,0.019392597666666667,0.03367736166666667,0.020703423,0.027554335,0.018672037,0.028276811333333332,0.020263751333333337,0.025225794333333332,0.022203398,0.023297222666666666,0.019499995333333332,0.029890785333333336,0.015268689333333333,0.027846058333333333,0.019730288,0.024861202333333332,0.014389884333333332,0.014681826,0.014259520999999999,0.021244329,0.023311744000000002,0.020594577333333332,0.023034860666666667,0.016179834,0.022205851333333335,0.025702101666666668,0.018196696000000002,0.021457823,0.014543926666666667,0.016819139333333333,0.012366819333333334,0.014292262,0.017846777333333334,0.022490646666666666,0.021177669333333333,0.013581643333333334,0.01436763,0.026653114999999998,0.022057181666666665,0.021132638,0.015768271666666667,0.026306718333333333,0.017250440666666665,0.022753190666666662,0.02982346266666667,0.021982383666666667,0.021652176000000002,0.02156740666666667,0.024804856666666666,0.020545705,0.02468025266666667,0.02221753933333333,0.02853549733333333,0.024841831666666668,0.025225794333333332,0.022203398,0.029890785333333336,0.024861202333333332,0.021457823,0.014543926666666667,0.026653114999999998
9,0.020964863,0.022947144333333332,0.017272577666666667,0.0086825965,0.012581855,0.019741738,0.014222365333333332,0.016365383333333334,0.030465328666666666,1.9868214999999996e-09,0.02234708666666667,0.019045609,0.029783982333333334,0.019296137333333335,0.027545780000000002,0.023127788333333333,0.019091480666666667,0.022931544,0.015573386466666669,0.01647346,0.023062284666666665,0.031914752666666664,0.024415862333333333,0.02059865,0.017914106666666665,0.032716218666666665,0.020700736666666667,0.029336323333333334,0.031001793333333336,0.022071274333333335,0.02901486533333333,0.029574744333333333,0.022490005,0.034317152,0.012264772,0.021988334333333335,0.028723241666666666,0.014184324,0.011793923333333334,0.015932249866666668,0.019967498333333333,0.017519044866666666,0.018696329866666663,0.024971175666666668,0.015081149333333333,0.019394544833333336,0.02006832966666667,0.017777587833333334,0.010136339999999999,0.017804501666666663,0.0141408265,0.03764994766666666,0.017945933333333334,0.020293222,0.021292941333333332,0.011522563333333331,0.018556439666666667,0.019429282666666665,0.020554791,0.020575809,0.011793923333333334,0.020964863,0.016623781,0.015932249866666668,0.019967498333333333,0.024111340666666665,0.01647346,0.017519044866666666,0.023062284666666665,0.031914752666666664,0.018696329866666663,0.022947144333333332,0.025354538333333336,0.013839541,0.017272577666666667,0.0086825965,0.024971175666666668,0.024415862333333333,0.026407033000000003,0.012581855,0.019741738,0.014222365333333332,0.02059865,0.016368909533333333,0.016365383333333334,0.020080160999999996,0.0162446698,0.030465328666666666,0.015081149333333333,0.017914106666666665,0.019627561166666665,0.019422075533333336,1.9868214999999996e-09,0.019394544833333336,0.028729311666666663,0.02006832966666667,0.032716218666666665,0.017777587833333334,0.010136339999999999,0.02234708666666667,0.019045609,0.017804501666666663,0.0183971185,0.01810736433333333,0.029783982333333334,0.020700736666666667,0.017101293666666666,0.029336323333333334,0.0141408265,0.031001793333333336,0.015174271666666666,0.019296137333333335,0.027545780000000002,0.03764994766666666,0.017945933333333334,0.023127788333333333,0.022071274333333335,0.019091480666666667,0.02901486533333333,0.029574744333333333,0.022931544,0.020293222,0.022601684,0.019498582333333334,0.015573386466666669,0.022490005,0.034317152,0.021292941333333332,0.011522563333333331,0.012264772,0.021988334333333335,0.028723241666666666,0.018667075999999998,0.018556439666666667,0.014184324,0.019429282666666665,0.020554791,0.020575809,0.016623781,0.024111340666666665,0.025354538333333336,0.013839541,0.026407033000000003,0.016368909533333333,0.020080160999999996,0.0162446698,0.019627561166666665,0.019422075533333336,0.028729311666666663,0.0183971185,0.01810736433333333,0.017101293666666666,0.015174271666666666,0.022601684,0.019498582333333334,0.018667075999999998
10,0.010155713666666667,0.020005585666666666,0.017179131333333333,0.024614008333333333,0.020535749333333336,0.012648493000000002,0.019994261,0.013769366333333333,0.018672037,0.02234708666666667,3.973642999999999e-09,0.015439019666666666,0.017538523666666663,0.015584496666666666,0.025165947333333334,0.011979967,0.022937435,0.015699593333333334,0.020400721333333333,0.020550688333333334,0.024584194,0.020862472000000003,0.01947776866666667,0.02001946766666667,0.021694207,0.019903987666666668,0.022454649,0.018672643333333332,0.017993962666666665,0.018995078,0.01937865966666667,0.021187822000000002,0.017866373333333335,0.022489262,0.017353626333333334,0.015014990333333334,0.019008481666666667,0.021006176666666664,0.023187633333333336,0.02763067466666667,0.026859067333333334,0.027619562333333333,0.02604019233333333,0.022333111333333332,0.026784483666666668,0.027992727333333335,0.026812076333333334,0.026548797,0.021279028666666665,0.027678762,0.024849964999999998,0.02247436066666667,0.025441468000000002,0.025847697333333332,0.029207966666666665,0.024306657000000002,0.026695874999999997,0.022017216666666665,0.030462376333333333,0.025046350000000002,0.023187633333333336,0.010155713666666667,0.026565782333333333,0.02763067466666667,0.026859067333333334,0.033450956000000004,0.020550688333333334,0.027619562333333333,0.024584194,0.020862472000000003,0.02604019233333333,0.020005585666666666,0.026588102333333332,0.024300531333333333,0.017179131333333333,0.024614008333333333,0.022333111333333332,0.01947776866666667,0.026364177333333332,0.020535749333333336,0.012648493000000002,0.019994261,0.02001946766666667,0.024604287,0.013769366333333333,0.025920317666666668,0.026286079666666667,0.018672037,0.026784483666666668,0.021694207,0.028840601999999996,0.031544572,0.02234708666666667,0.027992727333333335,0.026198934000000004,0.026812076333333334,0.019903987666666668,0.026548797,0.021279028666666665,3.973642999999999e-09,0.015439019666666666,0.027678762,0.02893239666666667,0.020979412333333336,0.017538523666666663,0.022454649,0.02681553366666667,0.018672643333333332,0.024849964999999998,0.017993962666666665,0.024924898333333334,0.015584496666666666,0.025165947333333334,0.02247436066666667,0.025441468000000002,0.011979967,0.018995078,0.022937435,0.01937865966666667,0.021187822000000002,0.015699593333333334,0.025847697333333332,0.024796219333333334,0.025464241,0.020400721333333333,0.017866373333333335,0.022489262,0.029207966666666665,0.024306657000000002,0.017353626333333334,0.015014990333333334,0.019008481666666667,0.028675942,0.026695874999999997,0.021006176666666664,0.022017216666666665,0.030462376333333333,0.025046350000000002,0.026565782333333333,0.033450956000000004,0.026588102333333332,0.024300531333333333,0.026364177333333332,0.024604287,0.025920317666666668,0.026286079666666667,0.028840601999999996,0.031544572,0.026198934000000004,0.02893239666666667,0.020979412333333336,0.02681553366666667,0.024924898333333334,0.024796219333333334,0.025464241,0.028675942
11,0.017786453333333334,0.021950074,0.018897209666666668,0.016372626666666664,0.018177414,0.015555654,0.015378296333333335,0.015503084666666667,0.028276811333333332,0.019045609,0.015439019666666666,0.0,0.024858667333333338,0.023424629333333336,0.025608676666666667,0.012133270333333333,0.01979142633333333,0.020074596,0.023215562333333332,0.020438329333333335,0.023728593333333332,0.02834952866666667,0.021193403,0.023332228,0.023393764,0.022602158666666667,0.0197468,0.022759606333333335,0.025932963666666666,0.020470031,0.02489448,0.022490439666666664,0.024040802333333333,0.022933189333333333,0.019493603666666668,0.021320615333333334,0.025242015000000003,0.020801909666666667,0.021327928666666666,0.026583425,0.030212235,0.028847589999999996,0.028982319333333336,0.025847255333333333,0.026133954666666667,0.027599098,0.028307128333333334,0.02624669866666667,0.022313146,0.026676884999999997,0.024302414666666664,0.03046702133333333,0.024267828333333335,0.027546620333333334,0.028909002333333333,0.022094011333333333,0.024315494333333333,0.02425004866666667,0.027757765333333333,0.023940998333333335,0.021327928666666666,0.017786453333333334,0.022898819,0.026583425,0.030212235,0.02793564,0.020438329333333335,0.028847589999999996,0.023728593333333332,0.02834952866666667,0.028982319333333336,0.021950074,0.031747911,0.019817137333333335,0.018897209666666668,0.016372626666666664,0.025847255333333333,0.021193403,0.021788835666666666,0.018177414,0.015555654,0.015378296333333335,0.023332228,0.02084628933333333,0.015503084666666667,0.027458028333333332,0.025342432666666668,0.028276811333333332,0.026133954666666667,0.023393764,0.02999145666666667,0.031931853333333336,0.019045609,0.027599098,0.023164777,0.028307128333333334,0.022602158666666667,0.02624669866666667,0.022313146,0.015439019666666666,0.0,0.026676884999999997,0.030385692000000002,0.021495381666666664,0.024858667333333338,0.0197468,0.023497204333333334,0.022759606333333335,0.024302414666666664,0.025932963666666666,0.024125067333333337,0.023424629333333336,0.025608676666666667,0.03046702133333333,0.024267828333333335,0.012133270333333333,0.020470031,0.01979142633333333,0.02489448,0.022490439666666664,0.020074596,0.027546620333333334,0.030918365666666666,0.026363382666666667,0.023215562333333332,0.024040802333333333,0.022933189333333333,0.028909002333333333,0.022094011333333333,0.019493603666666668,0.021320615333333334,0.025242015000000003,0.029953794,0.024315494333333333,0.020801909666666667,0.02425004866666667,0.027757765333333333,0.023940998333333335,0.022898819,0.02793564,0.031747911,0.019817137333333335,0.021788835666666666,0.02084628933333333,0.027458028333333332,0.025342432666666668,0.02999145666666667,0.031931853333333336,0.023164777,0.030385692000000002,0.021495381666666664,0.023497204333333334,0.024125067333333337,0.030918365666666666,0.026363382666666667,0.029953794
