,omer_02.jpg,tal_05.jpg,omer_07.jpg,tal_06.jpg,omer_06.jpg,omer_08.jpg,tal_01.jpg,omer_03.jpg,tal_07.jpg,tal_03.jpg,omer_04.jpg,omer_10.jpg,tal_09.jpg,tal_02.jpg,tal_08.jpg,omer_09.jpg,tal_10.jpg,omer_05.jpg,tal_04.jpg,matt_04.jpg,dom_10.jpg,dom_05.jpg,matt_08.jpg,dom_04.jpg,matt_02.jpg,matt_07.jpg,matt_06.jpg,matt_05.jpg,dom_07.jpg,dom_03.jpg,matt_03.jpg,matt_01.jpg,dom_06.jpg,matt_10.jpg,dom_01.jpg,dom_09.jpg,matt_09.jpg,dom_02.jpg,tess_03.jpg,taz_06.jpg,taz_04.jpg,taz_03.jpg,tess_01.jpg,tess_07.jpg,tess_05.jpg,taz_05.jpg,tess_02.jpg,tess_09.jpg,tess_06.jpg,taz_07.jpg,taz_02.jpg,tess_04.jpg,taz_09.jpg,tess_08.jpg,taz_08.jpg,taz_01.jpg,tess_10.jpg,taz_10.jpg,marina_07.jpg,tamar_04.jpg,tess_03.jpg.1,omer_02.jpg.1,marina_04.jpg,taz_06.jpg.1,taz_04.jpg.1,marina_01.jpg,matt_04.jpg.1,taz_03.jpg.1,dom_10.jpg.1,dom_05.jpg.1,tess_01.jpg.1,tal_05.jpg.1,marina_06.jpg,tamar_09.jpg,omer_07.jpg.1,tal_06.jpg.1,tess_07.jpg.1,matt_08.jpg.1,marina_08.jpg,omer_06.jpg.1,omer_08.jpg.1,tal_01.jpg.1,dom_04.jpg.1,tamar_10.jpg,omer_03.jpg.1,tamar_02.jpg,tamar_05.jpg,tal_07.jpg.1,tess_05.jpg.1,matt_02.jpg.1,tamar_07.jpg,tamar_03.jpg,tal_03.jpg.1,taz_05.jpg.1,marina_09.jpg,tess_02.jpg.1,matt_07.jpg.1,tess_09.jpg.1,tess_06.jpg.1,omer_04.jpg.1,omer_10.jpg.1,taz_07.jpg.1,tamar_01.jpg,marina_10.jpg,tal_09.jpg.1,matt_06.jpg.1,tamar_06.jpg,matt_05.jpg.1,taz_02.jpg.1,dom_07.jpg.1,marina_05.jpg,tal_02.jpg.1,tal_08.jpg.1,tess_04.jpg.1,taz_09.jpg.1,omer_09.jpg.1,dom_03.jpg.1,tal_10.jpg.1,matt_03.jpg.1,matt_01.jpg.1,omer_05.jpg.1,tess_08.jpg.1,marina_02.jpg,marina_03.jpg,tal_04.jpg.1,dom_06.jpg.1,matt_10.jpg.1,taz_08.jpg.1,taz_01.jpg.1,dom_01.jpg.1,dom_09.jpg.1,matt_09.jpg.1,tamar_08.jpg,tess_10.jpg.1,dom_02.jpg.1,taz_10.jpg.1,marina_07.jpg.1,tamar_04.jpg.1,marina_04.jpg.1,marina_01.jpg.1,marina_06.jpg.1,tamar_09.jpg.1,marina_08.jpg.1,tamar_10.jpg.1,tamar_02.jpg.1,tamar_05.jpg.1,tamar_07.jpg.1,tamar_03.jpg.1,marina_09.jpg.1,tamar_01.jpg.1,marina_10.jpg.1,tamar_06.jpg.1,marina_05.jpg.1,marina_02.jpg.1,marina_03.jpg.1,tamar_08.jpg.1
0,5.960464499999999e-09,0.016208549333333332,0.005604702333333334,0.013251898666666666,0.007652860833333333,0.011898980666666666,0.0097257,0.006931845333333334,0.0027525305666666667,0.012627987,0.004761811033333333,0.016135635,0.014267476433333334,0.0014865458333333333,0.003926277233333333,0.006906733833333334,0.010940933333333335,0.0105049924,0.003891039,0.0011271477000000002,0.01196508,0.007749974666666667,0.0099384307,0.007173647500000001,0.009879726,0.014760621233333333,0.0032769559999999997,0.004683514333333333,0.008324350766666665,0.010690188466666667,0.004228556133333334,0.011096238999999999,0.006645218666666667,0.0035198032666666668,0.0011135220666666668,0.0019897898666666664,0.0052493692,0.010122674666666666,0.009880036333333333,0.009481549333333334,0.012225359666666666,0.008453796333333334,0.009410776533333335,0.004395743166666666,0.011311302666666665,0.011120839666666667,0.003942505666666666,0.004945661633333333,0.010635523,0.008357451333333333,0.013461637333333335,0.012235051466666667,0.013540689333333333,0.007010452,0.0070518195,0.011803682666666667,0.010724538666666667,0.0024608075,0.013294567666666668,0.010156327466666667,0.009880036333333333,5.960464499999999e-09,0.009511693333333333,0.009481549333333334,0.012225359666666666,0.016457696666666667,0.0011271477000000002,0.008453796333333334,0.01196508,0.007749974666666667,0.009410776533333335,0.016208549333333332,0.0094329714,0.010530577066666665,0.005604702333333334,0.013251898666666666,0.004395743166666666,0.0099384307,0.010817337000000002,0.007652860833333333,0.011898980666666666,0.0097257,0.007173647500000001,0.011213704,0.006931845333333334,0.009602753333333332,0.010095515,0.0027525305666666667,0.011311302666666665,0.009879726,0.008793955999999999,0.010138193866666667,0.012627987,0.011120839666666667,0.014878572999999999,0.003942505666666666,0.014760621233333333,0.004945661633333333,0.010635523,0.004761811033333333,0.016135635,0.008357451333333333,0.006693015466666666,0.007401571666666667,0.014267476433333334,0.0032769559999999997,0.012035199,0.004683514333333333,0.013461637333333335,0.008324350766666665,0.008398105666666666,0.0014865458333333333,0.003926277233333333,0.012235051466666667,0.013540689333333333,0.006906733833333334,0.010690188466666667,0.010940933333333335,0.004228556133333334,0.011096238999999999,0.0105049924,0.007010452,0.012774050333333333,0.0073297936666666666,0.003891039,0.006645218666666667,0.0035198032666666668,0.0070518195,0.011803682666666667,0.0011135220666666668,0.0019897898666666664,0.0052493692,0.010732279333333334,0.010724538666666667,0.010122674666666666,0.0024608075,0.013294567666666668,0.010156327466666667,0.009511693333333333,0.016457696666666667,0.0094329714,0.010530577066666665,0.010817337000000002,0.011213704,0.009602753333333332,0.010095515,0.008793955999999999,0.010138193866666667,0.014878572999999999,0.006693015466666666,0.007401571666666667,0.012035199,0.008398105666666666,0.012774050333333333,0.0073297936666666666,0.010732279333333334
1,0.016208549333333332,3.973642999999999e-09,0.017967901666666668,0.018691845666666665,0.020550529666666664,0.011420730999999998,0.013399521333333334,0.013514087333333334,0.017240037333333333,0.007647428833333332,0.012703649666666667,0.003322494033333333,0.004215788766666667,0.013926879466666665,0.021372020333333335,0.0146666168,0.017571407666666667,0.009676605333333333,0.017851853333333334,0.016262954466666667,0.018199803666666667,0.020476058666666665,0.0075134735,0.0037439802999999997,0.008837793333333333,0.005172238666666666,0.018636979666666664,0.019479215,0.01661001633333333,0.009455498,0.017423087333333333,0.012956100666666666,0.015488853,0.023884632666666666,0.015733738333333337,0.012024204,0.012339264,0.009946721666666665,0.020021138466666664,0.008563693499999999,0.004724274166666666,0.015462666333333331,0.005198834333333333,0.019525508,0.017383094533333334,0.009161903333333332,0.009023942566666667,0.014475256266666665,0.004198988233333333,0.021610264,0.005277750866666667,0.009624958,0.017169128,0.020866161333333338,0.018773766400000003,0.020381862000000004,0.009564457333333333,0.017797436666666666,0.019251028000000003,0.018315277533333334,0.020021138466666664,0.016208549333333332,0.012516965500000001,0.008563693499999999,0.004724274166666666,0.005937566233333333,0.016262954466666667,0.015462666333333331,0.018199803666666667,0.020476058666666665,0.005198834333333333,3.973642999999999e-09,0.006334980333333334,0.019514503000000002,0.017967901666666668,0.018691845666666665,0.019525508,0.0075134735,0.017094069433333334,0.020550529666666664,0.011420730999999998,0.013399521333333334,0.0037439802999999997,0.014061395333333334,0.013514087333333334,0.015195530666666669,0.010076481066666665,0.017240037333333333,0.017383094533333334,0.008837793333333333,0.017439593766666667,0.0160776731,0.007647428833333332,0.009161903333333332,0.005363355,0.009023942566666667,0.005172238666666666,0.014475256266666665,0.004198988233333333,0.012703649666666667,0.003322494033333333,0.021610264,0.012806056,0.006367746999999999,0.004215788766666667,0.018636979666666664,0.0125871618,0.019479215,0.005277750866666667,0.01661001633333333,0.013708966999999999,0.013926879466666665,0.021372020333333335,0.009624958,0.017169128,0.0146666168,0.009455498,0.017571407666666667,0.017423087333333333,0.012956100666666666,0.009676605333333333,0.020866161333333338,0.006797391000000001,0.018309662333333334,0.017851853333333334,0.015488853,0.023884632666666666,0.018773766400000003,0.020381862000000004,0.015733738333333337,0.012024204,0.012339264,0.0164385339,0.009564457333333333,0.009946721666666665,0.017797436666666666,0.019251028000000003,0.018315277533333334,0.012516965500000001,0.005937566233333333,0.006334980333333334,0.019514503000000002,0.017094069433333334,0.014061395333333334,0.015195530666666669,0.010076481066666665,0.017439593766666667,0.0160776731,0.005363355,0.012806056,0.006367746999999999,0.0125871618,0.013708966999999999,0.006797391000000001,0.018309662333333334,0.0164385339
2,0.005604702333333334,0.017967901666666668,3.973642999999999e-09,0.010098365800000002,0.009754902133333333,0.012043364666666667,0.009085844,0.0043591121000000005,0.007396372333333334,0.011701365333333333,0.006579790466666666,0.017282581,0.0138324578,0.006946887533333333,0.005310265333333333,0.0066591463333333335,0.009561270533333333,0.008639695333333334,0.005754733,0.0044332306,0.015004633,0.007689235633333332,0.011809241633333332,0.011464297666666668,0.010136707666666666,0.0138134518,0.004509552266666666,0.006802533099999999,0.0089600285,0.011068683999999999,0.006840876599999999,0.009600174333333333,0.008155071733333333,0.0056300382000000005,0.004676798966666667,0.006066250800000001,0.008252914866666666,0.008199626166666666,0.010629498999999999,0.010578515333333335,0.013330108233333334,0.010143335666666666,0.010041300333333333,0.008099029333333334,0.012269892166666666,0.010598751,0.008167451666666665,0.008096301500000002,0.010443904,0.010536219666666667,0.015186411,0.0110990365,0.012705636166666668,0.010894505,0.007176174833333334,0.0116438586,0.007605242866666667,0.005869652800000001,0.010964189000000001,0.012091058333333333,0.010629498999999999,0.005604702333333334,0.0067515254,0.010578515333333335,0.013330108233333334,0.013839570666666667,0.0044332306,0.010143335666666666,0.015004633,0.007689235633333332,0.010041300333333333,0.017967901666666668,0.0087429881,0.014330746833333333,3.973642999999999e-09,0.010098365800000002,0.008099029333333334,0.011809241633333332,0.010117820666666666,0.009754902133333333,0.012043364666666667,0.009085844,0.011464297666666668,0.009719373633333334,0.0043591121000000005,0.010093031333333334,0.009322981000000001,0.007396372333333334,0.012269892166666666,0.010136707666666666,0.0075619063333333325,0.008294125466666667,0.011701365333333333,0.010598751,0.012555426266666668,0.008167451666666665,0.0138134518,0.008096301500000002,0.010443904,0.006579790466666666,0.017282581,0.010536219666666667,0.004844677466666667,0.008939308,0.0138324578,0.004509552266666666,0.010032340166666666,0.006802533099999999,0.015186411,0.0089600285,0.006318275,0.006946887533333333,0.005310265333333333,0.0110990365,0.012705636166666668,0.0066591463333333335,0.011068683999999999,0.009561270533333333,0.006840876599999999,0.009600174333333333,0.008639695333333334,0.010894505,0.0119410178,0.003616549566666667,0.005754733,0.008155071733333333,0.0056300382000000005,0.007176174833333334,0.0116438586,0.004676798966666667,0.006066250800000001,0.008252914866666666,0.010993431,0.007605242866666667,0.008199626166666666,0.005869652800000001,0.010964189000000001,0.012091058333333333,0.0067515254,0.013839570666666667,0.0087429881,0.014330746833333333,0.010117820666666666,0.009719373633333334,0.010093031333333334,0.009322981000000001,0.0075619063333333325,0.008294125466666667,0.012555426266666668,0.004844677466666667,0.008939308,0.010032340166666666,0.006318275,0.0119410178,0.003616549566666667,0.010993431
3,0.013251898666666666,0.018691845666666665,0.010098365800000002,0.0,0.004063816833333333,0.015373702666666666,0.010190401600000001,0.010893601000000001,0.011347423333333334,0.009529870599999999,0.016599247666666667,0.016687458666666665,0.022180610666666666,0.009262953333333332,0.009157375333333334,0.004493816666666667,0.003400746933333333,0.019373097,0.007609188333333333,0.011799439,0.006061546,0.021337707666666664,0.02330809833333333,0.01633292466666667,0.020389356000000004,0.023595375,0.0087356608,0.018732255666666666,0.023082218333333335,0.018912851666666668,0.016498375,0.021443098333333334,0.019825643333333334,0.017189395666666666,0.011292103999999999,0.014515614666666668,0.019510448,0.013046364,0.0025383194,0.014880237999999999,0.021728729999999998,0.0048121770999999995,0.01578397133333333,0.014016540666666666,0.0038308501333333333,0.015190553833333335,0.012270275999999998,0.0070804993333333345,0.017096123999999997,0.004128676566666666,0.014022127666666665,0.024097508,0.003984989733333334,0.0077750525333333325,0.005035728333333334,0.0016684790666666666,0.011819859333333333,0.012863958000000002,0.0031333267666666664,0.004309683999999999,0.0025383194,0.013251898666666666,0.0035961012333333335,0.014880237999999999,0.021728729999999998,0.0113797188,0.011799439,0.0048121770999999995,0.006061546,0.021337707666666664,0.01578397133333333,0.018691845666666665,0.01821380066666667,0.005796913333333333,0.010098365800000002,0.0,0.014016540666666666,0.02330809833333333,0.005282163666666667,0.004063816833333333,0.015373702666666666,0.010190401600000001,0.01633292466666667,0.002473757666666667,0.010893601000000001,0.0054656823333333335,0.007875343133333332,0.011347423333333334,0.0038308501333333333,0.020389356000000004,0.002803121,0.0037127653333333334,0.009529870599999999,0.015190553833333335,0.021109187666666664,0.012270275999999998,0.023595375,0.0070804993333333345,0.017096123999999997,0.016599247666666667,0.016687458666666665,0.004128676566666666,0.0041107098333333335,0.012069437666666667,0.022180610666666666,0.0087356608,0.0035666366333333335,0.018732255666666666,0.014022127666666665,0.023082218333333335,0.0065611482,0.009262953333333332,0.009157375333333334,0.024097508,0.003984989733333334,0.004493816666666667,0.018912851666666668,0.003400746933333333,0.016498375,0.021443098333333334,0.019373097,0.0077750525333333325,0.023173171333333336,0.004833324799999999,0.007609188333333333,0.019825643333333334,0.017189395666666666,0.005035728333333334,0.0016684790666666666,0.011292103999999999,0.014515614666666668,0.019510448,0.003676700566666667,0.011819859333333333,0.013046364,0.012863958000000002,0.0031333267666666664,0.004309683999999999,0.0035961012333333335,0.0113797188,0.01821380066666667,0.005796913333333333,0.005282163666666667,0.002473757666666667,0.0054656823333333335,0.007875343133333332,0.002803121,0.0037127653333333334,0.021109187666666664,0.0041107098333333335,0.012069437666666667,0.0035666366333333335,0.0065611482,0.023173171333333336,0.004833324799999999,0.003676700566666667
4,0.007652860833333333,0.020550529666666664,0.009754902133333333,0.004063816833333333,0.0,0.015032649,0.010477401933333332,0.010917355666666666,0.0059245885666666664,0.012631539333333334,0.013546655333333333,0.019147976833333337,0.023313178666666667,0.004604522466666666,0.003949528966666667,0.0038567185333333335,0.0042136292333333335,0.019594627666666666,0.0032681365,0.007481392333333333,0.004665990633333334,0.017390090666666667,0.021588182333333334,0.014941807666666668,0.019695897666666667,0.024649075333333336,0.004309751633333333,0.013824878333333335,0.019916852333333335,0.018458388333333336,0.011834629333333334,0.020755878999999998,0.016548366,0.010893460166666667,0.006930120666666667,0.010705148999999999,0.015836397666666665,0.014287112333333333,0.0013548474,0.014634134333333333,0.021653962000000002,0.003501103333333333,0.016203900333333333,0.008730803166666665,0.0038449089,0.015476877999999998,0.009308439533333332,0.004070003733333333,0.018259312333333333,0.0011249780666666668,0.015336396,0.023771355333333338,0.0055829941666666666,0.0034104030000000002,0.003535954066666667,0.0021233796999999997,0.014221241333333334,0.008212079666666667,0.005809956866666665,0.0031488895,0.0013548474,0.007652860833333333,0.006457168,0.014634134333333333,0.021653962000000002,0.016125877666666667,0.007481392333333333,0.003501103333333333,0.004665990633333334,0.017390090666666667,0.016203900333333333,0.020550529666666664,0.018706272000000003,0.0037298540333333334,0.009754902133333333,0.004063816833333333,0.008730803166666665,0.021588182333333334,0.005951636933333334,0.0,0.015032649,0.010477401933333332,0.014941807666666668,0.0049369018333333325,0.010917355666666666,0.005888088466666667,0.009485517,0.0059245885666666664,0.0038449089,0.019695897666666667,0.003835370066666667,0.005543015333333333,0.012631539333333334,0.015476877999999998,0.023128745,0.009308439533333332,0.024649075333333336,0.004070003733333333,0.018259312333333333,0.013546655333333333,0.019147976833333337,0.0011249780666666668,0.005143477533333333,0.012379328333333332,0.023313178666666667,0.004309751633333333,0.006669018666666667,0.013824878333333335,0.015336396,0.019916852333333335,0.007996640666666667,0.004604522466666666,0.003949528966666667,0.023771355333333338,0.0055829941666666666,0.0038567185333333335,0.018458388333333336,0.0042136292333333335,0.011834629333333334,0.020755878999999998,0.019594627666666666,0.0034104030000000002,0.023637998333333337,0.004922417666666666,0.0032681365,0.016548366,0.010893460166666667,0.003535954066666667,0.0021233796999999997,0.006930120666666667,0.010705148999999999,0.015836397666666665,0.004444277333333333,0.014221241333333334,0.014287112333333333,0.008212079666666667,0.005809956866666665,0.0031488895,0.006457168,0.016125877666666667,0.018706272000000003,0.0037298540333333334,0.005951636933333334,0.0049369018333333325,0.005888088466666667,0.009485517,0.003835370066666667,0.005543015333333333,0.023128745,0.005143477533333333,0.012379328333333332,0.006669018666666667,0.007996640666666667,0.023637998333333337,0.004922417666666666,0.004444277333333333
5,0.011898980666666666,0.011420730999999998,0.012043364666666667,0.015373702666666666,0.015032649,0.0,0.002913415433333333,0.005227526,0.008223323000000001,0.0045655946,0.0049293418,0.0054534972,0.0067147096666666664,0.010955676999999999,0.016173853333333335,0.013075554333333333,0.019413979666666668,0.004643396433333334,0.016496906666666665,0.012721291666666665,0.02170217433333333,0.0075313368,0.006521968,0.008862827333333333,0.0051927428,0.007982921666666667,0.014140468833333334,0.009034299666666667,0.0057307899999999995,0.0024813413666666664,0.0064909955,0.003889366,0.005730636933333333,0.012733014333333332,0.012743053999999998,0.007912894,0.006193926,0.0038832724666666664,0.017059403666666664,0.0038183351333333326,0.005929605166666667,0.017856442333333333,0.005210147333333333,0.008101681866666665,0.02010087966666667,0.0022962948,0.010420091999999999,0.010201869333333334,0.007501697333333334,0.015325283900000002,0.005082474066666666,0.006321990333333334,0.021511559,0.010397080566666668,0.018382897333333332,0.015912668,0.0042064031000000005,0.009597925333333333,0.02144332733333333,0.019733111,0.017059403666666664,0.011898980666666666,0.014385151666666669,0.0038183351333333326,0.005929605166666667,0.017306349666666665,0.012721291666666665,0.017856442333333333,0.02170217433333333,0.0075313368,0.005210147333333333,0.011420730999999998,0.005858512666666667,0.011987368333333333,0.012043364666666667,0.015373702666666666,0.008101681866666665,0.006521968,0.021529351,0.015032649,0.0,0.002913415433333333,0.008862827333333333,0.013179578333333332,0.005227526,0.019948677333333335,0.0059902129999999994,0.008223323000000001,0.02010087966666667,0.0051927428,0.01702300513333333,0.018655272166666667,0.0045655946,0.0022962948,0.008302090666666666,0.010420091999999999,0.007982921666666667,0.010201869333333334,0.007501697333333334,0.0049293418,0.0054534972,0.015325283900000002,0.009465742,0.013747632666666669,0.0067147096666666664,0.014140468833333334,0.011918751333333333,0.009034299666666667,0.005082474066666666,0.0057307899999999995,0.018048369999999998,0.010955676999999999,0.016173853333333335,0.006321990333333334,0.021511559,0.013075554333333333,0.0024813413666666664,0.019413979666666668,0.0064909955,0.003889366,0.004643396433333334,0.010397080566666668,0.006534890200000001,0.014780237000000002,0.016496906666666665,0.005730636933333333,0.012733014333333332,0.018382897333333332,0.015912668,0.012743053999999998,0.007912894,0.006193926,0.019353300333333334,0.0042064031000000005,0.0038832724666666664,0.009597925333333333,0.02144332733333333,0.019733111,0.014385151666666669,0.017306349666666665,0.005858512666666667,0.011987368333333333,0.021529351,0.013179578333333332,0.019948677333333335,0.0059902129999999994,0.01702300513333333,0.018655272166666667,0.008302090666666666,0.009465742,0.013747632666666669,0.011918751333333333,0.018048369999999998,0.006534890200000001,0.014780237000000002,0.019353300333333334
6,0.0097257,0.013399521333333334,0.009085844,0.010190401600000001,0.010477401933333332,0.002913415433333333,0.0,0.0028719067333333333,0.005806362666666666,0.003690836733333333,0.0054381907,0.007856262,0.009809537666666668,0.008499560666666666,0.011868140833333334,0.008360203,0.0136644025,0.0058951855,0.012139443666666666,0.009639439999999999,0.016345570666666667,0.006582987333333333,0.009120049,0.009554898666666667,0.006252765666666668,0.010700609333333333,0.009290292,0.006786397999999999,0.007290554000000001,0.005015411066666667,0.005294591166666666,0.005590464666666667,0.005603994900000001,0.009854362666666667,0.009742339333333332,0.007292956000000001,0.0065173825,0.0027281224333333336,0.011441099666666666,0.0034224391000000002,0.009103830666666667,0.013303858,0.006144968666666667,0.00541267,0.014814116666666665,0.002883621066666667,0.008688998333333333,0.0063498716666666654,0.008468506666666669,0.011394681433333335,0.0057757396666666665,0.009002727333333333,0.016479192133333334,0.007024799,0.013584943666666667,0.01072401,0.003528072333333333,0.006453315333333333,0.015412937,0.014624585666666667,0.011441099666666666,0.0097257,0.010047900666666667,0.0034224391000000002,0.009103830666666667,0.016158058,0.009639439999999999,0.013303858,0.016345570666666667,0.006582987333333333,0.006144968666666667,0.013399521333333334,0.007289028,0.007972365466666667,0.009085844,0.010190401600000001,0.00541267,0.009120049,0.016037869466666667,0.010477401933333332,0.002913415433333333,0.0,0.009554898666666667,0.008294314333333334,0.0028719067333333333,0.015438175500000002,0.003363605333333333,0.005806362666666666,0.014814116666666665,0.006252765666666668,0.012084448333333334,0.014342362200000002,0.003690836733333333,0.002883621066666667,0.010021577133333332,0.008688998333333333,0.010700609333333333,0.0063498716666666654,0.008468506666666669,0.0054381907,0.007856262,0.011394681433333335,0.0058657686666666676,0.012176621,0.009809537666666668,0.009290292,0.007670954866666666,0.006786397999999999,0.0057757396666666665,0.007290554000000001,0.014192650666666667,0.008499560666666666,0.011868140833333334,0.009002727333333333,0.016479192133333334,0.008360203,0.005015411066666667,0.0136644025,0.005294591166666666,0.005590464666666667,0.0058951855,0.007024799,0.009451325666666668,0.009308900333333333,0.012139443666666666,0.005603994900000001,0.009854362666666667,0.013584943666666667,0.01072401,0.009742339333333332,0.007292956000000001,0.0065173825,0.014814609333333334,0.003528072333333333,0.0027281224333333336,0.006453315333333333,0.015412937,0.014624585666666667,0.010047900666666667,0.016158058,0.007289028,0.007972365466666667,0.016037869466666667,0.008294314333333334,0.015438175500000002,0.003363605333333333,0.012084448333333334,0.014342362200000002,0.010021577133333332,0.0058657686666666676,0.012176621,0.007670954866666666,0.014192650666666667,0.009451325666666668,0.009308900333333333,0.014814609333333334
7,0.006931845333333334,0.013514087333333334,0.0043591121000000005,0.010893601000000001,0.010917355666666666,0.005227526,0.0028719067333333333,0.0,0.005033055933333334,0.005061861,0.003218209866666667,0.009838595,0.0087007465,0.007136060933333333,0.009231813666666666,0.005986261266666667,0.011243851833333334,0.003571307666666667,0.009009764666666666,0.005927115533333333,0.015160205000000001,0.0049205382,0.0075212737333333335,0.0083184062,0.004349724466666666,0.008955156766666666,0.006109903233333333,0.004319820833333333,0.0056434612,0.005432085033333333,0.0038816730000000004,0.004427768766666667,0.003963343333333333,0.006988001,0.006282774533333333,0.005042078133333333,0.004647964200000001,0.001913690566666667,0.011433824,0.0032451113,0.008075517466666666,0.011423558,0.0051352382666666665,0.005308353900000001,0.01348478,0.003323849,0.006646382666666667,0.005479383533333332,0.0066302261,0.012289625333333333,0.0069857795333333325,0.0068249085333333325,0.014631211666666666,0.008877698666666666,0.010481049533333333,0.011737388333333331,0.0030334293666666665,0.0041563015333333335,0.013023513666666669,0.013094312,0.011433824,0.006931845333333334,0.007478141666666666,0.0032451113,0.008075517466666666,0.014206663666666668,0.005927115533333333,0.011423558,0.015160205000000001,0.0049205382,0.0051352382666666665,0.013514087333333334,0.005010314766666666,0.010604296000000001,0.0043591121000000005,0.010893601000000001,0.005308353900000001,0.0075212737333333335,0.012476976666666667,0.010917355666666666,0.005227526,0.0028719067333333333,0.0083184062,0.007831925,0.0,0.012247518800000001,0.0031847358333333335,0.005033055933333334,0.01348478,0.004349724466666666,0.0096236985,0.011468769666666667,0.005061861,0.003323849,0.008597952133333333,0.006646382666666667,0.008955156766666666,0.005479383533333332,0.0066302261,0.003218209866666667,0.009838595,0.012289625333333333,0.004103106166666667,0.009067924666666668,0.0087007465,0.006109903233333333,0.007189589666666666,0.004319820833333333,0.0069857795333333325,0.0056434612,0.009682500266666668,0.007136060933333333,0.009231813666666666,0.0068249085333333325,0.014631211666666666,0.005986261266666667,0.005432085033333333,0.011243851833333334,0.0038816730000000004,0.004427768766666667,0.003571307666666667,0.008877698666666666,0.007604354533333333,0.006440359333333334,0.009009764666666666,0.003963343333333333,0.006988001,0.010481049533333333,0.011737388333333331,0.006282774533333333,0.005042078133333333,0.004647964200000001,0.012886887666666668,0.0030334293666666665,0.001913690566666667,0.0041563015333333335,0.013023513666666669,0.013094312,0.007478141666666666,0.014206663666666668,0.005010314766666666,0.010604296000000001,0.012476976666666667,0.007831925,0.012247518800000001,0.0031847358333333335,0.0096236985,0.011468769666666667,0.008597952133333333,0.004103106166666667,0.009067924666666668,0.007189589666666666,0.009682500266666668,0.007604354533333333,0.006440359333333334,0.012886887666666668
8,0.0027525305666666667,0.017240037333333333,0.007396372333333334,0.011347423333333334,0.0059245885666666664,0.008223323000000001,0.005806362666666666,0.005033055933333334,0.0,0.009835859133333335,0.004074798133333333,0.014346444666666664,0.015065234666666668,0.0023932198666666666,0.005581001466666667,0.005798945666666666,0.010857691333333334,0.010345161,0.005370026833333334,0.0033510188,0.011678938333333333,0.0065712094999999995,0.011088148666666667,0.009106912333333333,0.009565550166666666,0.016103887466666668,0.0036147554000000004,0.003556805933333333,0.007949544866666667,0.009612264333333334,0.0025086284,0.010284046333333333,0.005642499499999999,0.003635227566666667,0.0032532931,0.0032529076,0.005160566133333333,0.008026329666666667,0.0085142632,0.006939204666666666,0.012712057433333333,0.0086132028,0.009359305933333334,0.0020365496333333336,0.011302185,0.0084849061,0.004986790666666667,0.0028607269333333334,0.011910827533333333,0.007095635,0.010579824333333333,0.013293055666666666,0.013938832333333333,0.0033296705333333335,0.008364882233333334,0.009090729666666667,0.009362685533333333,0.0017910102999999999,0.013782095666666666,0.009792379533333333,0.0085142632,0.0027525305666666667,0.009827689333333334,0.006939204666666666,0.012712057433333333,0.019013251999999998,0.0033510188,0.0086132028,0.011678938333333333,0.0065712094999999995,0.009359305933333334,0.017240037333333333,0.0103864988,0.006041375666666667,0.007396372333333334,0.011347423333333334,0.0020365496333333336,0.011088148666666667,0.012430449333333335,0.0059245885666666664,0.008223323000000001,0.005806362666666666,0.009106912333333333,0.009038515666666667,0.005033055933333334,0.011428908333333331,0.0067497035333333325,0.0,0.011302185,0.009565550166666666,0.009059580133333333,0.011582477666666669,0.009835859133333335,0.0084849061,0.0162526765,0.004986790666666667,0.016103887466666668,0.0028607269333333334,0.011910827533333333,0.004074798133333333,0.014346444666666664,0.007095635,0.005489264,0.011016534,0.015065234666666668,0.0036147554000000004,0.009799397,0.003556805933333333,0.010579824333333333,0.007949544866666667,0.011232918466666667,0.0023932198666666666,0.005581001466666667,0.013293055666666666,0.013938832333333333,0.005798945666666666,0.009612264333333334,0.010857691333333334,0.0025086284,0.010284046333333333,0.010345161,0.0033296705333333335,0.014064566333333334,0.007495421,0.005370026833333334,0.005642499499999999,0.003635227566666667,0.008364882233333334,0.009090729666666667,0.0032532931,0.0032529076,0.005160566133333333,0.0112767418,0.009362685533333333,0.008026329666666667,0.0017910102999999999,0.013782095666666666,0.009792379533333333,0.009827689333333334,0.019013251999999998,0.0103864988,0.006041375666666667,0.012430449333333335,0.009038515666666667,0.011428908333333331,0.0067497035333333325,0.009059580133333333,0.011582477666666669,0.0162526765,0.005489264,0.011016534,0.009799397,0.011232918466666667,0.014064566333333334,0.007495421,0.0112767418
9,0.012627987,0.007647428833333332,0.011701365333333333,0.009529870599999999,0.012631539333333334,0.0045655946,0.003690836733333333,0.005061861,0.009835859133333335,5.960464499999999e-09,0.0077792705,0.004217628633333333,0.006977391333333333,0.010051147333333333,0.015324336333333332,0.0082258602,0.012175947566666668,0.005659536466666667,0.013483719166666666,0.012006372333333333,0.013966260666666667,0.012897116000000002,0.009025027466666667,0.0072722276,0.005951499766666666,0.008101958,0.012722053,0.012300394,0.011349218999999999,0.0060096383333333335,0.009965018333333332,0.008167243,0.00924054,0.016528777333333335,0.011748423000000001,0.009088007333333334,0.008915631,0.0024787029,0.011885696433333334,0.002631684133333333,0.006805098,0.011308779333333333,0.0033914983333333333,0.010685835133333332,0.012304806666666666,0.002880795833333333,0.007568917666666666,0.007162900733333333,0.004628833166666666,0.013453262999999998,0.0018357177666666667,0.009265778666666667,0.013093787466666666,0.011172477333333335,0.013612469133333334,0.011067698566666668,0.0026680965666666667,0.010381436200000002,0.013188529133333333,0.013040278233333332,0.011885696433333334,0.012627987,0.0068349657999999995,0.002631684133333333,0.006805098,0.009168072433333334,0.012006372333333333,0.011308779333333333,0.013966260666666667,0.012897116000000002,0.0033914983333333333,0.007647428833333332,0.005450183133333333,0.009526310333333335,0.011701365333333333,0.009529870599999999,0.010685835133333332,0.009025027466666667,0.0137000739,0.012631539333333334,0.0045655946,0.003690836733333333,0.0072722276,0.006035288333333333,0.005061861,0.012543787899999999,0.0016976039,0.009835859133333335,0.012304806666666666,0.005951499766666666,0.010816027833333332,0.011823092,5.960464499999999e-09,0.002880795833333333,0.0072938145,0.007568917666666666,0.008101958,0.007162900733333333,0.004628833166666666,0.0077792705,0.004217628633333333,0.013453262999999998,0.004977057366666667,0.0085271655,0.006977391333333333,0.012722053,0.004930456466666666,0.012300394,0.0018357177666666667,0.011349218999999999,0.011275813999999999,0.010051147333333333,0.015324336333333332,0.009265778666666667,0.013093787466666666,0.0082258602,0.0060096383333333335,0.012175947566666668,0.009965018333333332,0.008167243,0.005659536466666667,0.011172477333333335,0.007868317666666666,0.011257205333333334,0.013483719166666666,0.00924054,0.016528777333333335,0.013612469133333334,0.011067698566666668,0.011748423000000001,0.009088007333333334,0.008915631,0.012195088599999999,0.0026680965666666667,0.0024787029,0.010381436200000002,0.013188529133333333,0.013040278233333332,0.0068349657999999995,0.009168072433333334,0.005450183133333333,0.009526310333333335,0.0137000739,0.006035288333333333,0.012543787899999999,0.0016976039,0.010816027833333332,0.011823092,0.0072938145,0.004977057366666667,0.0085271655,0.004930456466666666,0.011275813999999999,0.007868317666666666,0.011257205333333334,0.012195088599999999
10,0.004761811033333333,0.012703649666666667,0.006579790466666666,0.016599247666666667,0.013546655333333333,0.0049293418,0.0054381907,0.003218209866666667,0.004074798133333333,0.0077792705,1.9868214999999996e-09,0.009731499333333334,0.0074134429,0.0061609068,0.010188295000000002,0.009383493833333334,0.01602691,0.0038204551000000004,0.010167805333333333,0.004737069199999999,0.01878368666666667,0.003484414033333333,0.004070929733333333,0.005772310433333333,0.0030746917000000003,0.007919728666666665,0.0078177968,0.002735324733333333,0.0023152113333333333,0.0041086157,0.0018416166,0.003973372733333333,0.0016482253666666668,0.0055194020000000005,0.0049996695,0.0018456399333333334,0.0011875788333333334,0.0047006329000000005,0.015475265333333332,0.0035783429000000003,0.005483108866666667,0.01399087333333333,0.0043062846,0.004439151333333334,0.017446512,0.0043739756,0.004856153333333333,0.006621422366666667,0.005828259333333334,0.014606156,0.007554702133333333,0.004999826466666666,0.01910327066666667,0.009889962333333334,0.013217522733333332,0.016200329666666666,0.0060321190999999994,0.003488185,0.018485047666666667,0.016648445666666668,0.015475265333333332,0.004761811033333333,0.011780975333333334,0.0035783429000000003,0.005483108866666667,0.01709233333333333,0.004737069199999999,0.01399087333333333,0.01878368666666667,0.003484414033333333,0.0043062846,0.012703649666666667,0.003907732166666666,0.013046089666666667,0.006579790466666666,0.016599247666666667,0.004439151333333334,0.004070929733333333,0.016820363333333335,0.013546655333333333,0.0049293418,0.0054381907,0.005772310433333333,0.013012202666666667,0.003218209866666667,0.015362485333333335,0.006792986333333334,0.004074798133333333,0.017446512,0.0030746917000000003,0.013485485466666667,0.015071630333333334,0.0077792705,0.0043739756,0.0090784768,0.004856153333333333,0.007919728666666665,0.006621422366666667,0.005828259333333334,1.9868214999999996e-09,0.009731499333333334,0.014606156,0.007274854333333333,0.009097315866666667,0.0074134429,0.0078177968,0.012435495999999999,0.002735324733333333,0.007554702133333333,0.0023152113333333333,0.012469513999999998,0.0061609068,0.010188295000000002,0.004999826466666666,0.01910327066666667,0.009383493833333334,0.0041086157,0.01602691,0.0018416166,0.003973372733333333,0.0038204551000000004,0.009889962333333334,0.005757055766666667,0.010490087533333333,0.010167805333333333,0.0016482253666666668,0.0055194020000000005,0.013217522733333332,0.016200329666666666,0.0049996695,0.0018456399333333334,0.0011875788333333334,0.016465397666666666,0.0060321190999999994,0.0047006329000000005,0.003488185,0.018485047666666667,0.016648445666666668,0.011780975333333334,0.01709233333333333,0.003907732166666666,0.013046089666666667,0.016820363333333335,0.013012202666666667,0.015362485333333335,0.006792986333333334,0.013485485466666667,0.015071630333333334,0.0090784768,0.007274854333333333,0.009097315866666667,0.012435495999999999,0.012469513999999998,0.005757055766666667,0.010490087533333333,0.016465397666666666
11,0.016135635,0.003322494033333333,0.017282581,0.016687458666666665,0.019147976833333337,0.0054534972,0.007856262,0.009838595,0.014346444666666664,0.004217628633333333,0.009731499333333334,1.9868214999999996e-09,0.0033256094666666665,0.013836540666666668,0.021518043666666667,0.0144438506,0.018993278333333332,0.006721164666666666,0.0195515492,0.0164798915,0.020381704666666667,0.016094964666666666,0.006279677333333333,0.005484402166666667,0.006459248000000001,0.004656811666666667,0.018541143333333333,0.01628620433333333,0.012271489666666666,0.005323797333333334,0.013546659333333332,0.008388217333333333,0.011672918000000001,0.021224506666666663,0.016407887,0.01118868,0.010030871666666667,0.006346778333333332,0.019208432833333334,0.005367894966666667,0.0036109805000000003,0.017642430599999998,0.004115108666666667,0.015496285833333335,0.019218829833333336,0.0048873783333333335,0.010701646333333334,0.013140531466666668,0.004518632,0.01962406966666667,0.0028655092,0.007374294666666666,0.019538916,0.016780571333333334,0.020062597333333328,0.018421085533333333,0.0060023706,0.015412151666666664,0.020263984999999998,0.019631290233333334,0.019208432833333334,0.016135635,0.013454965900000001,0.005367894966666667,0.0036109805000000003,0.009919627333333332,0.0164798915,0.017642430599999998,0.020381704666666667,0.016094964666666666,0.004115108666666667,0.003322494033333333,0.0050887922333333335,0.015885720533333335,0.017282581,0.016687458666666665,0.015496285833333335,0.006279677333333333,0.020062575333333332,0.019147976833333337,0.0054534972,0.007856262,0.005484402166666667,0.013114621,0.009838595,0.018212689666666667,0.007040214566666666,0.014346444666666664,0.019218829833333336,0.006459248000000001,0.017732985766666667,0.017870752233333332,0.004217628633333333,0.0048873783333333335,0.005016179866666666,0.010701646333333334,0.004656811666666667,0.013140531466666668,0.004518632,0.009731499333333334,1.9868214999999996e-09,0.01962406966666667,0.011532535166666667,0.0099874058,0.0033256094666666665,0.018541143333333333,0.011173915866666665,0.01628620433333333,0.0028655092,0.012271489666666666,0.016804961333333333,0.013836540666666668,0.021518043666666667,0.007374294666666666,0.019538916,0.0144438506,0.005323797333333334,0.018993278333333332,0.013546659333333332,0.008388217333333333,0.006721164666666666,0.016780571333333334,0.005241465533333333,0.018262911,0.0195515492,0.011672918000000001,0.021224506666666663,0.020062597333333328,0.018421085533333333,0.016407887,0.01118868,0.010030871666666667,0.018357600800000002,0.0060023706,0.006346778333333332,0.015412151666666664,0.020263984999999998,0.019631290233333334,0.013454965900000001,0.009919627333333332,0.0050887922333333335,0.015885720533333335,0.020062575333333332,0.013114621,0.018212689666666667,0.007040214566666666,0.017732985766666667,0.017870752233333332,0.005016179866666666,0.011532535166666667,0.0099874058,0.011173915866666665,0.016804961333333333,0.005241465533333333,0.018262911,0.018357600800000002
