,omer_02.jpg,tal_05.jpg,omer_07.jpg,tal_06.jpg,omer_06.jpg,omer_08.jpg,tal_01.jpg,omer_03.jpg,tal_07.jpg,tal_03.jpg,omer_04.jpg,omer_10.jpg,tal_09.jpg,tal_02.jpg,tal_08.jpg,omer_09.jpg,tal_10.jpg,omer_05.jpg,tal_04.jpg,matt_04.jpg,dom_10.jpg,dom_05.jpg,matt_08.jpg,dom_04.jpg,matt_02.jpg,matt_07.jpg,matt_06.jpg,matt_05.jpg,dom_07.jpg,dom_03.jpg,matt_03.jpg,matt_01.jpg,dom_06.jpg,matt_10.jpg,dom_01.jpg,dom_09.jpg,matt_09.jpg,dom_02.jpg,tess_03.jpg,taz_06.jpg,taz_04.jpg,taz_03.jpg,tess_01.jpg,tess_07.jpg,tess_05.jpg,taz_05.jpg,tess_02.jpg,tess_09.jpg,tess_06.jpg,taz_07.jpg,taz_02.jpg,tess_04.jpg,taz_09.jpg,tess_08.jpg,taz_08.jpg,taz_01.jpg,tess_10.jpg,taz_10.jpg,marina_07.jpg,tamar_04.jpg,tess_03.jpg.1,omer_02.jpg.1,marina_04.jpg,taz_06.jpg.1,taz_04.jpg.1,marina_01.jpg,matt_04.jpg.1,taz_03.jpg.1,dom_10.jpg.1,dom_05.jpg.1,tess_01.jpg.1,tal_05.jpg.1,marina_06.jpg,tamar_09.jpg,omer_07.jpg.1,tal_06.jpg.1,tess_07.jpg.1,matt_08.jpg.1,marina_08.jpg,omer_06.jpg.1,omer_08.jpg.1,tal_01.jpg.1,dom_04.jpg.1,tamar_10.jpg,omer_03.jpg.1,tamar_02.jpg,tamar_05.jpg,tal_07.jpg.1,tess_05.jpg.1,matt_02.jpg.1,tamar_07.jpg,tamar_03.jpg,tal_03.jpg.1,taz_05.jpg.1,marina_09.jpg,tess_02.jpg.1,matt_07.jpg.1,tess_09.jpg.1,tess_06.jpg.1,omer_04.jpg.1,omer_10.jpg.1,taz_07.jpg.1,tamar_01.jpg,marina_10.jpg,tal_09.jpg.1,matt_06.jpg.1,tamar_06.jpg,matt_05.jpg.1,taz_02.jpg.1,dom_07.jpg.1,marina_05.jpg,tal_02.jpg.1,tal_08.jpg.1,tess_04.jpg.1,taz_09.jpg.1,omer_09.jpg.1,dom_03.jpg.1,tal_10.jpg.1,matt_03.jpg.1,matt_01.jpg.1,omer_05.jpg.1,tess_08.jpg.1,marina_02.jpg,marina_03.jpg,tal_04.jpg.1,dom_06.jpg.1,matt_10.jpg.1,taz_08.jpg.1,taz_01.jpg.1,dom_01.jpg.1,dom_09.jpg.1,matt_09.jpg.1,tamar_08.jpg,tess_10.jpg.1,dom_02.jpg.1,taz_10.jpg.1,marina_07.jpg.1,tamar_04.jpg.1,marina_04.jpg.1,marina_01.jpg.1,marina_06.jpg.1,tamar_09.jpg.1,marina_08.jpg.1,tamar_10.jpg.1,tamar_02.jpg.1,tamar_05.jpg.1,tamar_07.jpg.1,tamar_03.jpg.1,marina_09.jpg.1,tamar_01.jpg.1,marina_10.jpg.1,tamar_06.jpg.1,marina_05.jpg.1,marina_02.jpg.1,marina_03.jpg.1,tamar_08.jpg.1
0,3.973642999999999e-09,0.011902028739999999,0.0014207680894999998,0.002138129760333333,0.0013503472174666669,0.0025039990986666667,0.00333065384,0.0038409312566666668,0.0006828010106666667,0.007605884487333334,0.0007250805842,0.010709599449333333,0.012725520097,0.00011224548166666667,0.001363098616,0.0012264609423333335,0.0013793110893333333,0.004379989636333333,0.0010380248363333333,0.000326132782,0.0012177487126666666,0.002726940226666667,0.0081009348872,0.003944895754,0.003527198278,0.012831566811666667,0.0014211773887999998,0.0015258749146666666,0.008862121834333332,0.004355374805666667,0.0008452117516666666,0.009117728587666666,0.0007276872803333333,0.0010978082783333334,0.0001854558793333333,0.00015824834433333332,0.0009325464819999999,0.0023671507443333334,0.0014704247416666668,0.006488100802,0.010896082630666666,0.0008887807646666667,0.0017048339396666667,0.002357216717533333,0.0015080492276666668,0.0018004596723333335,0.0004927655106666667,0.00114088653,0.0047825017283333335,0.0013881365996666665,0.008813726973333331,0.012640581639,0.0013996899066666668,0.0011825759623333334,0.0013939141686666668,0.0014854192803333336,0.003887486448,0.0011153618601666667,0.0016793688096666667,0.0013120929399999999,0.0014704247416666668,3.973642999999999e-09,0.002165957205666667,0.006488100802,0.010896082630666666,0.0035470545333333337,0.000326132782,0.0008887807646666667,0.0012177487126666666,0.002726940226666667,0.0017048339396666667,0.011902028739999999,0.006544017738,0.0022861104229999997,0.0014207680894999998,0.002138129760333333,0.002357216717533333,0.0081009348872,0.0014153540146666665,0.0013503472174666669,0.0025039990986666667,0.00333065384,0.003944895754,0.0018849213899999999,0.0038409312566666668,0.0009743372546666666,0.0031155666406666666,0.0006828010106666667,0.0015080492276666668,0.003527198278,0.0014666815753333333,0.0017881512723333336,0.007605884487333334,0.0018004596723333335,0.010855688575333334,0.0004927655106666667,0.012831566811666667,0.00114088653,0.0047825017283333335,0.0007250805842,0.010709599449333333,0.0013881365996666665,0.002236549066666667,0.0012168764939999997,0.012725520097,0.0014211773887999998,0.0016949891920000001,0.0015258749146666666,0.008813726973333331,0.008862121834333332,0.0018301963953333332,0.00011224548166666667,0.001363098616,0.012640581639,0.0013996899066666668,0.0012264609423333335,0.004355374805666667,0.0013793110893333333,0.0008452117516666666,0.009117728587666666,0.004379989636333333,0.0011825759623333334,0.012144102771,0.0015123069133333334,0.0010380248363333333,0.0007276872803333333,0.0010978082783333334,0.0013939141686666668,0.0014854192803333336,0.0001854558793333333,0.00015824834433333332,0.0009325464819999999,0.001245796686,0.003887486448,0.0023671507443333334,0.0011153618601666667,0.0016793688096666667,0.0013120929399999999,0.002165957205666667,0.0035470545333333337,0.006544017738,0.0022861104229999997,0.0014153540146666665,0.0018849213899999999,0.0009743372546666666,0.0031155666406666666,0.0014666815753333333,0.0017881512723333336,0.010855688575333334,0.002236549066666667,0.0012168764939999997,0.0016949891920000001,0.0018301963953333332,0.012144102771,0.0015123069133333334,0.001245796686
1,0.011902028739999999,1.9868214999999996e-09,0.015895406488666667,0.011824901766,0.016942301093333334,0.006711202788666667,0.006774427477666666,0.005221819934999999,0.014375956448333333,0.002281409425,0.008999729296666668,0.0002214709843333333,0.00013397335833333334,0.010977466997666666,0.017008121898333336,0.015817910481,0.015862657528333334,0.004342891796666666,0.01634925208133333,0.013946257157666666,0.016683405704999998,0.008998894842333332,0.0013109187233333332,0.0032336989980000005,0.004801919135,0.0003067056366666667,0.016617518993333334,0.013770441218666666,0.0022638419423333333,0.0040451645066666665,0.015136456578666666,0.0019970456833333333,0.011646880714,0.015185300499666664,0.012281791252666667,0.012470325078666666,0.008174538735333334,0.008690702688333333,0.017131474033333333,0.002156913390666667,0.00039617023333333334,0.014550812935333333,0.009655859222666667,0.010468163009,0.015084221126666667,0.009262726832666665,0.011274707041333333,0.016520363471666667,0.003907320969333333,0.017066993938333334,0.0007967074683333333,0.0006851216206666666,0.016612168098,0.016370723684999998,0.017011056190000002,0.015835618978666668,0.006236255073333334,0.015468573610000001,0.016029679805,0.016868942805666667,0.017131474033333333,0.011902028739999999,0.012865031258666665,0.002156913390666667,0.00039617023333333334,0.008630848095333331,0.013946257157666666,0.014550812935333333,0.016683405704999998,0.008998894842333332,0.009655859222666667,1.9868214999999996e-09,0.0019544998913333333,0.006297210993333334,0.015895406488666667,0.011824901766,0.010468163009,0.0013109187233333332,0.016465910321333332,0.016942301093333334,0.006711202788666667,0.006774427477666666,0.0032336989980000005,0.011669750851,0.005221819934999999,0.014032147371666666,0.006898798435000001,0.014375956448333333,0.015084221126666667,0.004801919135,0.016134285988666664,0.014466754735,0.002281409425,0.009262726832666665,0.0009933511513333332,0.011274707041333333,0.0003067056366666667,0.016520363471666667,0.003907320969333333,0.008999729296666668,0.0002214709843333333,0.017066993938333334,0.009121392192333332,0.008467149837666665,0.00013397335833333334,0.016617518993333334,0.010370516626666666,0.013770441218666666,0.0007967074683333333,0.0022638419423333333,0.013790516189333333,0.010977466997666666,0.017008121898333336,0.0006851216206666666,0.016612168098,0.015817910481,0.0040451645066666665,0.015862657528333334,0.015136456578666666,0.0019970456833333333,0.004342891796666666,0.016370723684999998,0.0002980927773333333,0.016451755925666663,0.01634925208133333,0.011646880714,0.015185300499666664,0.017011056190000002,0.015835618978666668,0.012281791252666667,0.012470325078666666,0.008174538735333334,0.015156491559333334,0.006236255073333334,0.008690702688333333,0.015468573610000001,0.016029679805,0.016868942805666667,0.012865031258666665,0.008630848095333331,0.0019544998913333333,0.006297210993333334,0.016465910321333332,0.011669750851,0.014032147371666666,0.006898798435000001,0.016134285988666664,0.014466754735,0.0009933511513333332,0.009121392192333332,0.008467149837666665,0.010370516626666666,0.013790516189333333,0.0002980927773333333,0.016451755925666663,0.015156491559333334
2,0.0014207680894999998,0.015895406488666667,0.0,0.001540642979,0.00030767916866666667,0.0038012344553333337,0.004395133190333333,0.005074606377666667,0.0007746418466666666,0.010087867473333333,0.002648635716,0.014667485448333333,0.016629193508666668,0.0017054200620000002,0.00041380921333333327,0.00014904935533333332,0.0001224100606666667,0.0059883654153333335,0.00033657152133333336,0.0007796983053333333,0.00039177138766666663,0.003492049349333333,0.012097450018,0.007523944008666667,0.005324934066333334,0.01664934561,0.0005857209096666666,0.0014884610853333332,0.012260625715666667,0.007329428147,0.00044653812433333336,0.011930326636666667,0.0015923639206666667,0.001049158972,0.0012934287223333335,0.0012206157139999997,0.0028532286613333333,0.002484790374,0.0002859890446666667,0.009116834522166667,0.014896698474666665,0.0008394638763333332,0.002614510174333333,0.0034771681818333336,0.0010152737073333335,0.0019634226873333333,0.0017749726900000002,0.0003333628106666667,0.007147312061666667,0.00031771858266666663,0.012195922993466668,0.016412659476,0.00037621856299999997,0.000566623615,0.00027433434766666666,0.00027088722833333334,0.004788706621666666,0.0007747610344666666,0.0004245460096666666,0.00031078457733333336,0.0002859890446666667,0.0014207680894999998,0.0016351640233333332,0.009116834522166667,0.014896698474666665,0.004511854916666667,0.0007796983053333333,0.0008394638763333332,0.00039177138766666663,0.003492049349333333,0.002614510174333333,0.015895406488666667,0.009525287038666667,0.004644012548533333,0.0,0.001540642979,0.0034771681818333336,0.012097450018,0.000291271991,0.00030767916866666667,0.0038012344553333337,0.004395133190333333,0.007523944008666667,0.0015288094823333331,0.005074606377666667,0.0010198056876666666,0.003843536088,0.0007746418466666666,0.0010152737073333335,0.005324934066333334,0.00034297307399999997,0.0011233528713333332,0.010087867473333333,0.0019634226873333333,0.014330448694333333,0.0017749726900000002,0.01664934561,0.0003333628106666667,0.007147312061666667,0.002648635716,0.014667485448333333,0.00031771858266666663,0.0025234560333333334,0.0031720916543333333,0.016629193508666668,0.0005857209096666666,0.0016025344556666668,0.0014884610853333332,0.012195922993466668,0.012260625715666667,0.001470238026,0.0017054200620000002,0.00041380921333333327,0.016412659476,0.00037621856299999997,0.00014904935533333332,0.007329428147,0.0001224100606666667,0.00044653812433333336,0.011930326636666667,0.0059883654153333335,0.000566623615,0.015930006654666668,0.000107294321,0.00033657152133333336,0.0015923639206666667,0.001049158972,0.00027433434766666666,0.00027088722833333334,0.0012934287223333335,0.0012206157139999997,0.0028532286613333333,0.0007017095706666666,0.004788706621666666,0.002484790374,0.0007747610344666666,0.0004245460096666666,0.00031078457733333336,0.0016351640233333332,0.004511854916666667,0.009525287038666667,0.004644012548533333,0.000291271991,0.0015288094823333331,0.0010198056876666666,0.003843536088,0.00034297307399999997,0.0011233528713333332,0.014330448694333333,0.0025234560333333334,0.0031720916543333333,0.0016025344556666668,0.001470238026,0.015930006654666668,0.000107294321,0.0007017095706666666
3,0.002138129760333333,0.011824901766,0.001540642979,1.9868214999999996e-09,0.002280432090666667,0.003073996281666667,0.0032519003396666666,0.002654188885333333,0.002701101814,0.005675011911666667,0.0031423289650000003,0.011019895492,0.012492559192666668,0.0020683845033333333,0.002676745242666667,0.0018176654356666666,0.0016439616836666667,0.003075271761666667,0.0021038909359999995,0.0017814298266666663,0.0019828041323333334,0.00407689207,0.00970420638,0.005595668115666666,0.0026525675246666667,0.012529156783333332,0.002957584362333333,0.0037226498400000003,0.010224380014333333,0.006114427283000001,0.0023855189573333334,0.008858400646666669,0.0029910305033333333,0.003460460896,0.001934313782,0.0019574642066666668,0.0026409645853333334,0.0006950239409999999,0.002403775931,0.005529842649666666,0.011520369813333335,0.0013663053386666667,0.0009430209866666667,0.0049983758303333336,0.0010244250233333333,0.001149340499,0.0016344447466666667,0.0024710834030000003,0.0036125718486666666,0.0024444461433333333,0.008222051335666666,0.012876397392000001,0.0016551375416666667,0.0029137016323333336,0.0021555741490000002,0.0011262019366666668,0.0016232470829999999,0.0031046191543333333,0.0010304749016666669,0.002155846459333333,0.002403775931,0.002138129760333333,0.00029197136533333333,0.005529842649666666,0.011520369813333335,0.0014610330243333336,0.0017814298266666663,0.0013663053386666667,0.0019828041323333334,0.00407689207,0.0009430209866666667,0.011824901766,0.005757838576666666,0.004304107089333333,0.001540642979,1.9868214999999996e-09,0.0049983758303333336,0.00970420638,0.00158260265,0.002280432090666667,0.003073996281666667,0.0032519003396666666,0.005595668115666666,0.00018577576300000002,0.002654188885333333,0.0011379917333333334,0.0012439191100000002,0.002701101814,0.0010244250233333333,0.0026525675246666667,0.0012984038016666667,0.0006932834666666667,0.005675011911666667,0.001149340499,0.010838599939333334,0.0016344447466666667,0.012529156783333332,0.0024710834030000003,0.0036125718486666666,0.0031423289650000003,0.011019895492,0.0024444461433333333,0.00051684977,0.0018114447566666666,0.012492559192666668,0.002957584362333333,0.00044353406233333336,0.0037226498400000003,0.008222051335666666,0.010224380014333333,0.0006668627156666667,0.0020683845033333333,0.002676745242666667,0.012876397392000001,0.0016551375416666667,0.0018176654356666666,0.006114427283000001,0.0016439616836666667,0.0023855189573333334,0.008858400646666669,0.003075271761666667,0.0029137016323333336,0.011973043418,0.001806576999,0.0021038909359999995,0.0029910305033333333,0.003460460896,0.0021555741490000002,0.0011262019366666668,0.001934313782,0.0019574642066666668,0.0026409645853333334,0.001141494529,0.0016232470829999999,0.0006950239409999999,0.0031046191543333333,0.0010304749016666669,0.002155846459333333,0.00029197136533333333,0.0014610330243333336,0.005757838576666666,0.004304107089333333,0.00158260265,0.00018577576300000002,0.0011379917333333334,0.0012439191100000002,0.0012984038016666667,0.0006932834666666667,0.010838599939333334,0.00051684977,0.0018114447566666666,0.00044353406233333336,0.0006668627156666667,0.011973043418,0.001806576999,0.001141494529
4,0.0013503472174666669,0.016942301093333334,0.00030767916866666667,0.002280432090666667,5.960464333333333e-09,0.004631725925666667,0.005118461577666667,0.006177149365333334,0.0006895482246666667,0.011293212426000001,0.002951135255466667,0.01570104963,0.017718387367666667,0.0017802020499999998,8.129874733333333e-05,0.00022606849333333336,0.00027111570600000005,0.007151984976666667,0.00017745097566666666,0.0006968061143333334,0.00012231071866666666,0.004055184117333333,0.012877851546000001,0.008114969873333332,0.006331916674,0.017723782351000004,0.0002603570693333333,0.00146419603,0.013232922532666667,0.007921908208666666,0.00040630896699999996,0.012993159046666668,0.001780235725,0.0007998704906666665,0.001356558004,0.0012532373073333334,0.0033284484306666667,0.0034217714163333334,3.9172174e-05,0.010311061167666667,0.015943781588666668,0.0009525299090000001,0.003287166351,0.0036804178555,0.0011593818593333334,0.0028282264173333333,0.001983563104,0.00014410813533333332,0.008195666565466667,5.536675466666667e-05,0.013377823538333333,0.017466918581000003,0.00031003950566666665,0.00031169057799999996,5.57104745e-05,0.0004958073416666667,0.005888571244666667,0.0006338477290000001,0.0006017366980000001,8.740623666666666e-05,3.9172174e-05,0.0013503472174666669,0.0022758722413333335,0.010311061167666667,0.015943781588666668,0.005281952906666667,0.0006968061143333334,0.0009525299090000001,0.00012231071866666666,0.004055184117333333,0.003287166351,0.016942301093333334,0.010657934483333334,0.005238292481,0.00030767916866666667,0.002280432090666667,0.0036804178555,0.012877851546000001,0.0002155224533333333,5.960464333333333e-09,0.004631725925666667,0.005118461577666667,0.008114969873333332,0.00225466084,0.006177149365333334,0.001178334135,0.004889639237666667,0.0006895482246666667,0.0011593818593333334,0.006331916674,0.0004725933176666666,0.0015040179199999999,0.011293212426000001,0.0028282264173333333,0.015334824705666666,0.001983563104,0.017723782351000004,0.00014410813533333332,0.008195666565466667,0.002951135255466667,0.01570104963,5.536675466666667e-05,0.0034530996686666666,0.0035699964103333335,0.017718387367666667,0.0002603570693333333,0.002410155524666667,0.00146419603,0.013377823538333333,0.013232922532666667,0.0018695473566666667,0.0017802020499999998,8.129874733333333e-05,0.017466918581000003,0.00031003950566666665,0.00022606849333333336,0.007921908208666666,0.00027111570600000005,0.00040630896699999996,0.012993159046666668,0.007151984976666667,0.00031169057799999996,0.017046741732333334,0.00019170244566666666,0.00017745097566666666,0.001780235725,0.0007998704906666665,5.57104745e-05,0.0004958073416666667,0.001356558004,0.0012532373073333334,0.0033284484306666667,0.0008413414166666668,0.005888571244666667,0.0034217714163333334,0.0006338477290000001,0.0006017366980000001,8.740623666666666e-05,0.0022758722413333335,0.005281952906666667,0.010657934483333334,0.005238292481,0.0002155224533333333,0.00225466084,0.001178334135,0.004889639237666667,0.0004725933176666666,0.0015040179199999999,0.015334824705666666,0.0034530996686666666,0.0035699964103333335,0.002410155524666667,0.0018695473566666667,0.017046741732333334,0.00019170244566666666,0.0008413414166666668
5,0.0025039990986666667,0.006711202788666667,0.0038012344553333337,0.003073996281666667,0.004631725925666667,0.0,0.0007204075520000001,0.0008581777309999999,0.0030278643050000004,0.0037358522769999998,0.0012235999166666665,0.005682814195333332,0.0070042032379999996,0.002297673744,0.004539396348333334,0.003787453985666667,0.0038637598466666665,0.001274963268,0.004374428733333334,0.003380956238,0.004763744077333333,0.000838555908,0.003944363195333333,0.0024595836279999997,0.0014999469273333332,0.0069528381883333336,0.0041874387599999995,0.002595526,0.0035545428473333337,0.001251453153,0.0033366758506666668,0.0034021754976666665,0.0017071544716666667,0.0033887883046666662,0.0027964969433333328,0.002821576701,0.00133461162,0.0013570407843333334,0.004647284803333333,0.002531486744333333,0.005652777431666667,0.004141557216666666,0.0028844614836666667,0.001637979346,0.004803588136,0.0008620758909999999,0.00293528833,0.004196139091,0.0030778188543333336,0.004615129864333334,0.004311237950666667,0.006426799228,0.004896688308,0.004051891932666666,0.0047480403860000004,0.004291536386333334,0.001947567854666667,0.0034515440499999998,0.004729175476666667,0.004708892229999999,0.004647284803333333,0.0025039990986666667,0.004077682888,0.002531486744333333,0.005652777431666667,0.00421917242,0.003380956238,0.004141557216666666,0.004763744077333333,0.000838555908,0.0028844614836666667,0.006711202788666667,0.0033935805183333335,0.0008536040816666667,0.0038012344553333337,0.003073996281666667,0.001637979346,0.003944363195333333,0.0045936446809999995,0.004631725925666667,0.0,0.0007204075520000001,0.0024595836279999997,0.0030108650466666663,0.0008581777309999999,0.00403160652,0.0015798926286666665,0.0030278643050000004,0.004803588136,0.0014999469273333332,0.004618911096666666,0.004616832696666667,0.0037358522769999998,0.0008620758909999999,0.005088400701,0.00293528833,0.0069528381883333336,0.004196139091,0.0030778188543333336,0.0012235999166666665,0.005682814195333332,0.004615129864333334,0.002170387917666667,0.0026361007953333336,0.0070042032379999996,0.0041874387599999995,0.001980912669333333,0.002595526,0.004311237950666667,0.0035545428473333337,0.004532945124333334,0.002297673744,0.004539396348333334,0.006426799228,0.004896688308,0.003787453985666667,0.001251453153,0.0038637598466666665,0.0033366758506666668,0.0034021754976666665,0.001274963268,0.004051891932666666,0.006328789446666667,0.004240679599,0.004374428733333334,0.0017071544716666667,0.0033887883046666662,0.0047480403860000004,0.004291536386333334,0.0027964969433333328,0.002821576701,0.00133461162,0.004415283564333333,0.001947567854666667,0.0013570407843333334,0.0034515440499999998,0.004729175476666667,0.004708892229999999,0.004077682888,0.00421917242,0.0033935805183333335,0.0008536040816666667,0.0045936446809999995,0.0030108650466666663,0.00403160652,0.0015798926286666665,0.004618911096666666,0.004616832696666667,0.005088400701,0.002170387917666667,0.0026361007953333336,0.001980912669333333,0.004532945124333334,0.006328789446666667,0.004240679599,0.004415283564333333
6,0.00333065384,0.006774427477666666,0.004395133190333333,0.0032519003396666666,0.005118461577666667,0.0007204075520000001,0.0,0.0009644428923333333,0.003918035823333333,0.003740413985,0.002271405817333333,0.005814931917333333,0.006974649320333333,0.003207296062666667,0.005086632410333333,0.004326595805666666,0.004417776982333334,0.001514017574,0.005203849156666667,0.004215677415333334,0.005352050006666666,0.001009249699,0.004121013488666667,0.003077526996666667,0.001722031847,0.006716688483,0.004589503984166667,0.003041205753333333,0.0038038015946666665,0.0015547434483333333,0.004203677162333333,0.0028751413126666663,0.0027288615756666666,0.004066550693000001,0.003834728407,0.0038252691516666667,0.0024310489343333332,0.0014266948026666665,0.005153834703666666,0.0027512590143333334,0.00592335864,0.00509469315,0.0037604469993333333,0.002195646406666667,0.0054735363438333335,0.001267367559333333,0.0039258142240000005,0.004889392775,0.0036959172136666668,0.005191664023666667,0.004669066336666666,0.0062831739326666665,0.005574695153666667,0.004739041981,0.005351712457,0.004854595774133334,0.002113606568666667,0.004234864293333333,0.005184409903500001,0.005375963296666667,0.005153834703666666,0.00333065384,0.004585897822666667,0.0027512590143333334,0.00592335864,0.004670008175333334,0.004215677415333334,0.00509469315,0.005352050006666666,0.001009249699,0.0037604469993333333,0.006774427477666666,0.0039019722923333334,0.0016201694742,0.004395133190333333,0.0032519003396666666,0.002195646406666667,0.004121013488666667,0.0050809662206666665,0.005118461577666667,0.0007204075520000001,0.0,0.003077526996666667,0.0035198072366666665,0.0009644428923333333,0.0049316147156666665,0.0017711102446666667,0.003918035823333333,0.0054735363438333335,0.001722031847,0.005308934007666666,0.0052933911166666665,0.003740413985,0.001267367559333333,0.004675304732333334,0.0039258142240000005,0.006716688483,0.004889392775,0.0036959172136666668,0.002271405817333333,0.005814931917333333,0.005191664023666667,0.002707187232666666,0.0034096498846666666,0.006974649320333333,0.004589503984166667,0.00251211336,0.003041205753333333,0.004669066336666666,0.0038038015946666665,0.0051975727556666665,0.003207296062666667,0.005086632410333333,0.0062831739326666665,0.005574695153666667,0.004326595805666666,0.0015547434483333333,0.004417776982333334,0.004203677162333333,0.0028751413126666663,0.001514017574,0.004739041981,0.006291315903333333,0.004698224898333334,0.005203849156666667,0.0027288615756666666,0.004066550693000001,0.005351712457,0.004854595774133334,0.003834728407,0.0038252691516666667,0.0024310489343333332,0.005242860386666667,0.002113606568666667,0.0014266948026666665,0.004234864293333333,0.005184409903500001,0.005375963296666667,0.004585897822666667,0.004670008175333334,0.0039019722923333334,0.0016201694742,0.0050809662206666665,0.0035198072366666665,0.0049316147156666665,0.0017711102446666667,0.005308934007666666,0.0052933911166666665,0.004675304732333334,0.002707187232666666,0.0034096498846666666,0.00251211336,0.0051975727556666665,0.006291315903333333,0.004698224898333334,0.005242860386666667
7,0.0038409312566666668,0.005221819934999999,0.005074606377666667,0.002654188885333333,0.006177149365333334,0.0008581777309999999,0.0009644428923333333,3.973642999999999e-09,0.004871555042,0.001786758469333333,0.0027066112056666667,0.004501120228,0.005420764442666666,0.0034947971516666666,0.006289519836666666,0.005156699658000001,0.005141258252,0.00016438365100000002,0.005913945249333333,0.004684378554333334,0.006082270647333333,0.0021193922156666667,0.003809312977666667,0.002522832071,0.0007071435536666667,0.005389690258,0.006039384834333333,0.004665255692333334,0.003617229061,0.0019482891210000001,0.0050744912279999995,0.00250678469,0.003551574666,0.00551465939,0.00407188137,0.004134162276666666,0.002283076341333333,0.0008485813876666667,0.006278753379333333,0.001210057729,0.0047162373123333335,0.005055991755,0.002656745905333333,0.0036033152693333336,0.005265057052,0.0011117278953333336,0.00374571283,0.005940431423333333,0.0017960667080000002,0.006276069153,0.002812103414,0.005325313498333333,0.006022097519666666,0.006018070537333334,0.006217843191666667,0.0051761927506666664,0.0006245056916666666,0.005512201840333334,0.005396679962333333,0.006170042386666666,0.006278753379333333,0.0038409312566666668,0.0037092844683333337,0.001210057729,0.0047162373123333335,0.0029830971456666663,0.004684378554333334,0.005055991755,0.006082270647333333,0.0021193922156666667,0.002656745905333333,0.005221819934999999,0.00196445186,0.0019837478723333333,0.005074606377666667,0.002654188885333333,0.0036033152693333336,0.003809312977666667,0.005704281654,0.006177149365333334,0.0008581777309999999,0.0009644428923333333,0.002522832071,0.0026923339566666668,3.973642999999999e-09,0.004698179042,0.0005463620126666665,0.004871555042,0.005265057052,0.0007071435536666667,0.005531543566666667,0.004773559235666666,0.001786758469333333,0.0011117278953333336,0.00406649699,0.00374571283,0.005389690258,0.005940431423333333,0.0017960667080000002,0.0027066112056666667,0.004501120228,0.006276069153,0.001515326901,0.0027592481293333337,0.005420764442666666,0.006039384834333333,0.0018136481393333332,0.004665255692333334,0.002812103414,0.003617229061,0.004534866651666666,0.0034947971516666666,0.006289519836666666,0.005325313498333333,0.006022097519666666,0.005156699658000001,0.0019482891210000001,0.005141258252,0.0050744912279999995,0.00250678469,0.00016438365100000002,0.006018070537333334,0.004877501888666666,0.005613887215333333,0.005913945249333333,0.003551574666,0.00551465939,0.006217843191666667,0.0051761927506666664,0.00407188137,0.004134162276666666,0.002283076341333333,0.005158982807333333,0.0006245056916666666,0.0008485813876666667,0.005512201840333334,0.005396679962333333,0.006170042386666666,0.0037092844683333337,0.0029830971456666663,0.00196445186,0.0019837478723333333,0.005704281654,0.0026923339566666668,0.004698179042,0.0005463620126666665,0.005531543566666667,0.004773559235666666,0.00406649699,0.001515326901,0.0027592481293333337,0.0018136481393333332,0.004534866651666666,0.004877501888666666,0.005613887215333333,0.005158982807333333
8,0.0006828010106666667,0.014375956448333333,0.0007746418466666666,0.002701101814,0.0006895482246666667,0.0030278643050000004,0.003918035823333333,0.004871555042,3.973642999999999e-09,0.009828757911999999,0.0013253589500000001,0.013029797763333333,0.015106542722333333,0.0009392301093333333,0.0005365808953333333,0.00057664912,0.0007432441059999999,0.005707645572333333,0.0005198677366666667,0.0005377650200000001,0.0008245051056666666,0.002439222716666667,0.010093770568,0.00600669385,0.005064125729,0.015169614681333333,0.0005591869433333334,0.0005604982223333334,0.010169863865666668,0.00566897009,0.00015933314766666668,0.010641036173333333,0.0004684587283333333,0.000226237376,0.0007306913493333333,0.0006522059439999999,0.0017455895633333332,0.0030043720390000002,0.000713886826,0.008374002070666667,0.013092811900000001,0.0012021958913333334,0.0029792766856666666,0.0018848796586666667,0.0019088745083333332,0.002103741953333334,0.001510761184333333,0.0004422088506666667,0.006953046868000001,0.0006195684506666667,0.011097689881666668,0.014641131829333333,0.001121612381,0.0003368437133333333,0.0007375379483333332,0.0011607905246666665,0.005203247186666667,0.0002530852943333333,0.001512793698,0.00068397918,0.000713886826,0.0006828010106666667,0.002806665404333333,0.008374002070666667,0.013092811900000001,0.0053453664680000006,0.0005377650200000001,0.0012021958913333334,0.0008245051056666666,0.002439222716666667,0.0029792766856666666,0.014375956448333333,0.008747655132666668,0.0031123181073333334,0.0007746418466666666,0.002701101814,0.0018848796586666667,0.010093770568,0.0010201275333333332,0.0006895482246666667,0.0030278643050000004,0.003918035823333333,0.00600669385,0.002432342258666667,0.004871555042,0.0014260768733333332,0.004194484128,3.973642999999999e-09,0.0019088745083333332,0.005064125729,0.0011572917433333334,0.0021710077866666662,0.009828757911999999,0.002103741953333334,0.012886812465000001,0.001510761184333333,0.015169614681333333,0.0004422088506666667,0.006953046868000001,0.0013253589500000001,0.013029797763333333,0.0006195684506666667,0.00311759316,0.0029087086533333335,0.015106542722333333,0.0005591869433333334,0.002226523489333333,0.0005604982223333334,0.011097689881666668,0.010169863865666668,0.002475585634666667,0.0009392301093333333,0.0005365808953333333,0.014641131829333333,0.001121612381,0.00057664912,0.00566897009,0.0007432441059999999,0.00015933314766666668,0.010641036173333333,0.005707645572333333,0.0003368437133333333,0.014383977321999999,0.000803021574,0.0005198677366666667,0.0004684587283333333,0.000226237376,0.0007375379483333332,0.0011607905246666665,0.0007306913493333333,0.0006522059439999999,0.0017455895633333332,0.0013449092709999998,0.005203247186666667,0.0030043720390000002,0.0002530852943333333,0.001512793698,0.00068397918,0.002806665404333333,0.0053453664680000006,0.008747655132666668,0.0031123181073333334,0.0010201275333333332,0.002432342258666667,0.0014260768733333332,0.004194484128,0.0011572917433333334,0.0021710077866666662,0.012886812465000001,0.00311759316,0.0029087086533333335,0.002226523489333333,0.002475585634666667,0.014383977321999999,0.000803021574,0.0013449092709999998
9,0.007605884487333334,0.002281409425,0.010087867473333333,0.005675011911666667,0.011293212426000001,0.0037358522769999998,0.003740413985,0.001786758469333333,0.009828757911999999,1.9868214999999996e-09,0.006069992094333333,0.00226322816,0.00241139929,0.006890600757333333,0.011597778244666667,0.010246523341333334,0.010147444334533332,0.001153333988,0.010776482089,0.008845813942666666,0.010856495166333333,0.006250057467133334,0.0029968002319999995,0.0027666351219999994,0.0014618495595,0.0024723588583333337,0.011471265621333333,0.009959789165999999,0.0036379099243333333,0.003268535937666667,0.010104276305866668,0.002123393579,0.007963661414333334,0.010863475403333331,0.007782538692333333,0.007940185064666667,0.005040452716666667,0.0035749376306666663,0.011499397091333333,0.0004798452143333334,0.002617275767,0.008863478834666667,0.004568278934,0.008056819274166667,0.008844804637,0.004533950380333333,0.006671887624000001,0.011125822902999998,0.0010595818246666667,0.011491205135333332,0.0008022407648,0.003186887506333333,0.010569340040666668,0.011353904174,0.011264610561666668,0.009731227640866669,0.0016626735616666667,0.010834237096666668,0.009741993610533333,0.011172443768666666,0.011499397091333333,0.007605884487333334,0.006537695873333333,0.0004798452143333334,0.002617275767,0.003445839892333333,0.008845813942666666,0.008863478834666667,0.010856495166333333,0.006250057467133334,0.004568278934,0.002281409425,0.0006576061099999999,0.004554355051000001,0.010087867473333333,0.005675011911666667,0.008056819274166667,0.0029968002319999995,0.010472894068666666,0.011293212426000001,0.0037358522769999998,0.003740413985,0.0027666351219999994,0.005669395279333333,0.001786758469333333,0.008323697256666667,0.0021843610973333333,0.009828757911999999,0.008844804637,0.0014618495595,0.010038896431666666,0.008173632644,1.9868214999999996e-09,0.004533950380333333,0.0023395121416666664,0.006671887624000001,0.0024723588583333337,0.011125822902999998,0.0010595818246666667,0.006069992094333333,0.00226322816,0.011491205135333332,0.003745752566666667,0.004450333072333334,0.00241139929,0.011471265621333333,0.004912559241,0.009959789165999999,0.0008022407648,0.0036379099243333333,0.007544269135333333,0.006890600757333333,0.011597778244666667,0.003186887506333333,0.010569340040666668,0.010246523341333334,0.003268535937666667,0.010147444334533332,0.010104276305866668,0.002123393579,0.001153333988,0.011353904174,0.00230428565,0.010702375476666668,0.010776482089,0.007963661414333334,0.010863475403333331,0.011264610561666668,0.009731227640866669,0.007782538692333333,0.007940185064666667,0.005040452716666667,0.009170480512,0.0016626735616666667,0.0035749376306666663,0.010834237096666668,0.009741993610533333,0.011172443768666666,0.006537695873333333,0.003445839892333333,0.0006576061099999999,0.004554355051000001,0.010472894068666666,0.005669395279333333,0.008323697256666667,0.0021843610973333333,0.010038896431666666,0.008173632644,0.0023395121416666664,0.003745752566666667,0.004450333072333334,0.004912559241,0.007544269135333333,0.00230428565,0.010702375476666668,0.009170480512
10,0.0007250805842,0.008999729296666668,0.002648635716,0.0031423289650000003,0.002951135255466667,0.0012235999166666665,0.002271405817333333,0.0027066112056666667,0.0013253589500000001,0.006069992094333333,0.0,0.007764645501000001,0.009678240663666666,0.0006036023146666666,0.002830310619666667,0.0024398803726666664,0.0026468077066666667,0.003120203808,0.002507734255,0.001512710246,0.002971065045333333,0.0015529334384999998,0.005302314020333334,0.0023835997193333335,0.0025369166206666667,0.009811075483,0.002661327507333333,0.00155887208,0.005630121635333333,0.002362068486333334,0.0017376402990000003,0.006454185676666667,0.0004854261903333333,0.0017412781666666668,0.0009109874419999999,0.0009314894779999999,0.0003099918453333334,0.0023546577063333334,0.003013251239333333,0.004557635417333334,0.007728334387333334,0.0023151893820000003,0.0022471844406666665,0.001312442619,0.0032602409749999998,0.0015772441864666665,0.0012300869016666667,0.0024623930292,0.003873946172666667,0.0029146374376666662,0.0063820421886666675,0.009343840826666667,0.0031626104399999997,0.0023167768850000004,0.0030302325833333334,0.0030094345881666665,0.003488580375666667,0.0018545150733333335,0.0034017960321333337,0.0029347201173333328,0.003013251239333333,0.0007250805842,0.0034746070016666666,0.004557635417333334,0.007728334387333334,0.004225281843333334,0.001512710246,0.0023151893820000003,0.002971065045333333,0.0015529334384999998,0.0022471844406666665,0.008999729296666668,0.0047662298599999995,0.0007430831625,0.002648635716,0.0031423289650000003,0.001312442619,0.005302314020333334,0.0030981440883333334,0.002951135255466667,0.0012235999166666665,0.002271405817333333,0.0023835997193333335,0.002790306074,0.0027066112056666667,0.002386335628,0.0027861377323333335,0.0013253589500000001,0.0032602409749999998,0.0025369166206666667,0.0030973951566666664,0.003385345057333333,0.006069992094333333,0.0015772441864666665,0.008022669995,0.0012300869016666667,0.009811075483,0.0024623930292,0.003873946172666667,0.0,0.007764645501000001,0.0029146374376666662,0.002502566488,0.001564319894,0.009678240663666666,0.002661327507333333,0.002121798213333333,0.00155887208,0.0063820421886666675,0.005630121635333333,0.003374707600666667,0.0006036023146666666,0.002830310619666667,0.009343840826666667,0.0031626104399999997,0.0024398803726666664,0.002362068486333334,0.0026468077066666667,0.0017376402990000003,0.006454185676666667,0.003120203808,0.0023167768850000004,0.009061582775666667,0.0028910895426666667,0.002507734255,0.0004854261903333333,0.0017412781666666668,0.0030302325833333334,0.0030094345881666665,0.0009109874419999999,0.0009314894779999999,0.0003099918453333334,0.002819403117666666,0.003488580375666667,0.0023546577063333334,0.0018545150733333335,0.0034017960321333337,0.0029347201173333328,0.0034746070016666666,0.004225281843333334,0.0047662298599999995,0.0007430831625,0.0030981440883333334,0.002790306074,0.002386335628,0.0027861377323333335,0.0030973951566666664,0.003385345057333333,0.008022669995,0.002502566488,0.001564319894,0.002121798213333333,0.003374707600666667,0.009061582775666667,0.0028910895426666667,0.002819403117666666
11,0.010709599449333333,0.0002214709843333333,0.014667485448333333,0.011019895492,0.01570104963,0.005682814195333332,0.005814931917333333,0.004501120228,0.013029797763333333,0.00226322816,0.007764645501000001,3.973642999999999e-09,0.00034255982600000004,0.009837770625333333,0.015709018876666668,0.014562559500999998,0.014642880427333332,0.0037389972876666665,0.015124521555,0.012765336201,0.015515392834333333,0.007751180684,0.0008289257606666667,0.0025799552466666672,0.0041723687800000004,0.0004817346783333333,0.015271401262333333,0.01232533303,0.0016126691846666667,0.003194155273333333,0.013824172398666667,0.0016107976373333332,0.010300821140000001,0.013753881122666668,0.011130036948333333,0.011298163693333333,0.007127499658666667,0.00787049533,0.015861878768666668,0.001813105749,0.00026500026466666667,0.013496524243333332,0.008889800311666668,0.009040516727333334,0.014150385205000001,0.008242132322,0.010295945546666666,0.015197624683333332,0.003599313914333333,0.015792528592666666,0.0007082323333333332,0.0006262838766666667,0.015493881572333333,0.015004956583333333,0.015793259902666668,0.014714998068333335,0.00572072057,0.014051516933333334,0.014981742575666666,0.015657277785333334,0.015861878768666668,0.010709599449333333,0.012095361841333334,0.001813105749,0.00026500026466666667,0.008252755886666666,0.012765336201,0.013496524243333332,0.015515392834333333,0.007751180684,0.008889800311666668,0.0002214709843333333,0.0017319401126666665,0.005094766753333333,0.014667485448333333,0.011019895492,0.009040516727333334,0.0008289257606666667,0.015305834871,0.01570104963,0.005682814195333332,0.005814931917333333,0.0025799552466666672,0.010826955491333334,0.004501120228,0.013017805303333333,0.006261939045333334,0.013029797763333333,0.014150385205000001,0.0041723687800000004,0.015025870007999998,0.013587309774666666,0.00226322816,0.008242132322,0.0008469223813333334,0.010295945546666666,0.0004817346783333333,0.015197624683333332,0.003599313914333333,0.007764645501000001,3.973642999999999e-09,0.015792528592666666,0.008389105689,0.007663492464,0.00034255982600000004,0.015271401262333333,0.009445130895000002,0.01232533303,0.0007082323333333332,0.0016126691846666667,0.012964632233333334,0.009837770625333333,0.015709018876666668,0.0006262838766666667,0.015493881572333333,0.014562559500999998,0.003194155273333333,0.014642880427333332,0.013824172398666667,0.0016107976373333332,0.0037389972876666665,0.015004956583333333,0.00031547149333333333,0.015216147954,0.015124521555,0.010300821140000001,0.013753881122666668,0.015793259902666668,0.014714998068333335,0.011130036948333333,0.011298163693333333,0.007127499658666667,0.014117332256,0.00572072057,0.00787049533,0.014051516933333334,0.014981742575666666,0.015657277785333334,0.012095361841333334,0.008252755886666666,0.0017319401126666665,0.005094766753333333,0.015305834871,0.010826955491333334,0.013017805303333333,0.006261939045333334,0.015025870007999998,0.013587309774666666,0.0008469223813333334,0.008389105689,0.007663492464,0.009445130895000002,0.012964632233333334,0.00031547149333333333,0.015216147954,0.014117332256
