,omer_02.jpg,tal_05.jpg,omer_07.jpg,tal_06.jpg,omer_06.jpg,omer_08.jpg,tal_01.jpg,omer_03.jpg,tal_07.jpg,tal_03.jpg,omer_04.jpg,omer_10.jpg,tal_09.jpg,tal_02.jpg,tal_08.jpg,omer_09.jpg,tal_10.jpg,omer_05.jpg,tal_04.jpg,matt_04.jpg,dom_10.jpg,dom_05.jpg,matt_08.jpg,dom_04.jpg,matt_02.jpg,matt_07.jpg,matt_06.jpg,matt_05.jpg,dom_07.jpg,dom_03.jpg,matt_03.jpg,matt_01.jpg,dom_06.jpg,matt_10.jpg,dom_01.jpg,dom_09.jpg,matt_09.jpg,dom_02.jpg,tess_03.jpg,taz_06.jpg,taz_04.jpg,taz_03.jpg,tess_01.jpg,tess_07.jpg,tess_05.jpg,taz_05.jpg,tess_02.jpg,tess_09.jpg,tess_06.jpg,taz_07.jpg,taz_02.jpg,tess_04.jpg,taz_09.jpg,tess_08.jpg,taz_08.jpg,taz_01.jpg,tess_10.jpg,taz_10.jpg,marina_07.jpg,tamar_04.jpg,tess_03.jpg.1,omer_02.jpg.1,marina_04.jpg,taz_06.jpg.1,taz_04.jpg.1,marina_01.jpg,matt_04.jpg.1,taz_03.jpg.1,dom_10.jpg.1,dom_05.jpg.1,tess_01.jpg.1,tal_05.jpg.1,marina_06.jpg,tamar_09.jpg,omer_07.jpg.1,tal_06.jpg.1,tess_07.jpg.1,matt_08.jpg.1,marina_08.jpg,omer_06.jpg.1,omer_08.jpg.1,tal_01.jpg.1,dom_04.jpg.1,tamar_10.jpg,omer_03.jpg.1,tamar_02.jpg,tamar_05.jpg,tal_07.jpg.1,tess_05.jpg.1,matt_02.jpg.1,tamar_07.jpg,tamar_03.jpg,tal_03.jpg.1,taz_05.jpg.1,marina_09.jpg,tess_02.jpg.1,matt_07.jpg.1,tess_09.jpg.1,tess_06.jpg.1,omer_04.jpg.1,omer_10.jpg.1,taz_07.jpg.1,tamar_01.jpg,marina_10.jpg,tal_09.jpg.1,matt_06.jpg.1,tamar_06.jpg,matt_05.jpg.1,taz_02.jpg.1,dom_07.jpg.1,marina_05.jpg,tal_02.jpg.1,tal_08.jpg.1,tess_04.jpg.1,taz_09.jpg.1,omer_09.jpg.1,dom_03.jpg.1,tal_10.jpg.1,matt_03.jpg.1,matt_01.jpg.1,omer_05.jpg.1,tess_08.jpg.1,marina_02.jpg,marina_03.jpg,tal_04.jpg.1,dom_06.jpg.1,matt_10.jpg.1,taz_08.jpg.1,taz_01.jpg.1,dom_01.jpg.1,dom_09.jpg.1,matt_09.jpg.1,tamar_08.jpg,tess_10.jpg.1,dom_02.jpg.1,taz_10.jpg.1,marina_07.jpg.1,tamar_04.jpg.1,marina_04.jpg.1,marina_01.jpg.1,marina_06.jpg.1,tamar_09.jpg.1,marina_08.jpg.1,tamar_10.jpg.1,tamar_02.jpg.1,tamar_05.jpg.1,tamar_07.jpg.1,tamar_03.jpg.1,marina_09.jpg.1,tamar_01.jpg.1,marina_10.jpg.1,tamar_06.jpg.1,marina_05.jpg.1,marina_02.jpg.1,marina_03.jpg.1,tamar_08.jpg.1
0,0.0,0.6245191,0.54403365,0.69390404,0.30457199999999995,0.4029988,0.6842302,0.41410363,0.71777606,0.7648118,0.34142047,0.5091454000000001,0.71454173,0.70124227,0.69698435,0.42394269999999995,0.62559414,0.2547047,0.7587559,0.81682825,0.781354,0.8437870999999999,0.8313195999999999,0.7656906,0.6634385,0.68461645,0.78937376,0.76673746,0.7005745,0.6727396,0.7578355,0.75613505,0.8394046000000001,0.87225115,0.8702803,0.88723695,0.7563593000000001,0.75026417,0.82785994,0.96338695,0.9651148,0.94238293,0.7838708000000001,0.8830261,0.84349465,0.9649821,0.82052237,0.76916534,0.7054419,0.9346466,0.8743334999999999,0.85277677,0.8899562,0.82841194,0.8927014000000001,0.93491316,0.8777362,0.9142561,0.9204379,0.9419809000000001,0.82785994,0.0,0.91536415,0.96338695,0.9651148,0.87953013,0.81682825,0.94238293,0.781354,0.8437870999999999,0.7838708000000001,0.6245191,0.85968924,0.9195846999999999,0.54403365,0.69390404,0.8830261,0.8313195999999999,0.88902676,0.30457199999999995,0.4029988,0.6842302,0.7656906,0.93544847,0.41410363,0.86453325,0.95419866,0.71777606,0.84349465,0.6634385,0.8515661,0.9369183000000001,0.7648118,0.9649821,0.9595053,0.82052237,0.68461645,0.76916534,0.7054419,0.34142047,0.5091454000000001,0.9346466,0.9448469999999999,0.90139663,0.71454173,0.78937376,0.9480953000000001,0.76673746,0.8743334999999999,0.7005745,0.929367,0.70124227,0.69698435,0.85277677,0.8899562,0.42394269999999995,0.6727396,0.62559414,0.7578355,0.75613505,0.2547047,0.82841194,0.88165027,0.9291653,0.7587559,0.8394046000000001,0.87225115,0.8927014000000001,0.93491316,0.8702803,0.88723695,0.7563593000000001,0.92538697,0.8777362,0.75026417,0.9142561,0.9204379,0.9419809000000001,0.91536415,0.87953013,0.85968924,0.9195846999999999,0.88902676,0.93544847,0.86453325,0.95419866,0.8515661,0.9369183000000001,0.9595053,0.9448469999999999,0.90139663,0.9480953000000001,0.929367,0.88165027,0.9291653,0.92538697
1,0.6245191,0.0,0.74919355,0.23484331,0.7637337,0.7572502,0.45812875,0.79440325,0.5468625,0.4401213,0.76192915,0.66040057,0.6188023,0.52098507,0.45945203,0.77451074,0.4772768,0.69176745,0.54127675,0.8334469000000001,0.7510719,0.81930494,0.8889393,0.6508874,0.73974395,0.81239545,0.8124639,0.8337479999999999,0.80752647,0.71355,0.815022,0.85122645,0.75197697,0.8729978999999999,0.736585,0.8126809,0.7883733,0.7666231,0.8700336,0.97482955,0.9593142,0.96145034,0.87276495,0.86028033,0.86471474,0.9625601999999999,0.8795804,0.8899290999999999,0.83667886,0.96099234,0.9135913,0.8179464,0.92903733,0.9332324000000001,0.956298,0.9575406999999999,0.9500463,0.9578171,0.88617885,0.89565897,0.8700336,0.6245191,0.9042306,0.97482955,0.9593142,0.9382674999999999,0.8334469000000001,0.96145034,0.7510719,0.81930494,0.87276495,0.0,0.8638768,0.8626021999999999,0.74919355,0.23484331,0.86028033,0.8889393,0.9282282,0.7637337,0.7572502,0.45812875,0.6508874,0.87203026,0.79440325,0.8229011,0.86593676,0.5468625,0.86471474,0.73974395,0.8136368,0.85735905,0.4401213,0.9625601999999999,0.8884025,0.8795804,0.81239545,0.8899290999999999,0.83667886,0.76192915,0.66040057,0.96099234,0.87423056,0.8899548,0.6188023,0.8124639,0.9059876,0.8337479999999999,0.9135913,0.80752647,0.87769586,0.52098507,0.45945203,0.8179464,0.92903733,0.77451074,0.71355,0.4772768,0.815022,0.85122645,0.69176745,0.9332324000000001,0.86527276,0.8769551999999999,0.54127675,0.75197697,0.8729978999999999,0.956298,0.9575406999999999,0.736585,0.8126809,0.7883733,0.86508465,0.9500463,0.7666231,0.9578171,0.88617885,0.89565897,0.9042306,0.9382674999999999,0.8638768,0.8626021999999999,0.9282282,0.87203026,0.8229011,0.86593676,0.8136368,0.85735905,0.8884025,0.87423056,0.8899548,0.9059876,0.87769586,0.86527276,0.8769551999999999,0.86508465
2,0.54403365,0.74919355,0.0,0.7561555999999999,0.5536350999999999,0.44618303,0.73064816,0.51801133,0.8016890999999999,0.7627219,0.5225127,0.56039953,0.8179732,0.82748187,0.770821,0.45405495,0.78056806,0.5640849,0.7993427,0.82031304,0.5670073,0.8110729999999999,0.8743658999999999,0.7204438,0.77768904,0.791593,0.8487895000000001,0.8160892,0.7638199999999999,0.6830221,0.82104594,0.7943736,0.8145435000000001,0.8708466,0.82956266,0.82434523,0.84901994,0.6559789,0.8735885,0.9821451999999999,0.94561446,0.9641613000000001,0.7915380999999999,0.85685617,0.891681,0.95182335,0.87529004,0.78787607,0.81482494,0.93733203,0.9081938,0.8331163,0.9287094000000001,0.87689114,0.94275165,0.9429030999999999,0.91160583,0.9432787,0.9443115,0.9553328999999999,0.8735885,0.54403365,0.8633546999999999,0.9821451999999999,0.94561446,0.84550464,0.82031304,0.9641613000000001,0.5670073,0.8110729999999999,0.7915380999999999,0.74919355,0.8473110999999999,0.8909030000000001,0.0,0.7561555999999999,0.85685617,0.8743658999999999,0.94149065,0.5536350999999999,0.44618303,0.73064816,0.7204438,0.94681895,0.51801133,0.81602514,0.92380935,0.8016890999999999,0.891681,0.77768904,0.7826867,0.8089168999999999,0.7627219,0.95182335,0.91294193,0.87529004,0.791593,0.78787607,0.81482494,0.5225127,0.56039953,0.93733203,0.92834246,0.8313415999999999,0.8179732,0.8487895000000001,0.92616713,0.8160892,0.9081938,0.7638199999999999,0.90835506,0.82748187,0.770821,0.8331163,0.9287094000000001,0.45405495,0.6830221,0.78056806,0.82104594,0.7943736,0.5640849,0.87689114,0.9009613000000001,0.8834537,0.7993427,0.8145435000000001,0.8708466,0.94275165,0.9429030999999999,0.82956266,0.82434523,0.84901994,0.8744284,0.91160583,0.6559789,0.9432787,0.9443115,0.9553328999999999,0.8633546999999999,0.84550464,0.8473110999999999,0.8909030000000001,0.94149065,0.94681895,0.81602514,0.92380935,0.7826867,0.8089168999999999,0.91294193,0.92834246,0.8313415999999999,0.92616713,0.90835506,0.9009613000000001,0.8834537,0.8744284
3,0.69390404,0.23484331,0.7561555999999999,0.0,0.7369513000000001,0.80653965,0.36279106,0.8629992,0.4850626,0.30807173,0.802884,0.7360481,0.7173214,0.53034794,0.44900143,0.83207357,0.43008602,0.7540406,0.5193144000000001,0.85364425,0.70298815,0.8371540999999999,0.8860698,0.57354707,0.7764299,0.8140539999999999,0.87477183,0.84439325,0.8154321999999999,0.7268814,0.8238884,0.9072136999999999,0.7636696999999999,0.8925526,0.7189934,0.84393156,0.8729296,0.7359002,0.8806854,0.97424304,0.9415083000000001,0.9595884,0.89803636,0.83899254,0.8470435,0.9520028,0.9062411,0.91558653,0.8383405999999999,0.9518351,0.8933909,0.8119983000000001,0.907976,0.9328216,0.95132476,0.9376138,0.9367025,0.9478588,0.91382694,0.91789967,0.8806854,0.69390404,0.92249584,0.97424304,0.9415083000000001,0.96180403,0.85364425,0.9595884,0.70298815,0.8371540999999999,0.89803636,0.23484331,0.885272,0.8595377000000001,0.7561555999999999,0.0,0.83899254,0.8860698,0.93791276,0.7369513000000001,0.80653965,0.36279106,0.57354707,0.8782303,0.8629992,0.7465447,0.82947576,0.4850626,0.8470435,0.7764299,0.79915935,0.8356482,0.30807173,0.9520028,0.92157847,0.9062411,0.8140539999999999,0.91558653,0.8383405999999999,0.802884,0.7360481,0.9518351,0.90889436,0.8614689,0.7173214,0.87477183,0.9207162,0.84439325,0.8933909,0.8154321999999999,0.90207,0.53034794,0.44900143,0.8119983000000001,0.907976,0.83207357,0.7268814,0.43008602,0.8238884,0.9072136999999999,0.7540406,0.9328216,0.8818104999999999,0.85206246,0.5193144000000001,0.7636696999999999,0.8925526,0.95132476,0.9376138,0.7189934,0.84393156,0.8729296,0.85077596,0.9367025,0.7359002,0.9478588,0.91382694,0.91789967,0.92249584,0.96180403,0.885272,0.8595377000000001,0.93791276,0.8782303,0.7465447,0.82947576,0.79915935,0.8356482,0.92157847,0.90889436,0.8614689,0.9207162,0.90207,0.8818104999999999,0.85206246,0.85077596
4,0.30457199999999995,0.7637337,0.5536350999999999,0.7369513000000001,1.1920928999999999e-07,0.49736840000000004,0.6838691,0.48937458,0.769744,0.8029269,0.5160262,0.62020576,0.787504,0.76119906,0.75990844,0.5222081000000001,0.7510839,0.34303390000000006,0.7867288,0.82868123,0.71746856,0.81816745,0.8103172,0.8064879,0.73479843,0.7506695999999999,0.8190611,0.7964806999999999,0.698609,0.69738495,0.79654896,0.794996,0.8383702,0.85183984,0.8750794,0.88154006,0.83106726,0.6891170999999999,0.8689983,0.9517940999999999,0.9216907,0.9417004000000001,0.8503514999999999,0.92870367,0.876815,0.9738423,0.8929014000000001,0.8180156999999999,0.7381058000000001,0.9082571,0.8989322,0.9166135,0.8814873,0.82623863,0.90873146,0.92567044,0.9046420000000001,0.9127101999999999,0.8765303,0.9673099000000001,0.8689983,0.30457199999999995,0.9159079,0.9517940999999999,0.9216907,0.8327851000000001,0.82868123,0.9417004000000001,0.71746856,0.81816745,0.8503514999999999,0.7637337,0.7946149,0.94646764,0.5536350999999999,0.7369513000000001,0.92870367,0.8103172,0.86308336,1.1920928999999999e-07,0.49736840000000004,0.6838691,0.8064879,0.96202713,0.48937458,0.87821984,0.9477318000000001,0.769744,0.876815,0.73479843,0.87645555,0.95695317,0.8029269,0.9738423,0.93374985,0.8929014000000001,0.7506695999999999,0.8180156999999999,0.7381058000000001,0.5160262,0.62020576,0.9082571,0.9741459000000001,0.79996264,0.787504,0.8190611,0.9748603000000001,0.7964806999999999,0.8989322,0.698609,0.8706923000000001,0.76119906,0.75990844,0.9166135,0.8814873,0.5222081000000001,0.69738495,0.7510839,0.79654896,0.794996,0.34303390000000006,0.82623863,0.9117943000000001,0.88067365,0.7867288,0.8383702,0.85183984,0.90873146,0.92567044,0.8750794,0.88154006,0.83106726,0.93084717,0.9046420000000001,0.6891170999999999,0.9127101999999999,0.8765303,0.9673099000000001,0.9159079,0.8327851000000001,0.7946149,0.94646764,0.86308336,0.96202713,0.87821984,0.9477318000000001,0.87645555,0.95695317,0.93374985,0.9741459000000001,0.79996264,0.9748603000000001,0.8706923000000001,0.9117943000000001,0.88067365,0.93084717
5,0.4029988,0.7572502,0.44618303,0.80653965,0.49736840000000004,5.960464499999999e-08,0.7164165,0.25185853,0.8268371999999999,0.78276706,0.22255957,0.36597276,0.82703483,0.82278013,0.81381714,0.20946443,0.8414929,0.4534787,0.8467135,0.84456027,0.73818815,0.8687985999999999,0.8771349,0.8459405999999999,0.8139996,0.83774173,0.9046668999999999,0.8734143,0.78181815,0.79311895,0.83971286,0.8419501,0.8893561,0.92567736,0.91280466,0.8977354999999999,0.90543085,0.7892504,0.812681,0.9636244,0.9410946,0.9439,0.7472602,0.8784039,0.8470451999999999,0.94474775,0.8446299999999999,0.7766659,0.66600066,0.9261485999999999,0.8755754000000001,0.8413008,0.8969271000000001,0.8270815,0.92521954,0.92165077,0.86704373,0.8977881,0.94974446,0.95823574,0.812681,0.4029988,0.8787154,0.9636244,0.9410946,0.88003844,0.84456027,0.9439,0.73818815,0.8687985999999999,0.7472602,0.7572502,0.8343663,0.9154834999999999,0.44618303,0.80653965,0.8784039,0.8771349,0.9218189,0.49736840000000004,5.960464499999999e-08,0.7164165,0.8459405999999999,0.9515132,0.25185853,0.8210189,0.9139991,0.8268371999999999,0.8470451999999999,0.8139996,0.7906382,0.89963776,0.78276706,0.94474775,0.9599267,0.8446299999999999,0.83774173,0.7766659,0.66600066,0.22255957,0.36597276,0.9261485999999999,0.9374841999999999,0.905877,0.82703483,0.9046668999999999,0.9430958,0.8734143,0.8755754000000001,0.78181815,0.9444454,0.82278013,0.81381714,0.8413008,0.8969271000000001,0.20946443,0.79311895,0.8414929,0.83971286,0.8419501,0.4534787,0.8270815,0.8994829,0.9342507,0.8467135,0.8893561,0.92567736,0.92521954,0.92165077,0.91280466,0.8977354999999999,0.90543085,0.86624897,0.86704373,0.7892504,0.8977881,0.94974446,0.95823574,0.8787154,0.88003844,0.8343663,0.9154834999999999,0.9218189,0.9515132,0.8210189,0.9139991,0.7906382,0.89963776,0.9599267,0.9374841999999999,0.905877,0.9430958,0.9444454,0.8994829,0.9342507,0.86624897
6,0.6842302,0.45812875,0.73064816,0.36279106,0.6838691,0.7164165,1.1920928999999999e-07,0.8286425999999999,0.4827094,0.34703696,0.79271066,0.7365953000000001,0.7112043,0.50539815,0.31619644,0.8278895000000001,0.41617250000000006,0.72576493,0.41437978,0.78700495,0.5922531,0.73754466,0.78199524,0.57140297,0.7389946,0.8035194999999999,0.8406788000000001,0.81032723,0.749449,0.6578411999999999,0.7518929,0.8746963,0.6739356,0.86939424,0.65522563,0.79612947,0.8749261,0.72217625,0.8335311,0.9295275,0.86336726,0.9236196,0.8595731,0.77969337,0.8296457,0.86779153,0.9061315999999999,0.8839824000000001,0.7600809000000001,0.90149635,0.83975375,0.7005613,0.8587783999999999,0.8655293,0.90405697,0.88462293,0.88942796,0.83035016,0.9190726999999999,0.84644836,0.8335311,0.6842302,0.9077421999999998,0.9295275,0.86336726,0.9598208,0.78700495,0.9236196,0.5922531,0.73754466,0.8595731,0.45812875,0.9113995,0.79445106,0.73064816,0.36279106,0.77969337,0.78199524,0.93250686,0.6838691,0.7164165,1.1920928999999999e-07,0.57140297,0.84261084,0.8286425999999999,0.7210994000000001,0.73549247,0.4827094,0.8296457,0.7389946,0.66507417,0.8159586,0.34703696,0.86779153,0.87450284,0.9061315999999999,0.8035194999999999,0.8839824000000001,0.7600809000000001,0.79271066,0.7365953000000001,0.90149635,0.8624276,0.8767686,0.7112043,0.8406788000000001,0.8684976999999999,0.81032723,0.83975375,0.749449,0.9383319,0.50539815,0.31619644,0.7005613,0.8587783999999999,0.8278895000000001,0.6578411999999999,0.41617250000000006,0.7518929,0.8746963,0.72576493,0.8655293,0.8659738000000001,0.86299074,0.41437978,0.6739356,0.86939424,0.90405697,0.88462293,0.65522563,0.79612947,0.8749261,0.7738335,0.88942796,0.72217625,0.83035016,0.9190726999999999,0.84644836,0.9077421999999998,0.9598208,0.9113995,0.79445106,0.93250686,0.84261084,0.7210994000000001,0.73549247,0.66507417,0.8159586,0.87450284,0.8624276,0.8767686,0.8684976999999999,0.9383319,0.8659738000000001,0.86299074,0.7738335
7,0.41410363,0.79440325,0.51801133,0.8629992,0.48937458,0.25185853,0.8286425999999999,0.0,0.8435644,0.8842969,0.19477558,0.3805989,0.8624349,0.8579582,0.84307265,0.20543772,0.8737010000000001,0.37592453,0.84540737,0.8094545999999999,0.7217796,0.7672966,0.8424681,0.79851115,0.77253103,0.7769251,0.82458013,0.78610796,0.66754323,0.66551846,0.78981996,0.75048655,0.79924476,0.8358234,0.8448210999999999,0.81824994,0.8132017,0.68461335,0.8443785,0.9254114999999999,0.9068424999999999,0.8930286000000001,0.8134986,0.9100162,0.9255191999999999,0.9246363000000001,0.8596652,0.82050383,0.7933195,0.8678657,0.83334035,0.8929358000000001,0.8130311,0.84767145,0.8559341,0.8963732,0.9213395000000001,0.8763571,0.8936549000000001,0.9351425999999999,0.8443785,0.41410363,0.82612467,0.9254114999999999,0.9068424999999999,0.81668764,0.8094545999999999,0.8930286000000001,0.7217796,0.7672966,0.8134986,0.79440325,0.8648869,0.92804724,0.51801133,0.8629992,0.9100162,0.8424681,0.9134205,0.48937458,0.25185853,0.8286425999999999,0.79851115,0.9146327,0.0,0.88776976,0.9371223,0.8435644,0.9255191999999999,0.77253103,0.8444867,0.9237949000000001,0.8842969,0.9246363000000001,0.95425093,0.8596652,0.7769251,0.82050383,0.7933195,0.19477558,0.3805989,0.8678657,0.9401809999999999,0.87539905,0.8624349,0.82458013,0.92862123,0.78610796,0.83334035,0.66754323,0.9265644000000001,0.8579582,0.84307265,0.8929358000000001,0.8130311,0.20543772,0.66551846,0.8737010000000001,0.78981996,0.75048655,0.37592453,0.84767145,0.8961044,0.92998695,0.84540737,0.79924476,0.8358234,0.8559341,0.8963732,0.8448210999999999,0.81824994,0.8132017,0.90042853,0.9213395000000001,0.68461335,0.8763571,0.8936549000000001,0.9351425999999999,0.82612467,0.81668764,0.8648869,0.92804724,0.9134205,0.9146327,0.88776976,0.9371223,0.8444867,0.9237949000000001,0.95425093,0.9401809999999999,0.87539905,0.92862123,0.9265644000000001,0.8961044,0.92998695,0.90042853
8,0.71777606,0.5468625,0.8016890999999999,0.4850626,0.769744,0.8268371999999999,0.4827094,0.8435644,0.0,0.36866808,0.8680631999999999,0.89921534,0.5660234000000001,0.4436375,0.40122128,0.85704714,0.4268942,0.71061873,0.44293314,0.89973056,0.7672869000000001,0.7812571,0.9290613999999999,0.60935116,0.84105605,0.87926966,0.9036629,0.8871298000000001,0.7986854999999999,0.77094907,0.8505978000000001,0.9278271,0.7428127,0.89961356,0.73887813,0.80496603,0.9095314,0.7900444999999999,0.8185805,0.90637976,0.8801101999999998,0.9029732,0.88400775,0.7729775,0.8629732,0.8184326999999999,0.88962734,0.86612165,0.77682847,0.86015487,0.85094017,0.7584016,0.8397374,0.90205705,0.8320108,0.9118042,0.93743116,0.8681555000000001,0.9147322,0.92967564,0.8185805,0.71777606,0.9189888,0.90637976,0.8801101999999998,0.9600581,0.89973056,0.9029732,0.7672869000000001,0.7812571,0.88400775,0.5468625,0.86265254,0.82093775,0.8016890999999999,0.4850626,0.7729775,0.9290613999999999,0.8861834999999999,0.769744,0.8268371999999999,0.4827094,0.60935116,0.89433306,0.8435644,0.7981118,0.81595874,0.0,0.8629732,0.84105605,0.79127216,0.81732476,0.36866808,0.8184326999999999,0.853663,0.88962734,0.87926966,0.86612165,0.77682847,0.8680631999999999,0.89921534,0.86015487,0.876127,0.82748973,0.5660234000000001,0.9036629,0.91897166,0.8871298000000001,0.85094017,0.7986854999999999,0.8763854,0.4436375,0.40122128,0.7584016,0.8397374,0.85704714,0.77094907,0.4268942,0.8505978000000001,0.9278271,0.71061873,0.90205705,0.8301751,0.78924704,0.44293314,0.7428127,0.89961356,0.8320108,0.9118042,0.73887813,0.80496603,0.9095314,0.8107017,0.93743116,0.7900444999999999,0.8681555000000001,0.9147322,0.92967564,0.9189888,0.9600581,0.86265254,0.82093775,0.8861834999999999,0.89433306,0.7981118,0.81595874,0.79127216,0.81732476,0.853663,0.876127,0.82748973,0.91897166,0.8763854,0.8301751,0.78924704,0.8107017
9,0.7648118,0.4401213,0.7627219,0.30807173,0.8029269,0.78276706,0.34703696,0.8842969,0.36866808,0.0,0.84074426,0.81040996,0.74314296,0.49509794,0.47676949999999996,0.8524411,0.49968696,0.79564756,0.49229205,0.88051015,0.8009571999999999,0.8723203000000002,0.9105049000000001,0.69387627,0.8631063,0.89006066,0.94808996,0.92175686,0.8763644,0.8212855,0.8769394,0.94974846,0.82804656,0.9388428,0.75018024,0.8436644,0.94547975,0.8613799000000001,0.7561741999999999,0.9441968000000001,0.86838436,0.9501982,0.8231968000000001,0.75376046,0.71984065,0.8661644000000001,0.8506828000000002,0.83278,0.7262466999999999,0.92709494,0.85424477,0.69545245,0.88403505,0.8871931000000001,0.89797276,0.8696775999999999,0.85256827,0.8565283000000001,0.9304811,0.94643945,0.7561741999999999,0.7648118,0.9298983000000001,0.9441968000000001,0.86838436,0.95092165,0.88051015,0.9501982,0.8009571999999999,0.8723203000000002,0.8231968000000001,0.4401213,0.89361846,0.86562717,0.7627219,0.30807173,0.75376046,0.9105049000000001,0.9075539,0.8029269,0.78276706,0.34703696,0.69387627,0.9197936,0.8842969,0.76975286,0.8402156,0.36866808,0.71984065,0.8631063,0.79371494,0.8184438,0.0,0.8661644000000001,0.8914513000000001,0.8506828000000002,0.89006066,0.83278,0.7262466999999999,0.84074426,0.81040996,0.92709494,0.9076312,0.8778142,0.74314296,0.94808996,0.92661536,0.92175686,0.85424477,0.8763644,0.92225623,0.49509794,0.47676949999999996,0.69545245,0.88403505,0.8524411,0.8212855,0.49968696,0.8769394,0.94974846,0.79564756,0.8871931000000001,0.8116833999999999,0.8720113000000002,0.49229205,0.82804656,0.9388428,0.89797276,0.8696775999999999,0.75018024,0.8436644,0.94547975,0.81951606,0.85256827,0.8613799000000001,0.8565283000000001,0.9304811,0.94643945,0.9298983000000001,0.95092165,0.89361846,0.86562717,0.9075539,0.9197936,0.76975286,0.8402156,0.79371494,0.8184438,0.8914513000000001,0.9076312,0.8778142,0.92661536,0.92225623,0.8116833999999999,0.8720113000000002,0.81951606
10,0.34142047,0.76192915,0.5225127,0.802884,0.5160262,0.22255957,0.79271066,0.19477558,0.8680631999999999,0.84074426,0.0,0.32833773,0.8827517,0.88364017,0.8555521,0.21064603,0.85670096,0.37228227,0.8534708000000001,0.77681637,0.7536814000000001,0.8276905999999999,0.81504744,0.8071574,0.7428816999999999,0.7443335,0.85844994,0.75539416,0.6659672,0.6987078,0.73557603,0.7610464,0.85985106,0.85694355,0.8699950999999999,0.84705853,0.80410075,0.75139713,0.83161837,0.96254313,0.94208866,0.9421245999999999,0.7704880999999999,0.8960101999999999,0.87173957,0.9525344000000001,0.8134577,0.79512453,0.7716571,0.9266559000000001,0.85003835,0.8636332,0.8727834000000001,0.8435299999999999,0.91532737,0.9124058,0.8813771,0.89795184,0.9552274,0.94427425,0.83161837,0.34142047,0.8941600000000001,0.96254313,0.94208866,0.8766221,0.77681637,0.9421245999999999,0.7536814000000001,0.8276905999999999,0.7704880999999999,0.76192915,0.90108156,0.93414164,0.5225127,0.802884,0.8960101999999999,0.81504744,0.909876,0.5160262,0.22255957,0.79271066,0.8071574,0.93403983,0.19477558,0.8554919,0.93846893,0.8680631999999999,0.87173957,0.7428816999999999,0.8511694,0.9102551,0.84074426,0.9525344000000001,0.9785209999999999,0.8134577,0.7443335,0.79512453,0.7716571,0.0,0.32833773,0.9266559000000001,0.95322776,0.9357549999999999,0.8827517,0.85844994,0.9360514000000001,0.75539416,0.85003835,0.6659672,0.95897484,0.88364017,0.8555521,0.8636332,0.8727834000000001,0.21064603,0.6987078,0.85670096,0.73557603,0.7610464,0.37228227,0.8435299999999999,0.8990236999999999,0.95812744,0.8534708000000001,0.85985106,0.85694355,0.91532737,0.9124058,0.8699950999999999,0.84705853,0.80410075,0.9192642,0.8813771,0.75139713,0.89795184,0.9552274,0.94427425,0.8941600000000001,0.8766221,0.90108156,0.93414164,0.909876,0.93403983,0.8554919,0.93846893,0.8511694,0.9102551,0.9785209999999999,0.95322776,0.9357549999999999,0.9360514000000001,0.95897484,0.8990236999999999,0.95812744,0.9192642
11,0.5091454000000001,0.66040057,0.56039953,0.7360481,0.62020576,0.36597276,0.7365953000000001,0.3805989,0.89921534,0.81040996,0.32833773,0.0,0.8677232,0.84950566,0.8079525,0.42986035,0.85550416,0.6292814,0.8157409000000001,0.7465368,0.7820729000000001,0.8850280999999999,0.7625808000000001,0.87719613,0.71351004,0.7009356,0.7414348000000001,0.7805101,0.8075144000000001,0.80743057,0.77451456,0.7687244000000001,0.88646877,0.8175812,0.90217274,0.9080037000000001,0.82819045,0.7888184,0.88889027,0.9842618000000001,0.95096284,0.97128695,0.86171985,0.91283166,0.93122584,0.97487044,0.9070540000000001,0.886352,0.856715,0.9500298,0.8939766,0.9051176,0.9250808,0.89157075,0.95215005,0.94978005,0.89850265,0.93024546,0.9352729,0.8927619000000001,0.88889027,0.5091454000000001,0.8720662,0.9842618000000001,0.95096284,0.8805685999999999,0.7465368,0.97128695,0.7820729000000001,0.8850280999999999,0.86171985,0.66040057,0.88812196,0.88076717,0.56039953,0.7360481,0.91283166,0.7625808000000001,0.9457013000000001,0.62020576,0.36597276,0.7365953000000001,0.87719613,0.86718345,0.3805989,0.8104150999999999,0.88049304,0.89921534,0.93122584,0.71351004,0.758251,0.87387896,0.81040996,0.97487044,0.96083796,0.9070540000000001,0.7009356,0.886352,0.856715,0.32833773,0.0,0.9500298,0.9253322,0.9349108,0.8677232,0.7414348000000001,0.89281094,0.7805101,0.8939766,0.8075144000000001,0.96410906,0.84950566,0.8079525,0.9051176,0.9250808,0.42986035,0.80743057,0.85550416,0.77451456,0.7687244000000001,0.6292814,0.89157075,0.90007293,0.9430803,0.8157409000000001,0.88646877,0.8175812,0.95215005,0.94978005,0.90217274,0.9080037000000001,0.82819045,0.889969,0.89850265,0.7888184,0.93024546,0.9352729,0.8927619000000001,0.8720662,0.8805685999999999,0.88812196,0.88076717,0.9457013000000001,0.86718345,0.8104150999999999,0.88049304,0.758251,0.87387896,0.96083796,0.9253322,0.9349108,0.89281094,0.96410906,0.90007293,0.9430803,0.889969
12,0.71454173,0.6188023,0.8179732,0.7173214,0.787504,0.82703483,0.7112043,0.8624349,0.5660234000000001,0.74314296,0.8827517,0.8677232,5.960464499999999e-08,0.73428524,0.6675267,0.8460028,0.52086943,0.7733817,0.7459912,0.8921329,0.8359546999999998,0.9255053,0.8948624,0.84826857,0.74503684,0.79734373,0.8608178,0.8719680000000001,0.92234963,0.88328755,0.850081,0.8705896000000001,0.9116603999999999,0.8890428,0.8913822,0.9254610999999999,0.87082934,0.8627235999999999,0.9327749,0.9469234000000001,0.9599885,0.9163111999999999,0.9063008,0.8386793,0.8958606,0.88383365,0.91919684,0.9115103000000001,0.8355913,0.9497576999999999,0.88642323,0.8899913,0.9261223,0.9228175,0.9553934000000001,0.9541244000000001,0.9413992,0.9499378,0.755283,0.81540084,0.9327749,0.71454173,0.8293107,0.9469234000000001,0.9599885,0.8880288000000001,0.8921329,0.9163111999999999,0.8359546999999998,0.9255053,0.9063008,0.6188023,0.6656416,0.74444115,0.8179732,0.7173214,0.8386793,0.8948624,0.76588804,0.787504,0.82703483,0.7112043,0.84826857,0.7677413000000001,0.8624349,0.734805,0.80425054,0.5660234000000001,0.8958606,0.74503684,0.6702031999999999,0.78394973,0.74314296,0.88383365,0.7333859,0.91919684,0.79734373,0.9115103000000001,0.8355913,0.8827517,0.8677232,0.9497576999999999,0.7211221999999999,0.6492175,5.960464499999999e-08,0.8608178,0.8659382999999999,0.8719680000000001,0.88642323,0.92234963,0.6711205,0.73428524,0.6675267,0.8899913,0.9261223,0.8460028,0.88328755,0.52086943,0.850081,0.8705896000000001,0.7733817,0.9228175,0.67333597,0.7257701999999999,0.7459912,0.9116603999999999,0.8890428,0.9553934000000001,0.9541244000000001,0.8913822,0.9254610999999999,0.87082934,0.6750845999999999,0.9413992,0.8627235999999999,0.9499378,0.755283,0.81540084,0.8293107,0.8880288000000001,0.6656416,0.74444115,0.76588804,0.7677413000000001,0.734805,0.80425054,0.6702031999999999,0.78394973,0.7333859,0.7211221999999999,0.6492175,0.8659382999999999,0.6711205,0.67333597,0.7257701999999999,0.6750845999999999
13,0.70124227,0.52098507,0.82748187,0.53034794,0.76119906,0.82278013,0.50539815,0.8579582,0.4436375,0.49509794,0.88364017,0.84950566,0.73428524,0.0,0.31008017,0.8806207,0.60851514,0.7172141,0.29762328,0.8566828000000002,0.7862059,0.76384056,0.9075539,0.666938,0.81165946,0.81239796,0.86076367,0.85220283,0.7897218,0.7101460999999999,0.8392475,0.8668678,0.65071404,0.8831610000000001,0.6572475999999999,0.78938025,0.8376875,0.74637115,0.8047211,0.91399956,0.90575844,0.90675265,0.89158773,0.8485328999999999,0.8544811,0.89718723,0.87693405,0.8365308000000001,0.8468323,0.84670866,0.8463298,0.82339597,0.8814344000000001,0.9122326,0.77919745,0.9186835999999999,0.93817484,0.8045511,0.94491863,0.9163022,0.8047211,0.70124227,0.9488406999999999,0.91399956,0.90575844,0.97207636,0.8566828000000002,0.90675265,0.7862059,0.76384056,0.89158773,0.52098507,0.9207555000000001,0.8075409,0.82748187,0.53034794,0.8485328999999999,0.9075539,0.9383358,0.76119906,0.82278013,0.50539815,0.666938,0.8903687,0.8579582,0.8112899,0.80699676,0.4436375,0.8544811,0.81165946,0.83913994,0.84542537,0.49509794,0.89718723,0.8939715,0.87693405,0.81239796,0.8365308000000001,0.8468323,0.88364017,0.84950566,0.84670866,0.83969843,0.92504805,0.73428524,0.86076367,0.8883791999999999,0.85220283,0.8463298,0.7897218,0.93507636,0.0,0.31008017,0.82339597,0.8814344000000001,0.8806207,0.7101460999999999,0.60851514,0.8392475,0.8668678,0.7172141,0.9122326,0.90374476,0.9119109000000001,0.29762328,0.65071404,0.8831610000000001,0.77919745,0.9186835999999999,0.6572475999999999,0.78938025,0.8376875,0.8278638,0.93817484,0.74637115,0.8045511,0.94491863,0.9163022,0.9488406999999999,0.97207636,0.9207555000000001,0.8075409,0.9383358,0.8903687,0.8112899,0.80699676,0.83913994,0.84542537,0.8939715,0.83969843,0.92504805,0.8883791999999999,0.93507636,0.90374476,0.9119109000000001,0.8278638
14,0.69698435,0.45945203,0.770821,0.44900143,0.75990844,0.81381714,0.31619644,0.84307265,0.40122128,0.47676949999999996,0.8555521,0.8079525,0.6675267,0.31008017,0.0,0.85846037,0.49334824,0.7347020000000001,0.15353042,0.76278126,0.67629886,0.7293428000000001,0.8342233,0.52630013,0.67241615,0.74317575,0.8033048,0.7587557,0.70022476,0.6160441999999999,0.70974904,0.7993121,0.6233776999999999,0.83159065,0.64597964,0.7513398,0.7647191,0.6874262,0.83621156,0.9112425,0.8957113000000001,0.92282826,0.90888566,0.8136979999999999,0.8894892,0.87774885,0.9018156999999999,0.8740034,0.8522259,0.8605242000000001,0.8719053,0.787417,0.87066066,0.90547514,0.8283341999999999,0.9236261,0.90195614,0.84059525,0.9419514000000001,0.7956579,0.83621156,0.69698435,0.91332924,0.9112425,0.8957113000000001,0.97270876,0.76278126,0.92282826,0.67629886,0.7293428000000001,0.90888566,0.45945203,0.900114,0.73764944,0.770821,0.44900143,0.8136979999999999,0.8342233,0.9379421,0.75990844,0.81381714,0.31619644,0.52630013,0.7973448000000001,0.84307265,0.72830987,0.7401304,0.40122128,0.8894892,0.67241615,0.69908845,0.77135617,0.47676949999999996,0.87774885,0.8903731,0.9018156999999999,0.74317575,0.8740034,0.8522259,0.8555521,0.8079525,0.8605242000000001,0.81091404,0.8695965,0.6675267,0.8033048,0.85102797,0.7587557,0.8719053,0.70022476,0.91418433,0.31008017,0.0,0.787417,0.87066066,0.85846037,0.6160441999999999,0.49334824,0.70974904,0.7993121,0.7347020000000001,0.90547514,0.8606111999999999,0.8949560999999999,0.15353042,0.6233776999999999,0.83159065,0.8283341999999999,0.9236261,0.64597964,0.7513398,0.7647191,0.7182555,0.90195614,0.6874262,0.84059525,0.9419514000000001,0.7956579,0.91332924,0.97270876,0.900114,0.73764944,0.9379421,0.7973448000000001,0.72830987,0.7401304,0.69908845,0.77135617,0.8903731,0.81091404,0.8695965,0.85102797,0.91418433,0.8606111999999999,0.8949560999999999,0.7182555
15,0.42394269999999995,0.77451074,0.45405495,0.83207357,0.5222081000000001,0.20946443,0.8278895000000001,0.20543772,0.85704714,0.8524411,0.21064603,0.42986035,0.8460028,0.8806207,0.85846037,1.1920928999999999e-07,0.86792624,0.44015265,0.89228565,0.87939334,0.7405210999999999,0.83440983,0.91228163,0.82103753,0.8380475000000001,0.8350158999999999,0.9008877000000001,0.8554405,0.7517022,0.7502247,0.8557476999999999,0.8238957,0.8525994,0.8934576,0.8780066999999999,0.84319293,0.8501605999999999,0.73323774,0.8292344000000001,0.970657,0.9473298000000001,0.9411370000000001,0.74912626,0.8845841,0.89867693,0.96147835,0.8118396999999999,0.7420964,0.7395303000000001,0.9322825000000001,0.8849226,0.8567108,0.85898733,0.8365937,0.9057434999999999,0.93855274,0.9031222,0.93357825,0.9053450999999999,0.9559742,0.8292344000000001,0.42394269999999995,0.8088484,0.970657,0.9473298000000001,0.8263729,0.87939334,0.9411370000000001,0.7405210999999999,0.83440983,0.74912626,0.77451074,0.8016633000000001,0.93199044,0.45405495,0.83207357,0.8845841,0.91228163,0.90466774,0.5222081000000001,0.20946443,0.8278895000000001,0.82103753,0.9353855999999999,0.20543772,0.86573184,0.9400523999999999,0.85704714,0.89867693,0.8380475000000001,0.8448171,0.91898245,0.8524411,0.96147835,0.95156956,0.8118396999999999,0.8350158999999999,0.7420964,0.7395303000000001,0.21064603,0.42986035,0.9322825000000001,0.9431011999999999,0.9090630999999999,0.8460028,0.9008877000000001,0.9444759,0.8554405,0.8849226,0.7517022,0.9160229,0.8806207,0.85846037,0.8567108,0.85898733,1.1920928999999999e-07,0.7502247,0.86792624,0.8557476999999999,0.8238957,0.44015265,0.8365937,0.8589902,0.8997277,0.89228565,0.8525994,0.8934576,0.9057434999999999,0.93855274,0.8780066999999999,0.84319293,0.8501605999999999,0.90401167,0.9031222,0.73323774,0.93357825,0.9053450999999999,0.9559742,0.8088484,0.8263729,0.8016633000000001,0.93199044,0.90466774,0.9353855999999999,0.86573184,0.9400523999999999,0.8448171,0.91898245,0.95156956,0.9431011999999999,0.9090630999999999,0.9444759,0.9160229,0.8589902,0.8997277,0.90401167
16,0.62559414,0.4772768,0.78056806,0.43008602,0.7510839,0.8414929,0.41617250000000006,0.8737010000000001,0.4268942,0.49968696,0.85670096,0.85550416,0.52086943,0.60851514,0.49334824,0.86792624,1.1920928999999999e-07,0.7008141,0.5946764,0.9091824000000001,0.7069905,0.8007905,0.90290016,0.5901153,0.7976903000000001,0.84631276,0.813606,0.8684396999999999,0.83417624,0.70968825,0.83804524,0.9363874,0.740219,0.93025804,0.7133702,0.8370841999999998,0.8892009,0.76962554,0.8966959999999999,0.91769296,0.9269347,0.91258425,0.88702786,0.7905776999999999,0.85256344,0.8807261999999999,0.89693135,0.9159975,0.77033114,0.92125773,0.8702291999999999,0.7131363000000001,0.86466104,0.9154594000000001,0.89753926,0.9201059000000001,0.9367781999999999,0.9180094000000001,0.797203,0.8324171999999999,0.8966959999999999,0.62559414,0.8630549999999999,0.91769296,0.9269347,0.91285646,0.9091824000000001,0.91258425,0.7069905,0.8007905,0.88702786,0.4772768,0.8722628000000001,0.8414606,0.78056806,0.43008602,0.7905776999999999,0.90290016,0.85648537,0.7510839,0.8414929,0.41617250000000006,0.5901153,0.82189673,0.8737010000000001,0.7783495,0.842252,0.4268942,0.85256344,0.7976903000000001,0.73905814,0.8702117,0.49968696,0.8807261999999999,0.78854835,0.89693135,0.84631276,0.9159975,0.77033114,0.85670096,0.85550416,0.92125773,0.8436144,0.80812895,0.52086943,0.813606,0.8528382999999999,0.8684396999999999,0.8702291999999999,0.83417624,0.84346056,0.60851514,0.49334824,0.7131363000000001,0.86466104,0.86792624,0.70968825,1.1920928999999999e-07,0.83804524,0.9363874,0.7008141,0.9154594000000001,0.84015465,0.76361054,0.5946764,0.740219,0.93025804,0.89753926,0.9201059000000001,0.7133702,0.8370841999999998,0.8892009,0.8397813000000001,0.9367781999999999,0.76962554,0.9180094000000001,0.797203,0.8324171999999999,0.8630549999999999,0.91285646,0.8722628000000001,0.8414606,0.85648537,0.82189673,0.7783495,0.842252,0.73905814,0.8702117,0.78854835,0.8436144,0.80812895,0.8528382999999999,0.84346056,0.84015465,0.76361054,0.8397813000000001
17,0.2547047,0.69176745,0.5640849,0.7540406,0.34303390000000006,0.4534787,0.72576493,0.37592453,0.71061873,0.79564756,0.37228227,0.6292814,0.7733817,0.7172141,0.7347020000000001,0.44015265,0.7008141,0.0,0.7310531,0.85076743,0.7821609,0.7359732,0.8952538000000001,0.7486955,0.7717344,0.7934413,0.8527398000000002,0.7506859,0.59880376,0.61879885,0.78444135,0.76832104,0.7512469,0.85725427,0.82559454,0.81857693,0.7655958,0.6933104999999999,0.7887439,0.95408446,0.9397799000000001,0.9264399,0.80497736,0.8673062,0.86165214,0.9524646000000001,0.78716683,0.72984874,0.7340069,0.9113424999999999,0.8853188,0.8370421999999998,0.8843068000000001,0.810344,0.86046004,0.92807746,0.89176553,0.90123373,0.936948,0.9358976999999999,0.7887439,0.2547047,0.93361706,0.95408446,0.9397799000000001,0.9317232,0.85076743,0.9264399,0.7821609,0.7359732,0.80497736,0.69176745,0.8924771,0.92812675,0.5640849,0.7540406,0.8673062,0.8952538000000001,0.94424903,0.34303390000000006,0.4534787,0.72576493,0.7486955,0.9411669,0.37592453,0.85244006,0.9490824000000001,0.71061873,0.86165214,0.7717344,0.87635076,0.92937845,0.79564756,0.9524646000000001,0.9815191999999999,0.78716683,0.7934413,0.72984874,0.7340069,0.37228227,0.6292814,0.9113424999999999,0.94817233,0.9192232,0.7733817,0.8527398000000002,0.9458805,0.7506859,0.8853188,0.59880376,0.9441414,0.7172141,0.7347020000000001,0.8370421999999998,0.8843068000000001,0.44015265,0.61879885,0.7008141,0.78444135,0.76832104,0.0,0.810344,0.95069605,0.94936013,0.7310531,0.7512469,0.85725427,0.86046004,0.92807746,0.82559454,0.81857693,0.7655958,0.92019665,0.89176553,0.6933104999999999,0.90123373,0.936948,0.9358976999999999,0.93361706,0.9317232,0.8924771,0.92812675,0.94424903,0.9411669,0.85244006,0.9490824000000001,0.87635076,0.92937845,0.9815191999999999,0.94817233,0.9192232,0.9458805,0.9441414,0.95069605,0.94936013,0.92019665
18,0.7587559,0.54127675,0.7993427,0.5193144000000001,0.7867288,0.8467135,0.41437978,0.84540737,0.44293314,0.49229205,0.8534708000000001,0.8157409000000001,0.7459912,0.29762328,0.15353042,0.89228565,0.5946764,0.7310531,2.3841857999999997e-07,0.7640912,0.7065664,0.699919,0.8434912,0.5944967,0.7238656,0.76401186,0.8524011999999999,0.7214371,0.6726281999999999,0.6251538000000001,0.7195005999999999,0.79868776,0.5927093000000001,0.8169536000000001,0.6143607,0.71465635,0.7796923000000001,0.68094754,0.8228388000000001,0.91532105,0.8891431000000001,0.92683876,0.91763175,0.8480458000000001,0.86997736,0.8845431999999999,0.8892462999999999,0.86489934,0.8865968000000001,0.86389005,0.89677995,0.8163526999999999,0.8996959999999999,0.927442,0.82161844,0.9235856,0.8833553,0.82892084,0.93810433,0.7927761,0.8228388000000001,0.7587559,0.93375844,0.91532105,0.8891431000000001,0.9716530000000001,0.7640912,0.92683876,0.7065664,0.699919,0.91763175,0.54127675,0.93706906,0.7816454,0.7993427,0.5193144000000001,0.8480458000000001,0.8434912,0.9377924999999999,0.7867288,0.8467135,0.41437978,0.5944967,0.8177215,0.84540737,0.7413887,0.74451745,0.44293314,0.86997736,0.7238656,0.7373115,0.7648843000000001,0.49229205,0.8845431999999999,0.9161446,0.8892462999999999,0.76401186,0.86489934,0.8865968000000001,0.8534708000000001,0.8157409000000001,0.86389005,0.8265468,0.8867472,0.7459912,0.8524011999999999,0.8561545,0.7214371,0.89677995,0.6726281999999999,0.9264356,0.29762328,0.15353042,0.8163526999999999,0.8996959999999999,0.89228565,0.6251538000000001,0.5946764,0.7195005999999999,0.79868776,0.7310531,0.927442,0.8960296999999998,0.93126345,2.3841857999999997e-07,0.5927093000000001,0.8169536000000001,0.82161844,0.9235856,0.6143607,0.71465635,0.7796923000000001,0.73695344,0.8833553,0.68094754,0.82892084,0.93810433,0.7927761,0.93375844,0.9716530000000001,0.93706906,0.7816454,0.9377924999999999,0.8177215,0.7413887,0.74451745,0.7373115,0.7648843000000001,0.9161446,0.8265468,0.8867472,0.8561545,0.9264356,0.8960296999999998,0.93126345,0.73695344
